4.13803 2.63874 -0.148413 -5.25071 -5.03186 3.72985 3.83513 5.62069 1.27161 4.27874 -2.2838 0.36892 
-3.88406 -3.1378 5.24499 -4.61842 -6.07803 4.95483 3.36826 -0.435832 0.432324 -4.73801 5.86468 5.66036 
-3.88406 -3.1378 5.24499 -4.61842 -6.07803 4.95483 3.36826 -0.435832 0.432324 -4.73801 5.86468 5.66036 
-3.88406 -3.1378 5.24499 -4.61842 -6.07803 4.95483 3.36826 -0.435832 0.432324 -4.73801 5.86468 5.66036 
5.88327 0.166649 -6.1022 -5.67653 2.87203 -1.34095 -6.11886 -5.7695 0.628643 5.12063 -2.92242 -5.66531 
4.82975 1.41427 -4.93666 -2.14928 -1.67999 -0.00855667 -6.11886 -6.03746 3.63718 -5.82423 1.38439 -4.43573 
4.82975 1.41427 -4.93666 -2.14928 -1.67999 -0.00855667 -6.11886 -6.03746 3.63718 -5.82423 1.38439 -4.43573 
4.82975 1.41427 -4.93666 -2.14928 -1.67999 -0.00855667 -6.11886 -6.03746 3.63718 -5.82423 1.38439 -4.43573 
-5.65194 -5.13878 -6.1022 -4.87163 -2.88703 -4.70448 4.03552 -0.0828975 -5.93238 5.64576 -5.78049 -4.18321 
-5.65194 -5.13878 -6.1022 -4.87163 -2.88703 -4.70448 4.03552 -0.0828975 -5.93238 5.64576 -5.78049 -4.18321 
-5.65194 -5.13878 -6.1022 -4.87163 -2.88703 -4.70448 4.03552 -0.0828975 -5.93238 5.64576 -5.78049 -4.18321 
-5.65194 -5.13878 -6.1022 -4.87163 -2.88703 -4.70448 4.03552 -0.0828975 -5.93238 5.64576 -5.78049 -4.18321 
-5.65194 -5.13878 -6.1022 -4.87163 -2.88703 -4.70448 4.03552 -0.0828975 -5.93238 5.64576 -5.78049 -4.18321 
-5.65194 5.43904 3.14536 2.7108 -3.48769 1.75659 3.92338 -0.0828975 -6.26635 5.90745 -5.78049 5.37092 
5.46192 3.16278 -5.9341 -4.87163 -6.07803 -0.730092 4.03552 -0.0828975 5.55893 -6.21057 -2.92242 4.59943 
5.46192 3.16278 -5.9341 -4.87163 -6.07803 -0.730092 4.03552 -0.0828975 5.55893 -6.21057 -2.92242 4.59943 
5.46192 3.16278 -5.9341 -4.87163 -6.07803 -0.730092 4.03552 -0.0828975 5.55893 -6.21057 -2.92242 4.59943 
5.46192 3.16278 -5.9341 -4.87163 -6.07803 -0.730092 4.03552 -0.0828975 5.55893 -6.21057 -2.92242 4.59943 
5.46192 3.16278 -5.9341 -4.87163 -6.07803 -0.730092 4.03552 -0.0828975 5.55893 -6.21057 -2.92242 4.59943 
5.46192 3.16278 -5.9341 -4.87163 -6.07803 -0.730092 4.03552 -0.0828975 5.55893 -6.21057 -2.92242 4.59943 
5.46192 3.16278 -5.9341 -4.87163 -6.07803 -0.730092 4.03552 -0.0828975 5.55893 -6.21057 -2.92242 4.59943 
5.46192 3.16278 -5.9341 -4.87163 -6.07803 -0.730092 4.03552 -0.0828975 5.55893 -6.21057 -2.92242 4.59943 
5.46192 3.16278 -5.9341 -4.87163 -6.07803 -0.730092 4.03552 -0.0828975 5.55893 -6.21057 -2.92242 4.59943 
5.46192 3.16278 -5.9341 -4.87163 -6.07803 -0.730092 4.03552 -0.0828975 5.55893 -6.21057 -2.92242 4.59943 
5.46192 3.16278 -5.9341 -4.87163 -6.07803 -0.730092 4.03552 -0.0828975 5.55893 -6.21057 -2.92242 4.59943 
5.46192 3.16278 -5.9341 -4.87163 -6.07803 -0.730092 4.03552 -0.0828975 5.55893 -6.21057 -2.92242 4.59943 
5.46192 3.16278 -5.9341 -4.87163 -6.07803 -0.730092 4.03552 -0.0828975 5.55893 -6.21057 -2.92242 4.59943 
5.46192 3.16278 -5.9341 -4.87163 -6.07803 -0.730092 4.03552 -0.0828975 5.55893 -6.21057 -2.92242 4.59943 
-5.69374 0.166649 -4.0476 0.727942 2.88482 -0.730092 4.03552 -0.0828975 -5.93238 -6.21057 -5.78049 -4.42585 
-5.69374 0.166649 -4.0476 0.727942 2.88482 -0.730092 4.03552 -0.0828975 -5.93238 -6.21057 -5.78049 -4.42585 
-5.69374 0.166649 -4.0476 0.727942 2.88482 -0.730092 4.03552 -0.0828975 -5.93238 -6.21057 -5.78049 -4.42585 
-5.69374 0.166649 -4.0476 0.727942 2.88482 -0.730092 4.03552 -0.0828975 -5.93238 -6.21057 -5.78049 -4.42585 
-5.69374 0.166649 -4.0476 0.727942 2.88482 -0.730092 4.03552 -0.0828975 -5.93238 -6.21057 -5.78049 -4.42585 
-5.69374 0.166649 -4.0476 0.727942 2.88482 -0.730092 4.03552 -0.0828975 -5.93238 -6.21057 -5.78049 -4.42585 
-5.65194 5.51566 -5.71513 -3.1498 3.92464 -0.730092 4.03552 -0.0828975 -6.26635 5.90745 -5.78049 -4.63649 
-5.65194 5.51566 -5.71513 -3.1498 3.92464 -0.730092 4.03552 -0.0828975 -6.26635 5.90745 -5.78049 -4.63649 
-5.65194 5.51566 -5.71513 -3.1498 3.92464 -0.730092 4.03552 -0.0828975 -6.26635 5.90745 -5.78049 -4.63649 
-5.65194 5.51566 -5.71513 -3.1498 3.92464 -0.730092 4.03552 -0.0828975 -6.26635 5.90745 -5.78049 -4.63649 
-5.65194 5.51566 -5.71513 -3.1498 3.92464 -0.730092 4.03552 -0.0828975 -6.26635 5.90745 -5.78049 -4.63649 
5.39425 -1.38901 5.24499 -4.87163 -6.07803 -0.730092 4.03552 -0.0828975 -5.93238 -6.21057 5.86468 -1.09756 
5.39425 -1.38901 5.24499 -4.87163 -6.07803 -0.730092 4.03552 -0.0828975 -5.93238 -6.21057 5.86468 -1.09756 
5.39425 -1.38901 5.24499 -4.87163 -6.07803 -0.730092 4.03552 -0.0828975 -5.93238 -6.21057 5.86468 -1.09756 
-5.65194 5.51566 -1.14507 -4.87163 -6.07803 6.06856 4.03552 -0.0828975 -6.26635 -5.78612 -5.78049 -5.04537 
-5.65194 5.51566 -1.14507 -4.87163 -6.07803 6.06856 4.03552 -0.0828975 -6.26635 -5.78612 -5.78049 -5.04537 
-5.65194 5.51566 -1.14507 -4.87163 -6.07803 6.06856 4.03552 -0.0828975 -6.26635 -5.78612 -5.78049 -5.04537 
-5.65194 5.51566 -1.14507 -4.87163 -6.07803 6.06856 4.03552 -0.0828975 -6.26635 -5.78612 -5.78049 -5.04537 
-5.65194 5.51566 -1.14507 -4.87163 -6.07803 6.06856 4.03552 -0.0828975 -6.26635 -5.78612 -5.78049 -5.04537 
5.39425 0.544621 3.34169 -4.87163 -6.07803 -0.730092 4.03552 -0.0828975 -5.93238 -6.21057 5.86468 -1.09756 
-5.69374 0.166649 -4.0476 -4.87163 -6.07803 -6.14593 4.03552 -0.0828975 -6.26635 -5.78612 -5.78049 -4.63649 
-5.69374 0.166649 -4.0476 -4.87163 -6.07803 -6.14593 4.03552 -0.0828975 -6.26635 -5.78612 -5.78049 -4.63649 
-5.69374 0.166649 -4.0476 -4.87163 -6.07803 -6.14593 4.03552 -0.0828975 -6.26635 -5.78612 -5.78049 -4.63649 
-5.69374 0.166649 -4.0476 -4.87163 -6.07803 -6.14593 4.03552 -0.0828975 -6.26635 -5.78612 -5.78049 -4.63649 
-5.69374 0.166649 -4.0476 -4.87163 -6.07803 -6.14593 4.03552 -0.0828975 -6.26635 -5.78612 -5.78049 -4.63649 
-5.69374 0.166649 -4.0476 -4.87163 -6.07803 -6.14593 4.03552 -0.0828975 -6.26635 -5.78612 -5.78049 -4.63649 
-5.69374 0.166649 -4.0476 -4.87163 -6.07803 -6.14593 4.03552 -0.0828975 -6.26635 -5.78612 -5.78049 -4.63649 
-5.69374 0.166649 -4.0476 -4.87163 -6.07803 -6.14593 4.03552 -0.0828975 -6.26635 -5.78612 -5.78049 -4.63649 
-5.69374 0.166649 -4.0476 -4.87163 -6.07803 -6.14593 4.03552 -0.0828975 -6.26635 -5.78612 -5.78049 -4.63649 
-5.69374 0.166649 -4.0476 -4.87163 -6.07803 -6.14593 4.03552 -0.0828975 -6.26635 -5.78612 -5.78049 -4.63649 
-5.69374 0.166649 -4.0476 -4.87163 -6.07803 -6.14593 4.03552 -0.0828975 -6.26635 -5.78612 -5.78049 -4.63649 
-5.69374 0.166649 -4.0476 -4.87163 -6.07803 -6.14593 4.03552 -0.0828975 -6.26635 -5.78612 -5.78049 -4.63649 
-5.69374 0.166649 -4.0476 -4.87163 -6.07803 -6.14593 4.03552 -0.0828975 -6.26635 -5.78612 -5.78049 -4.63649 
-5.69374 0.166649 -4.0476 -4.87163 -6.07803 -6.14593 4.03552 -0.0828975 -6.26635 -5.78612 -5.78049 -4.63649 
-5.69374 0.166649 -4.0476 -4.87163 -6.07803 -6.14593 4.03552 -0.0828975 -6.26635 -5.78612 -5.78049 -4.63649 
-5.69374 0.166649 -4.0476 -4.87163 -6.07803 -6.14593 4.03552 -0.0828975 -6.26635 -5.78612 -5.78049 -4.63649 
-5.69374 0.166649 -4.0476 -4.87163 -6.07803 -6.14593 4.03552 -0.0828975 -6.26635 -5.78612 -5.78049 -4.63649 
-5.69374 0.166649 -4.0476 -4.87163 -6.07803 -6.14593 4.03552 -0.0828975 -6.26635 -5.78612 -5.78049 -4.63649 
-5.69374 0.166649 -4.0476 -4.87163 -6.07803 -6.14593 4.03552 -0.0828975 -6.26635 -5.78612 -5.78049 -4.63649 
-5.69374 0.166649 -4.0476 -4.87163 -6.07803 -6.14593 4.03552 -0.0828975 -6.26635 -5.78612 -5.78049 -4.63649 
-5.69374 0.166649 -4.0476 -4.87163 -6.07803 -6.14593 4.03552 -0.0828975 -6.26635 -5.78612 -5.78049 -4.63649 
-5.69374 0.166649 -4.0476 -4.87163 -6.07803 -6.14593 4.03552 -0.0828975 -6.26635 -5.78612 -5.78049 -4.63649 
-5.69374 0.166649 -4.0476 -4.87163 -6.07803 -6.14593 4.03552 -0.0828975 -6.26635 -5.78612 -5.78049 -4.63649 
-5.69374 0.166649 -4.0476 -4.87163 -6.07803 -6.14593 4.03552 -0.0828975 -6.26635 -5.78612 -5.78049 -4.63649 
-5.69374 0.166649 -4.0476 -4.87163 -6.07803 -6.14593 4.03552 -0.0828975 -6.26635 -5.78612 -5.78049 -4.63649 
-5.69374 0.166649 -4.0476 -4.87163 -6.07803 -6.14593 4.03552 -0.0828975 -6.26635 -5.78612 -5.78049 -4.63649 
-5.69374 0.166649 -4.0476 -5.57727 -6.07803 -6.14593 4.03552 -0.0828975 -6.26635 -6.21057 -5.78049 -4.42585 
-5.69374 0.166649 -4.0476 -5.57727 -6.07803 -6.14593 4.03552 -0.0828975 -6.26635 -6.21057 -5.78049 -4.42585 
-5.69374 0.166649 -4.0476 -5.57727 -6.07803 -6.14593 4.03552 -0.0828975 -6.26635 -6.21057 -5.78049 -4.42585 
-5.69374 0.166649 -4.0476 -5.57727 -6.07803 -6.14593 4.03552 -0.0828975 -6.26635 -6.21057 -5.78049 -4.42585 
-5.69374 0.166649 -4.0476 -5.57727 -6.07803 -6.14593 4.03552 -0.0828975 -6.26635 -6.21057 -5.78049 -4.42585 
-5.69374 0.166649 -4.0476 -5.57727 -6.07803 -6.14593 4.03552 -0.0828975 -6.26635 -6.21057 -5.78049 -4.42585 
-5.69374 0.166649 -4.0476 -5.57727 -6.07803 -6.14593 4.03552 -0.0828975 -6.26635 -6.21057 -5.78049 -4.42585 
-5.69374 0.166649 -4.0476 -5.29362 -6.07803 -6.14593 4.03552 -0.0828975 -6.26635 -5.78612 -5.78049 -4.63649 
-5.69374 0.166649 -4.0476 -5.29362 -6.07803 -6.14593 4.03552 -0.0828975 -6.26635 -5.78612 -5.78049 -4.63649 
-5.69374 0.166649 -4.0476 -5.29362 -6.07803 -6.14593 4.03552 -0.0828975 -6.26635 -5.78612 -5.78049 -4.63649 
-5.69374 0.166649 -4.0476 -5.29362 -6.07803 -6.14593 4.03552 -0.0828975 -6.26635 -5.78612 -5.78049 -4.63649 
-5.69374 0.166649 -4.0476 -5.29362 -6.07803 -6.14593 4.03552 -0.0828975 -6.26635 -5.78612 -5.78049 -4.63649 
-5.69374 0.166649 -4.0476 -5.29362 -6.07803 -6.14593 4.03552 -0.0828975 -6.26635 -5.78612 -5.78049 -4.63649 
-5.69374 0.166649 -4.0476 -5.29362 -6.07803 -6.14593 4.03552 -0.0828975 -6.26635 -5.78612 -5.78049 -4.63649 
-5.69374 0.166649 -4.0476 -5.29362 -6.07803 -6.14593 4.03552 -0.0828975 -6.26635 -5.78612 -5.78049 -4.63649 
-5.69374 0.166649 -4.0476 -5.29362 -6.07803 -6.14593 4.03552 -0.0828975 -6.26635 -5.78612 -5.78049 -4.63649 
-5.69374 0.166649 -4.0476 -5.29362 -6.07803 -6.14593 4.03552 -0.0828975 -6.26635 -5.78612 -5.78049 -4.63649 
-5.69374 0.166649 -4.0476 -5.29362 -6.07803 -6.14593 4.03552 -0.0828975 -6.26635 -5.78612 -5.78049 -4.63649 
-5.69374 0.166649 -4.0476 -5.29362 -6.07803 -6.14593 4.03552 -0.0828975 -6.26635 -5.78612 -5.78049 -4.63649 
-5.69374 0.166649 -4.0476 -5.29362 -6.07803 -6.14593 4.03552 -0.0828975 -6.26635 -5.78612 -5.78049 -4.63649 
-5.69374 0.166649 -4.0476 -5.29362 -6.07803 -6.14593 4.03552 -0.0828975 -6.26635 -5.78612 -5.78049 -4.63649 
-5.69374 0.166649 -4.0476 -5.29362 -6.07803 -6.14593 4.03552 -0.0828975 -6.26635 -5.78612 -5.78049 -4.63649 
-5.69374 0.166649 -4.0476 -5.29362 -6.07803 -6.14593 4.03552 -0.0828975 -6.26635 -5.78612 -5.78049 -4.63649 
-5.69374 0.166649 -4.0476 -5.29362 -6.07803 -6.14593 4.03552 -0.0828975 -6.26635 -5.78612 -5.78049 -4.63649 
-5.69374 0.166649 -4.0476 -5.29362 -6.07803 -6.14593 4.03552 -0.0828975 -6.26635 -5.78612 -5.78049 -4.63649 
-5.69374 0.166649 -4.0476 -5.29362 -6.07803 -6.14593 4.03552 -0.0828975 -6.26635 -5.78612 -5.78049 -4.63649 
-5.69374 0.166649 -4.0476 -5.29362 -6.07803 -6.14593 4.03552 -0.0828975 -6.26635 -5.78612 -5.78049 -4.63649 
-5.69374 0.166649 -4.0476 -5.29362 -6.07803 -6.14593 4.03552 -0.0828975 -6.26635 -5.78612 -5.78049 -4.63649 
-5.69374 0.166649 -4.0476 -5.29362 -6.07803 -6.14593 4.03552 -0.0828975 -6.26635 -5.78612 -5.78049 -4.63649 
-5.69374 0.166649 -4.0476 -5.29362 -6.07803 -6.14593 4.03552 -0.0828975 -6.26635 -5.78612 -5.78049 -4.63649 
-5.69374 0.166649 -4.0476 -5.29362 -6.07803 -6.14593 4.03552 -0.0828975 -6.26635 -5.78612 -5.78049 -4.63649 
-5.69374 0.166649 -4.0476 -5.29362 -6.07803 -6.14593 4.03552 -0.0828975 -6.26635 -5.78612 -5.78049 -4.63649 
-5.69374 0.166649 -4.0476 -5.29362 -6.07803 -6.14593 4.03552 -0.0828975 -6.26635 -5.78612 -5.78049 -4.63649 
-5.69374 0.166649 -4.0476 -5.29362 -6.07803 -6.14593 4.03552 -0.0828975 -6.26635 -5.78612 -5.78049 -4.63649 
-5.69374 0.166649 -4.0476 -5.29362 -6.07803 -6.14593 4.03552 -0.0828975 -6.26635 -5.78612 -5.78049 -4.63649 
-5.69374 0.166649 -4.0476 -5.29362 -6.07803 -6.14593 4.03552 -0.0828975 -6.26635 -5.78612 -5.78049 -4.63649 
-5.69374 0.166649 -4.0476 -5.29362 -6.07803 -6.14593 4.03552 -0.0828975 -6.26635 -5.78612 -5.78049 -4.63649 
-5.69374 0.166649 -4.0476 -5.29362 -6.07803 -6.14593 4.03552 -0.0828975 -6.26635 -5.78612 -5.78049 -4.63649 
-5.69374 0.166649 -4.0476 -5.29362 -6.07803 -6.14593 4.03552 -0.0828975 -6.26635 -5.78612 -5.78049 -4.63649 
-5.69374 0.166649 -4.0476 -5.29362 -6.07803 -6.14593 4.03552 -0.0828975 -6.26635 -5.78612 -5.78049 -4.63649 
-5.69374 0.166649 -4.0476 -5.29362 -6.07803 -6.14593 4.03552 -0.0828975 -6.26635 -5.78612 -5.78049 -4.63649 
-5.69374 0.166649 -4.0476 -5.29362 -6.07803 -6.14593 4.03552 -0.0828975 -6.26635 -6.06434 -5.78049 -4.63649 
-5.69374 0.166649 -4.0476 -5.29362 -6.07803 -6.14593 4.03552 -0.0828975 -6.26635 -6.06434 -5.78049 -4.63649 
-5.69374 0.166649 -4.0476 -5.29362 -6.07803 -6.14593 4.03552 -0.0828975 -6.26635 -6.06434 -5.78049 -4.63649 
-5.69374 0.166649 -4.0476 -5.29362 -6.07803 -6.14593 4.03552 -0.0828975 -6.26635 -6.06434 -5.78049 -4.63649 
-5.69374 0.166649 -4.0476 -5.29362 -6.07803 -6.14593 4.03552 -0.0828975 -6.26635 -6.06434 -5.78049 -4.63649 
-5.69374 0.166649 -4.0476 -5.29362 -6.07803 -6.14593 4.03552 -0.0828975 -6.26635 -6.06434 -5.78049 -4.63649 
-5.69374 0.166649 -4.0476 -5.29362 -6.07803 -6.14593 4.03552 -0.0828975 -6.26635 -6.06434 -5.78049 -4.63649 
-5.69374 0.166649 -4.0476 -5.29362 -6.07803 -6.14593 4.03552 -0.0828975 -6.26635 -6.06434 -5.78049 -4.63649 
-5.69374 0.166649 -4.0476 -5.29362 -6.07803 -6.14593 4.03552 -0.0828975 -6.26635 -6.06434 -5.78049 -4.63649 
-5.69374 0.166649 -4.0476 -5.29362 -6.07803 -6.14593 4.03552 -0.0828975 -6.26635 -6.06434 -5.78049 -4.63649 
-5.69374 0.166649 -4.0476 -5.29362 -6.07803 -6.14593 4.03552 -0.0828975 -6.26635 -6.06434 -5.78049 -4.63649 
-5.69374 0.166649 -4.0476 -5.29362 -6.07803 -6.14593 4.03552 -0.0828975 -6.26635 -6.06434 -5.78049 -4.63649 
-5.69374 0.166649 -4.0476 -5.29362 -6.07803 -6.14593 4.03552 -0.0828975 -6.26635 -6.06434 -5.78049 -4.63649 
-5.69374 0.166649 -4.0476 -5.29362 -6.07803 -6.14593 4.03552 -0.0828975 -6.26635 -6.06434 -5.78049 -4.63649 
-5.69374 0.166649 -4.0476 -5.29362 -6.07803 -6.14593 4.03552 -0.0828975 -6.26635 -6.06434 -5.78049 -4.63649 
-5.69374 0.166649 -4.0476 -5.29362 -6.07803 -6.14593 4.03552 -0.0828975 -6.26635 -6.06434 -5.78049 -4.63649 
-5.69374 0.166649 -4.0476 -5.29362 -6.07803 -6.14593 4.03552 -0.0828975 -6.26635 -6.06434 -5.78049 -4.63649 
-5.69374 0.166649 -4.0476 -5.29362 -6.07803 -6.14593 4.03552 -0.0828975 -6.26635 -6.06434 -5.78049 -4.63649 
-5.69374 0.166649 -4.0476 -5.29362 -6.07803 -6.14593 4.03552 -0.0828975 -6.26635 -6.06434 -5.78049 -4.63649 
-5.69374 0.166649 -4.0476 -5.29362 -6.07803 -6.14593 4.03552 -0.0828975 -6.26635 -6.06434 -5.78049 -4.63649 
-5.69374 0.166649 -4.0476 -5.29362 -6.07803 -6.14593 4.03552 -0.0828975 -6.26635 -6.06434 -5.78049 -4.63649 
-5.69374 0.166649 -4.0476 -5.29362 -6.07803 -6.14593 4.03552 -0.0828975 -6.26635 -6.06434 -5.78049 -4.63649 
-5.69374 0.166649 -4.0476 -5.29362 -6.07803 -6.14593 4.03552 -0.0828975 -6.26635 -6.06434 -5.78049 -4.63649 
-5.69374 0.166649 -4.0476 -5.29362 -6.07803 -6.14593 4.03552 -0.0828975 -6.26635 -6.06434 -5.78049 -4.63649 
-5.69374 0.166649 -4.0476 -5.29362 -6.07803 -6.14593 4.03552 -0.0828975 -6.26635 -6.06434 -5.78049 -4.63649 
-5.69374 0.166649 -4.0476 -5.29362 -6.07803 -6.14593 4.03552 -0.0828975 -6.26635 -6.06434 -5.78049 -4.63649 
-5.69374 0.166649 -4.0476 -5.29362 -6.07803 -6.14593 4.03552 -0.0828975 -6.26635 -6.06434 -5.78049 -4.63649 
-5.69374 0.166649 -4.0476 -5.29362 -6.07803 -6.14593 4.03552 -0.0828975 -6.26635 -6.06434 -5.78049 -4.63649 
-5.69374 0.166649 -4.0476 -5.29362 -6.07803 -6.14593 4.03552 -0.0828975 -6.26635 -6.06434 -5.78049 -4.63649 
-5.69374 0.166649 -4.0476 -5.29362 -6.07803 -6.14593 4.03552 -0.0828975 -6.26635 -6.06434 -5.78049 -4.63649 
-5.69374 0.166649 -4.0476 -5.29362 -6.07803 -6.14593 4.03552 -0.0828975 -6.26635 -6.06434 -5.78049 -4.63649 
-5.69374 0.166649 -4.0476 -5.29362 -6.07803 -6.14593 4.03552 -0.0828975 -6.26635 -6.06434 -5.78049 -4.63649 
-5.69374 0.166649 -4.0476 -5.29362 -6.07803 -6.14593 4.03552 -0.0828975 -6.26635 -6.06434 -5.78049 -4.63649 
-5.69374 0.166649 -4.0476 -5.29362 -6.07803 -6.14593 4.03552 -0.0828975 -6.26635 -6.06434 -5.78049 -4.63649 
-5.69374 0.166649 -4.0476 -5.29362 -6.07803 -6.14593 4.03552 -0.0828975 -6.26635 -6.06434 -5.78049 -4.63649 
-5.69374 0.166649 -4.0476 -5.29362 -6.07803 -6.14593 4.03552 -0.0828975 -6.26635 -6.06434 -5.78049 -4.63649 
-5.69374 0.166649 -4.0476 -5.29362 -6.07803 -6.14593 4.03552 -0.0828975 -6.26635 -6.06434 -5.78049 -4.63649 
-5.69374 0.166649 -4.0476 -5.29362 -6.07803 -6.14593 4.03552 -0.0828975 -6.26635 -6.06434 -5.78049 -4.63649 
-5.69374 0.166649 -4.0476 -5.29362 -6.07803 -6.14593 4.03552 -0.0828975 -6.26635 -6.06434 -5.78049 -4.63649 
-5.69374 0.166649 -4.0476 -5.29362 -6.07803 -6.14593 4.03552 -0.0828975 -6.26635 -6.06434 -5.78049 -4.63649 
-5.69374 0.166649 -4.0476 -5.29362 -6.07803 -6.14593 4.03552 -0.0828975 -6.26635 -6.06434 -5.78049 -4.63649 
-5.69374 0.166649 -4.0476 -5.29362 -6.07803 -6.14593 4.03552 -0.0828975 -6.26635 -6.06434 -5.78049 -4.63649 
-5.69374 0.166649 -4.0476 -5.29362 -6.07803 -6.14593 4.03552 -0.0828975 -6.26635 -6.06434 -5.78049 -4.63649 
-5.69374 0.166649 -4.0476 -5.29362 -6.07803 -6.14593 4.03552 -0.0828975 -6.26635 -6.06434 -5.78049 -4.63649 
-5.69374 0.166649 -4.0476 -5.29362 -6.07803 -6.14593 4.03552 -0.0828975 -6.26635 -6.06434 -5.78049 -4.63649 
-5.69374 0.166649 -4.0476 -5.29362 -6.07803 -6.14593 4.03552 -0.0828975 -6.26635 -6.06434 -5.78049 -4.63649 
-5.69374 0.166649 -4.0476 -5.29362 -6.07803 -6.14593 4.03552 -0.0828975 -6.26635 -6.06434 -5.78049 -4.63649 
-5.69374 0.166649 -4.0476 -5.29362 -6.07803 -6.14593 4.03552 -0.0828975 -6.26635 -6.06434 -5.78049 -4.63649 
-5.69374 0.166649 -4.0476 -5.29362 -6.07803 -6.14593 4.03552 -0.0828975 -6.26635 -6.06434 -5.78049 -4.63649 
-5.69374 0.166649 -4.0476 -5.29362 -6.07803 -6.14593 4.03552 -0.0828975 -6.26635 -6.06434 -5.78049 -4.63649 
-5.69374 0.166649 -4.0476 -5.29362 -6.07803 -6.14593 4.03552 -0.0828975 -6.26635 -6.06434 -5.78049 -4.63649 
-5.69374 0.166649 -4.0476 -5.29362 -6.07803 -6.14593 4.03552 -0.0828975 -6.26635 -6.06434 -5.78049 -4.63649 
-5.69374 0.166649 -4.0476 -5.29362 -6.07803 -6.14593 4.03552 -0.0828975 -6.26635 -6.06434 -5.78049 -4.63649 
-5.69374 0.166649 -4.0476 -5.29362 -6.07803 -6.14593 4.03552 -0.0828975 -6.26635 -6.06434 -5.78049 -4.63649 
-5.69374 0.166649 -4.0476 -5.29362 -6.07803 -6.14593 4.03552 -0.0828975 -6.26635 -6.06434 -5.78049 -4.63649 
-5.69374 0.166649 -4.0476 -5.29362 -6.07803 -6.14593 4.03552 -0.0828975 -6.26635 -6.06434 -5.78049 -4.63649 
-5.69374 0.166649 -4.0476 -5.29362 -6.07803 -6.14593 4.03552 -0.0828975 -6.26635 -6.06434 -5.78049 -4.63649 
-5.69374 0.166649 -4.0476 -5.29362 -6.07803 -6.14593 4.03552 -0.0828975 -6.26635 -6.06434 -5.78049 -4.63649 
-5.69374 0.166649 -4.0476 -5.29362 -6.07803 -6.14593 4.03552 -0.0828975 -6.26635 -6.06434 -5.78049 -4.63649 
-5.69374 0.166649 -4.0476 -5.29362 -6.07803 -6.14593 4.03552 -0.0828975 -6.26635 -6.06434 -5.78049 -4.63649 
-5.69374 0.166649 -4.0476 -5.29362 -6.07803 -6.14593 4.03552 -0.0828975 -6.26635 -6.06434 -5.78049 -4.63649 
-5.69374 0.166649 -4.0476 -5.29362 -6.07803 -6.14593 4.03552 -0.0828975 -6.26635 -6.06434 -5.78049 -4.63649 
-5.69374 0.166649 -4.0476 -5.29362 -6.07803 -6.14593 4.03552 -0.0828975 -6.26635 -6.06434 -5.78049 -4.63649 
-5.69374 0.166649 -4.0476 -5.29362 -6.07803 -6.14593 4.03552 -0.0828975 -6.26635 -6.06434 -5.78049 -4.63649 
-5.69374 0.166649 -4.0476 -5.29362 -6.07803 -6.14593 4.03552 -0.0828975 -6.26635 -6.06434 -5.78049 -4.63649 
-5.69374 0.166649 -4.0476 -5.29362 -6.07803 -6.14593 4.03552 -0.0828975 -6.26635 -6.06434 -5.78049 -4.63649 
-5.69374 0.166649 -4.0476 -5.29362 -6.07803 -6.14593 4.03552 -0.0828975 -6.26635 -6.06434 -5.78049 -4.63649 
-5.69374 0.166649 -4.0476 -5.29362 -6.07803 -6.14593 4.03552 -0.0828975 -6.26635 -6.06434 -5.78049 -4.63649 
-5.69374 0.166649 -4.0476 -5.29362 -6.07803 -6.14593 4.03552 -0.0828975 -6.26635 -6.06434 -5.78049 -4.63649 
-5.69374 0.166649 -4.0476 -5.29362 -6.07803 -6.14593 4.03552 -0.0828975 -6.26635 -6.06434 -5.78049 -4.63649 
-5.69374 0.166649 -4.0476 -5.29362 -6.07803 -6.14593 4.03552 -0.0828975 -6.26635 -6.06434 -5.78049 -4.63649 
-5.69374 0.166649 -4.0476 -5.29362 -6.07803 -6.14593 4.03552 -0.0828975 -6.26635 -6.06434 -5.78049 -4.63649 
-5.69374 0.166649 -4.0476 -5.29362 -6.07803 -6.14593 4.03552 -0.0828975 -6.26635 -6.06434 -5.78049 -4.63649 
-5.69374 0.166649 -4.0476 -5.29362 -6.07803 -6.14593 4.03552 -0.0828975 -6.26635 -6.06434 -5.78049 -4.63649 
-5.69374 0.166649 -4.0476 -5.29362 -6.07803 -6.14593 4.03552 -0.0828975 -6.26635 -6.06434 -5.78049 -4.63649 
-5.69374 0.166649 -4.0476 -5.29362 -6.07803 -6.14593 4.03552 -0.0828975 -6.26635 -6.06434 -5.78049 -4.63649 
-5.69374 0.166649 -4.0476 -5.29362 -6.07803 -6.14593 4.03552 -0.0828975 -6.26635 -6.06434 -5.78049 -4.63649 
-5.69374 0.166649 -4.0476 -5.29362 -6.07803 -6.14593 4.03552 -0.0828975 -6.26635 -6.06434 -5.78049 -4.63649 
-5.69374 0.166649 -4.0476 -5.29362 -6.07803 -6.14593 4.03552 -0.0828975 -6.26635 -6.06434 -5.78049 -4.63649 
-5.69374 0.166649 -4.0476 -5.29362 -6.07803 -6.14593 4.03552 -0.0828975 -6.26635 -6.06434 -5.78049 -4.63649 
-5.69374 0.166649 -4.0476 -5.29362 -6.07803 -6.14593 4.27088 -0.0828975 -6.26635 -6.06434 -5.78049 -4.63649 
-5.69374 0.166649 -4.0476 -5.29362 -6.07803 -6.14593 4.27088 -0.0828975 -6.26635 -6.06434 -5.78049 -4.63649 
-5.69374 0.166649 -4.0476 -5.29362 -6.07803 -6.14593 4.27088 -0.0828975 -6.26635 -6.06434 -5.78049 -4.63649 
-5.69374 0.166649 -4.0476 -5.29362 -6.07803 -6.14593 4.27088 -0.0828975 -6.26635 -6.06434 -5.78049 -4.63649 
-5.69374 0.166649 -4.0476 -5.29362 -6.07803 -6.14593 4.27088 -0.0828975 -6.26635 -6.06434 -5.78049 -4.63649 
-5.69374 0.166649 -4.0476 -5.29362 -6.07803 -6.14593 4.27088 -0.0828975 -6.26635 -6.06434 -5.78049 -4.63649 
-5.69374 0.166649 -4.0476 -5.29362 -6.07803 -6.14593 4.27088 -0.0828975 -6.26635 -6.06434 -5.78049 -4.63649 
-5.69374 0.166649 -4.0476 -5.29362 -6.07803 -6.14593 4.27088 -0.0828975 -6.26635 -6.06434 -5.78049 -4.63649 
-5.69374 0.166649 -4.0476 -5.29362 -6.07803 -6.14593 4.27088 -0.0828975 -6.26635 -6.06434 -5.78049 -4.63649 
-5.69374 0.166649 -4.0476 -5.29362 -6.07803 -6.14593 4.27088 -0.0828975 -6.26635 -6.06434 -5.78049 -4.63649 
-5.69374 0.166649 -4.0476 -5.29362 -6.07803 -6.14593 4.27088 -0.0828975 -6.26635 -6.06434 -5.78049 -4.63649 
-5.69374 0.166649 -4.0476 -5.29362 -6.07803 -6.14593 4.27088 -0.0828975 -6.26635 -6.06434 -5.78049 -4.63649 
-5.69374 0.166649 -4.0476 -5.29362 -6.07803 -6.14593 4.27088 -0.0828975 -6.26635 -6.06434 -5.78049 -4.63649 
-5.69374 0.166649 -4.0476 -5.29362 -6.07803 -6.14593 4.27088 -0.0828975 -6.26635 -6.06434 -5.78049 -4.63649 
