100 0.16545529 0.16545529 
200 0.16545529 0.16545529 
300 0.16545529 0.16545529 
400 0.16545529 0.16545529 
500 0.16545529 0.16545529 
600 0.16545529 0.16545529 
700 0.16545529 0.16545529 
800 0.16545529 0.16545529 
900 0.16545529 0.16545529 
1000 0.16545529 0.16545529 
1100 0.16545529 0.16545529 
1200 0.15008736 0.15008736 
1300 0.15008736 0.15008736 
1400 0.11841705 0.11841705 
1500 0.11841705 0.11841705 
1600 0.11841705 0.11841705 
1700 0.11841705 0.11841705 
1800 0.11841705 0.11841705 
1900 0.11841705 0.11841705 
2000 0.11841705 0.11841705 
2100 0.11841705 0.11841705 
2200 0.11841705 0.11841705 
2300 0.11841705 0.11841705 
2400 0.11841705 0.11841705 
2500 0.11841705 0.11841705 
2600 0.11841705 0.11841705 
2700 0.11841705 0.11841705 
2800 0.11841705 0.11841705 
2900 0.11841705 0.11841705 
3000 0.11841705 0.11841705 
3100 0.11841705 0.11841705 
3200 0.11841705 0.11841705 
3300 0.11841705 0.11841705 
3400 0.11841705 0.11841705 
3500 0.11841705 0.11841705 
3600 0.11841705 0.11841705 
3700 0.11841705 0.11841705 
3800 0.11841705 0.11841705 
3900 0.11841705 0.11841705 
4000 0.11841705 0.11841705 
4100 0.11841705 0.11841705 
4200 0.11841705 0.11841705 
4300 0.11841705 0.11841705 
4400 0.11841705 0.11841705 
4500 0.11841705 0.11841705 
4600 0.11841705 0.11841705 
4700 0.11841705 0.11841705 
4800 0.11841705 0.11841705 
4900 0.11841705 0.11841705 
5000 0.11841705 0.11841705 
5100 0.11841705 0.11841705 
5200 0.11841705 0.11841705 
5300 0.11841705 0.11841705 
5400 0.11841705 0.11841705 
5500 0.11841705 0.11841705 
5600 0.11841705 0.11841705 
5700 0.11841705 0.11841705 
5800 0.11841705 0.11841705 
5900 0.11841705 0.11841705 
6000 0.11841705 0.11841705 
6100 0.11841705 0.11841705 
6200 0.11841705 0.11841705 
6300 0.11841705 0.11841705 
6400 0.11841705 0.11841705 
6500 0.11841705 0.11841705 
6600 0.11841705 0.11841705 
6700 0.11841705 0.11841705 
6800 0.11841705 0.11841705 
6900 0.11841705 0.11841705 
7000 0.11841705 0.11841705 
7100 0.11841705 0.11841705 
7200 0.11841705 0.11841705 
7300 0.11841705 0.11841705 
7400 0.11841705 0.11841705 
7500 0.11841705 0.11841705 
7600 0.11841705 0.11841705 
7700 0.11841705 0.11841705 
7800 0.11841705 0.11841705 
7900 0.11841705 0.11841705 
8000 0.11841705 0.11841705 
8100 0.11841705 0.11841705 
8200 0.11841705 0.11841705 
8300 0.11841705 0.11841705 
8400 0.05832232 0.05832232 
8500 0.05832232 0.05832232 
8600 0.05832232 0.05832232 
8700 0.05832232 0.05832232 
8800 0.05832232 0.05832232 
8900 0.05832232 0.05832232 
9000 0.05832232 0.05832232 
9100 0.05832232 0.05832232 
9200 0.05832232 0.05832232 
9300 0.05832232 0.05832232 
9400 0.05832232 0.05832232 
9500 0.05832232 0.05832232 
9600 0.05832232 0.05832232 
9700 0.05832232 0.05832232 
9800 0.05832232 0.05832232 
9900 0.05832232 0.05832232 
10000 0.05832232 0.05832232 
10100 0.05832232 0.05832232 
10200 0.05832232 0.05832232 
10300 0.05832232 0.05832232 
10400 0.05832232 0.05832232 
10500 0.05832232 0.05832232 
10600 0.05832232 0.05832232 
10700 0.05832232 0.05832232 
10800 0.05832232 0.05832232 
10900 0.05832232 0.05832232 
11000 0.05832232 0.05832232 
11100 0.05832232 0.05832232 
11200 0.05832232 0.05832232 
11300 0.05832232 0.05832232 
11400 0.05832232 0.05832232 
11500 0.05832232 0.05832232 
11600 0.05832232 0.05832232 
11700 0.05832232 0.05832232 
11800 0.05832232 0.05832232 
11900 0.05832232 0.05832232 
12000 0.05832232 0.05832232 
12100 0.05832232 0.05832232 
12200 0.05832232 0.05832232 
12300 0.05832232 0.05832232 
12400 0.05832232 0.05832232 
12500 0.05832232 0.05832232 
12600 0.05832232 0.05832232 
12700 0.05832232 0.05832232 
12800 0.05832232 0.05832232 
12900 0.05832232 0.05832232 
13000 0.05832232 0.05832232 
13100 0.05832232 0.05832232 
13200 0.05832232 0.05832232 
13300 0.05832232 0.05832232 
13400 0.05832232 0.05832232 
13500 0.05832232 0.05832232 
13600 0.05832232 0.05832232 
13700 0.05832232 0.05832232 
13800 0.05832232 0.05832232 
13900 0.05832232 0.05832232 
14000 0.05832232 0.05832232 
14100 0.05832232 0.05832232 
14200 0.05832232 0.05832232 
14300 0.05832232 0.05832232 
14400 0.05832232 0.05832232 
14500 0.05832232 0.05832232 
14600 0.05832232 0.05832232 
14700 0.05832232 0.05832232 
14800 0.05832232 0.05832232 
14900 0.05832232 0.05832232 
15000 0.05832232 0.05832232 
15100 0.05832232 0.05832232 
15200 0.05832232 0.05832232 
15300 0.05390926 0.05390926 
15400 0.05390926 0.05390926 
15500 0.05390926 0.05390926 
15600 0.05390926 0.05390926 
15700 0.05390926 0.05390926 
15800 0.05390926 0.05390926 
15900 0.05390926 0.05390926 
16000 0.05390926 0.05390926 
16100 0.05390926 0.05390926 
16200 0.05390926 0.05390926 
16300 0.05390926 0.05390926 
16400 0.05390926 0.05390926 
16500 0.05390926 0.05390926 
16600 0.05390926 0.05390926 
16700 0.05390926 0.05390926 
16800 0.05390926 0.05390926 
16900 0.05390926 0.05390926 
17000 0.05390926 0.05390926 
17100 0.05390926 0.05390926 
17200 0.05390926 0.05390926 
17300 0.05390926 0.05390926 
17400 0.05390926 0.05390926 
17500 0.05390926 0.05390926 
17600 0.05390926 0.05390926 
17700 0.05390926 0.05390926 
17800 0.05390926 0.05390926 
17900 0.05390926 0.05390926 
18000 0.05390926 0.05390926 
18100 0.05390926 0.05390926 
18200 0.05390926 0.05390926 
18300 0.05390926 0.05390926 
18400 0.05390926 0.05390926 
18500 0.05390926 0.05390926 
18600 0.05390926 0.05390926 
18700 0.05390926 0.05390926 
18800 0.05390926 0.05390926 
18900 0.05390926 0.05390926 
19000 0.05390926 0.05390926 
19100 0.05390926 0.05390926 
19200 0.05390926 0.05390926 
19300 0.05390926 0.05390926 
19400 0.05390926 0.05390926 
19500 0.05390926 0.05390926 
19600 0.05390926 0.05390926 
19700 0.05390926 0.05390926 
19800 0.05390926 0.05390926 
19900 0.05390926 0.05390926 
20000 0.05390926 0.05390926 
20100 0.05390926 0.05390926 
20200 0.05390926 0.05390926 
20300 0.05390926 0.05390926 
20400 0.05390926 0.05390926 
20500 0.05390926 0.05390926 
20600 0.05390926 0.05390926 
20700 0.05390926 0.05390926 
20800 0.05390926 0.05390926 
20900 0.05390926 0.05390926 
21000 0.05390926 0.05390926 
21100 0.03724718 0.03724718 
21200 0.03724718 0.03724718 
21300 0.03724718 0.03724718 
21400 0.03724718 0.03724718 
21500 0.03724718 0.03724718 
21600 0.03724718 0.03724718 
21700 0.03724718 0.03724718 
21800 0.03724718 0.03724718 
21900 0.03724718 0.03724718 
22000 0.03724718 0.03724718 
22100 0.03724718 0.03724718 
22200 0.03724718 0.03724718 
22300 0.03724718 0.03724718 
22400 0.03724718 0.03724718 
22500 0.03724718 0.03724718 
22600 0.03724718 0.03724718 
22700 0.03724718 0.03724718 
22800 0.03724718 0.03724718 
22900 0.03724718 0.03724718 
23000 0.03724718 0.03724718 
23100 0.03724718 0.03724718 
23200 0.03724718 0.03724718 
23300 0.03724718 0.03724718 
23400 0.03724718 0.03724718 
23500 0.03724718 0.03724718 
23600 0.03724718 0.03724718 
23700 0.03724718 0.03724718 
23800 0.03724718 0.03724718 
23900 0.03724718 0.03724718 
24000 0.03724718 0.03724718 
24100 0.03724718 0.03724718 
24200 0.03651262 0.03651262 
24300 0.03651262 0.03651262 
24400 0.03651262 0.03651262 
24500 0.03651262 0.03651262 
24600 0.03651262 0.03651262 
24700 0.03651262 0.03651262 
24800 0.03651262 0.03651262 
24900 0.03651262 0.03651262 
25000 0.03651262 0.03651262 
25100 0.03651262 0.03651262 
25200 0.03651262 0.03651262 
25300 0.03651262 0.03651262 
25400 0.03651262 0.03651262 
25500 0.03651262 0.03651262 
25600 0.03651262 0.03651262 
25700 0.03651262 0.03651262 
25800 0.03651262 0.03651262 
25900 0.03651262 0.03651262 
26000 0.03651262 0.03651262 
26100 0.03651262 0.03651262 
26200 0.03651262 0.03651262 
26300 0.03651262 0.03651262 
26400 0.03651262 0.03651262 
26500 0.03651262 0.03651262 
26600 0.03651262 0.03651262 
26700 0.03651262 0.03651262 
26800 0.03651262 0.03651262 
26900 0.03651262 0.03651262 
27000 0.03651262 0.03651262 
27100 0.03651262 0.03651262 
27200 0.03651262 0.03651262 
27300 0.03651262 0.03651262 
27400 0.03651262 0.03651262 
27500 0.03651262 0.03651262 
27600 0.03651262 0.03651262 
27700 0.03651262 0.03651262 
27800 0.03651262 0.03651262 
27900 0.03651262 0.03651262 
28000 0.03651262 0.03651262 
28100 0.03651262 0.03651262 
28200 0.03651262 0.03651262 
28300 0.03651262 0.03651262 
28400 0.03651262 0.03651262 
28500 0.03651262 0.03651262 
28600 0.03651262 0.03651262 
28700 0.03651262 0.03651262 
28800 0.03651262 0.03651262 
28900 0.03651262 0.03651262 
29000 0.03651262 0.03651262 
29100 0.03651262 0.03651262 
29200 0.03651262 0.03651262 
29300 0.03651262 0.03651262 
29400 0.03651262 0.03651262 
29500 0.03651262 0.03651262 
29600 0.03651262 0.03651262 
29700 0.03651262 0.03651262 
29800 0.03651262 0.03651262 
29900 0.03651262 0.03651262 
30000 0.03651262 0.03651262 
30100 0.03651262 0.03651262 
30200 0.03651262 0.03651262 
30300 0.03651262 0.03651262 
30400 0.03651262 0.03651262 
30500 0.03651262 0.03651262 
30600 0.03651262 0.03651262 
30700 0.03651262 0.03651262 
30800 0.03651262 0.03651262 
30900 0.03651262 0.03651262 
31000 0.03651262 0.03651262 
31100 0.03651262 0.03651262 
31200 0.03651262 0.03651262 
31300 0.03651262 0.03651262 
31400 0.03651262 0.03651262 
31500 0.03651262 0.03651262 
31600 0.03651262 0.03651262 
31700 0.03651262 0.03651262 
31800 0.03651262 0.03651262 
31900 0.03651262 0.03651262 
32000 0.03651262 0.03651262 
32100 0.03651262 0.03651262 
32200 0.03651262 0.03651262 
32300 0.03651262 0.03651262 
32400 0.03651262 0.03651262 
32500 0.03651262 0.03651262 
32600 0.03651262 0.03651262 
32700 0.03651262 0.03651262 
32800 0.03651262 0.03651262 
32900 0.03651262 0.03651262 
33000 0.03651262 0.03651262 
33100 0.03651262 0.03651262 
33200 0.03651262 0.03651262 
33300 0.03651262 0.03651262 
33400 0.03651262 0.03651262 
33500 0.03651262 0.03651262 
33600 0.03651262 0.03651262 
33700 0.03651262 0.03651262 
33800 0.03651262 0.03651262 
33900 0.03651262 0.03651262 
34000 0.03651262 0.03651262 
34100 0.03651262 0.03651262 
34200 0.03651262 0.03651262 
34300 0.03651262 0.03651262 
34400 0.03651262 0.03651262 
34500 0.03651262 0.03651262 
34600 0.03651262 0.03651262 
34700 0.03651262 0.03651262 
34800 0.03651262 0.03651262 
34900 0.03651262 0.03651262 
35000 0.03651262 0.03651262 
35100 0.03651262 0.03651262 
35200 0.03651262 0.03651262 
35300 0.03651262 0.03651262 
35400 0.03651262 0.03651262 
35500 0.03651262 0.03651262 
35600 0.03651262 0.03651262 
35700 0.03651262 0.03651262 
35800 0.03651262 0.03651262 
35900 0.03651262 0.03651262 
36000 0.03651262 0.03651262 
36100 0.03651262 0.03651262 
36200 0.03651262 0.03651262 
36300 0.03651262 0.03651262 
36400 0.03651262 0.03651262 
36500 0.03651262 0.03651262 
36600 0.03651262 0.03651262 
36700 0.03651262 0.03651262 
36800 0.03651262 0.03651262 
36900 0.03651262 0.03651262 
37000 0.03651262 0.03651262 
37100 0.03651262 0.03651262 
37200 0.03651262 0.03651262 
37300 0.03651262 0.03651262 
37400 0.03651262 0.03651262 
37500 0.03651262 0.03651262 
37600 0.03651262 0.03651262 
37700 0.03651262 0.03651262 
37800 0.03651262 0.03651262 
37900 0.03651262 0.03651262 
38000 0.03651262 0.03651262 
38100 0.03651262 0.03651262 
38200 0.03651262 0.03651262 
38300 0.03651262 0.03651262 
38400 0.03651262 0.03651262 
38500 0.03651262 0.03651262 
38600 0.03651262 0.03651262 
38700 0.03651262 0.03651262 
38800 0.03651262 0.03651262 
38900 0.03651262 0.03651262 
39000 0.03651262 0.03651262 
39100 0.03651262 0.03651262 
39200 0.03651262 0.03651262 
39300 0.03651262 0.03651262 
39400 0.03651262 0.03651262 
39500 0.03651262 0.03651262 
39600 0.03651262 0.03651262 
39700 0.03651262 0.03651262 
39800 0.03651262 0.03651262 
39900 0.03651262 0.03651262 
40000 0.03651262 0.03651262 
40100 0.03651262 0.03651262 
40200 0.03651262 0.03651262 
40300 0.03651262 0.03651262 
40400 0.03651262 0.03651262 
40500 0.03651262 0.03651262 
40600 0.03651262 0.03651262 
40700 0.03651262 0.03651262 
40800 0.03651262 0.03651262 
40900 0.03651262 0.03651262 
41000 0.03651262 0.03651262 
41100 0.03651262 0.03651262 
41200 0.03651262 0.03651262 
41300 0.03651262 0.03651262 
41400 0.03651262 0.03651262 
41500 0.03651262 0.03651262 
41600 0.03651262 0.03651262 
41700 0.03651262 0.03651262 
41800 0.03651262 0.03651262 
41900 0.03651262 0.03651262 
42000 0.03651262 0.03651262 
42100 0.03651262 0.03651262 
42200 0.03651262 0.03651262 
42300 0.03651262 0.03651262 
42400 0.03651262 0.03651262 
42500 0.03651262 0.03651262 
42600 0.03651262 0.03651262 
42700 0.03651262 0.03651262 
42800 0.03651262 0.03651262 
42900 0.03651262 0.03651262 
43000 0.03651262 0.03651262 
43100 0.03651262 0.03651262 
43200 0.03651262 0.03651262 
43300 0.03651262 0.03651262 
43400 0.03651262 0.03651262 
43500 0.03651262 0.03651262 
43600 0.03651262 0.03651262 
43700 0.03651262 0.03651262 
43800 0.03651262 0.03651262 
43900 0.03651262 0.03651262 
44000 0.03651262 0.03651262 
44100 0.03651262 0.03651262 
44200 0.03651262 0.03651262 
44300 0.03651262 0.03651262 
44400 0.03651262 0.03651262 
44500 0.03651262 0.03651262 
44600 0.03651262 0.03651262 
44700 0.03651262 0.03651262 
44800 0.03651262 0.03651262 
44900 0.03651262 0.03651262 
45000 0.03651262 0.03651262 
45100 0.03651262 0.03651262 
45200 0.03651262 0.03651262 
45300 0.03651262 0.03651262 
45400 0.03651262 0.03651262 
45500 0.03651262 0.03651262 
45600 0.03651262 0.03651262 
45700 0.03651262 0.03651262 
45800 0.03651262 0.03651262 
45900 0.03651262 0.03651262 
46000 0.03651262 0.03651262 
46100 0.03651262 0.03651262 
46200 0.03651262 0.03651262 
46300 0.03651262 0.03651262 
46400 0.03651262 0.03651262 
46500 0.03651262 0.03651262 
46600 0.03651262 0.03651262 
46700 0.03651262 0.03651262 
46800 0.03651262 0.03651262 
46900 0.03651262 0.03651262 
47000 0.03651262 0.03651262 
47100 0.03651262 0.03651262 
47200 0.03651262 0.03651262 
47300 0.03651262 0.03651262 
47400 0.03651262 0.03651262 
47500 0.03651262 0.03651262 
47600 0.03651262 0.03651262 
47700 0.03651262 0.03651262 
47800 0.03651262 0.03651262 
47900 0.03651262 0.03651262 
48000 0.03651262 0.03651262 
48100 0.03651262 0.03651262 
48200 0.03651262 0.03651262 
48300 0.03651262 0.03651262 
48400 0.03651262 0.03651262 
48500 0.03651262 0.03651262 
48600 0.03651262 0.03651262 
48700 0.03651262 0.03651262 
48800 0.03651262 0.03651262 
48900 0.03651262 0.03651262 
49000 0.03651262 0.03651262 
49100 0.03651262 0.03651262 
49200 0.03651262 0.03651262 
49300 0.03651262 0.03651262 
49400 0.03651262 0.03651262 
49500 0.03651262 0.03651262 
49600 0.03651262 0.03651262 
49700 0.03651262 0.03651262 
49800 0.03651262 0.03651262 
49900 0.03651262 0.03651262 
50000 0.03651262 0.03651262 
50100 0.03651262 0.03651262 
50200 0.03651262 0.03651262 
50300 0.03651262 0.03651262 
50400 0.03651262 0.03651262 
50500 0.03651262 0.03651262 
50600 0.03651262 0.03651262 
50700 0.03651262 0.03651262 
50800 0.03651262 0.03651262 
50900 0.03651262 0.03651262 
51000 0.03651262 0.03651262 
51100 0.03651262 0.03651262 
51200 0.03651262 0.03651262 
51300 0.03651262 0.03651262 
51400 0.03651262 0.03651262 
51500 0.03651262 0.03651262 
51600 0.03651262 0.03651262 
51700 0.03651262 0.03651262 
51800 0.03651262 0.03651262 
51900 0.03651262 0.03651262 
52000 0.03651262 0.03651262 
52100 0.03651262 0.03651262 
52200 0.03651262 0.03651262 
52300 0.03651262 0.03651262 
52400 0.03651262 0.03651262 
52500 0.02789630 0.02789630 
52600 0.02789630 0.02789630 
52700 0.02789630 0.02789630 
52800 0.02789630 0.02789630 
52900 0.02789630 0.02789630 
53000 0.02789630 0.02789630 
53100 0.02789630 0.02789630 
53200 0.02789630 0.02789630 
53300 0.02789630 0.02789630 
53400 0.02789630 0.02789630 
53500 0.02789630 0.02789630 
53600 0.02789630 0.02789630 
53700 0.02789630 0.02789630 
53800 0.02789630 0.02789630 
53900 0.02718999 0.02718999 
54000 0.02718999 0.02718999 
54100 0.02718999 0.02718999 
54200 0.02718999 0.02718999 
54300 0.02718999 0.02718999 
54400 0.02718999 0.02718999 
54500 0.02718999 0.02718999 
54600 0.02718999 0.02718999 
54700 0.02718999 0.02718999 
54800 0.02718999 0.02718999 
54900 0.02718999 0.02718999 
55000 0.02718999 0.02718999 
55100 0.02718999 0.02718999 
55200 0.02718999 0.02718999 
55300 0.02718999 0.02718999 
55400 0.02718999 0.02718999 
55500 0.02718999 0.02718999 
55600 0.02718999 0.02718999 
55700 0.02718999 0.02718999 
55800 0.02718999 0.02718999 
55900 0.02718999 0.02718999 
56000 0.02718999 0.02718999 
56100 0.02718999 0.02718999 
56200 0.02718999 0.02718999 
56300 0.02718999 0.02718999 
56400 0.02718999 0.02718999 
56500 0.02718999 0.02718999 
56600 0.02718999 0.02718999 
56700 0.02718999 0.02718999 
56800 0.02718999 0.02718999 
56900 0.02718999 0.02718999 
57000 0.02718999 0.02718999 
57100 0.02718999 0.02718999 
57200 0.02718999 0.02718999 
57300 0.02718999 0.02718999 
57400 0.02718999 0.02718999 
57500 0.02718999 0.02718999 
57600 0.02718999 0.02718999 
57700 0.02718999 0.02718999 
57800 0.02718999 0.02718999 
57900 0.02718999 0.02718999 
58000 0.02718999 0.02718999 
58100 0.02718999 0.02718999 
58200 0.02598655 0.02598655 
58300 0.02598655 0.02598655 
58400 0.02598655 0.02598655 
58500 0.02598655 0.02598655 
58600 0.02598655 0.02598655 
58700 0.02598655 0.02598655 
58800 0.02598655 0.02598655 
58900 0.02598655 0.02598655 
59000 0.02598655 0.02598655 
59100 0.02598655 0.02598655 
59200 0.02598655 0.02598655 
59300 0.02598655 0.02598655 
59400 0.02598655 0.02598655 
59500 0.02598655 0.02598655 
59600 0.02598655 0.02598655 
59700 0.02598655 0.02598655 
59800 0.02598655 0.02598655 
59900 0.02598655 0.02598655 
60000 0.02598655 0.02598655 
60100 0.02598655 0.02598655 
60200 0.02598655 0.02598655 
60300 0.02598655 0.02598655 
60400 0.02598655 0.02598655 
60500 0.02598655 0.02598655 
60600 0.02598655 0.02598655 
60700 0.02598655 0.02598655 
60800 0.02598655 0.02598655 
60900 0.02598655 0.02598655 
61000 0.02598655 0.02598655 
61100 0.02598655 0.02598655 
61200 0.02598655 0.02598655 
61300 0.02598655 0.02598655 
61400 0.02598655 0.02598655 
61500 0.02598655 0.02598655 
61600 0.02598655 0.02598655 
61700 0.02598655 0.02598655 
61800 0.02598655 0.02598655 
61900 0.02598655 0.02598655 
62000 0.02534336 0.02534336 
62100 0.02534336 0.02534336 
62200 0.02534336 0.02534336 
62300 0.02534336 0.02534336 
62400 0.02534336 0.02534336 
62500 0.02534336 0.02534336 
62600 0.02534336 0.02534336 
62700 0.02534336 0.02534336 
62800 0.02534336 0.02534336 
62900 0.02534336 0.02534336 
63000 0.02534336 0.02534336 
63100 0.02534336 0.02534336 
63200 0.02534336 0.02534336 
63300 0.02534336 0.02534336 
63400 0.02534336 0.02534336 
63500 0.02534336 0.02534336 
63600 0.02534336 0.02534336 
63700 0.02534336 0.02534336 
63800 0.02534336 0.02534336 
63900 0.02534336 0.02534336 
64000 0.02534336 0.02534336 
64100 0.02534336 0.02534336 
64200 0.02534336 0.02534336 
64300 0.02534336 0.02534336 
64400 0.02534336 0.02534336 
64500 0.02534336 0.02534336 
64600 0.02534336 0.02534336 
64700 0.02534336 0.02534336 
64800 0.02534336 0.02534336 
64900 0.02534336 0.02534336 
65000 0.02534336 0.02534336 
65100 0.02534336 0.02534336 
65200 0.02534336 0.02534336 
65300 0.02534336 0.02534336 
65400 0.02534336 0.02534336 
65500 0.02534336 0.02534336 
65600 0.02534336 0.02534336 
65700 0.02534336 0.02534336 
65800 0.02534336 0.02534336 
65900 0.02534336 0.02534336 
66000 0.02534336 0.02534336 
66100 0.02534336 0.02534336 
66200 0.02534336 0.02534336 
66300 0.02534336 0.02534336 
66400 0.02534336 0.02534336 
66500 0.02534336 0.02534336 
66600 0.02534336 0.02534336 
66700 0.02534336 0.02534336 
66800 0.02534336 0.02534336 
66900 0.02534336 0.02534336 
67000 0.02534336 0.02534336 
67100 0.02534336 0.02534336 
67200 0.02534336 0.02534336 
67300 0.02534336 0.02534336 
67400 0.02534336 0.02534336 
67500 0.02534336 0.02534336 
67600 0.02534336 0.02534336 
67700 0.02534336 0.02534336 
67800 0.02534336 0.02534336 
67900 0.02534336 0.02534336 
68000 0.02534336 0.02534336 
68100 0.02534336 0.02534336 
68200 0.02534336 0.02534336 
68300 0.02534336 0.02534336 
68400 0.02534336 0.02534336 
68500 0.02534336 0.02534336 
68600 0.02534336 0.02534336 
68700 0.02534336 0.02534336 
68800 0.02534336 0.02534336 
68900 0.02534336 0.02534336 
69000 0.02534336 0.02534336 
69100 0.02534336 0.02534336 
69200 0.02534336 0.02534336 
69300 0.02534336 0.02534336 
69400 0.02534336 0.02534336 
69500 0.02534336 0.02534336 
69600 0.02534336 0.02534336 
69700 0.02534336 0.02534336 
69800 0.02445215 0.02445215 
69900 0.02445215 0.02445215 
70000 0.02445215 0.02445215 
70100 0.02445215 0.02445215 
70200 0.02445215 0.02445215 
70300 0.02445215 0.02445215 
70400 0.02445215 0.02445215 
70500 0.02445215 0.02445215 
70600 0.02445215 0.02445215 
70700 0.02445215 0.02445215 
70800 0.02445215 0.02445215 
70900 0.02445215 0.02445215 
71000 0.02445215 0.02445215 
71100 0.02445215 0.02445215 
71200 0.02445215 0.02445215 
71300 0.02445215 0.02445215 
71400 0.02445215 0.02445215 
71500 0.02445215 0.02445215 
71600 0.02445215 0.02445215 
71700 0.02445215 0.02445215 
71800 0.02445215 0.02445215 
71900 0.02445215 0.02445215 
72000 0.02445215 0.02445215 
72100 0.02445215 0.02445215 
72200 0.02445215 0.02445215 
72300 0.02445215 0.02445215 
72400 0.02445215 0.02445215 
72500 0.02445215 0.02445215 
72600 0.02445215 0.02445215 
72700 0.02445215 0.02445215 
72800 0.02445215 0.02445215 
72900 0.02445215 0.02445215 
73000 0.02445215 0.02445215 
73100 0.02445215 0.02445215 
73200 0.02445215 0.02445215 
73300 0.02445215 0.02445215 
73400 0.02445215 0.02445215 
73500 0.02445215 0.02445215 
73600 0.02445215 0.02445215 
73700 0.02445215 0.02445215 
73800 0.02445215 0.02445215 
73900 0.02445215 0.02445215 
74000 0.02445215 0.02445215 
74100 0.02445215 0.02445215 
74200 0.02445215 0.02445215 
74300 0.02437896 0.02437896 
74400 0.02437896 0.02437896 
74500 0.02437896 0.02437896 
74600 0.01851361 0.01851361 
74700 0.01851361 0.01851361 
74800 0.01851361 0.01851361 
74900 0.01851361 0.01851361 
75000 0.01851361 0.01851361 
75100 0.01851361 0.01851361 
75200 0.01851361 0.01851361 
75300 0.01851361 0.01851361 
75400 0.01851361 0.01851361 
75500 0.01851361 0.01851361 
75600 0.01851361 0.01851361 
75700 0.01851361 0.01851361 
75800 0.01851361 0.01851361 
75900 0.01851361 0.01851361 
76000 0.01851361 0.01851361 
76100 0.01851361 0.01851361 
76200 0.01851361 0.01851361 
76300 0.01851361 0.01851361 
76400 0.01851361 0.01851361 
76500 0.01851361 0.01851361 
76600 0.01851361 0.01851361 
76700 0.01851361 0.01851361 
76800 0.01851361 0.01851361 
76900 0.01851361 0.01851361 
77000 0.01851361 0.01851361 
77100 0.01851361 0.01851361 
77200 0.01851361 0.01851361 
77300 0.01851361 0.01851361 
77400 0.01851361 0.01851361 
77500 0.01851361 0.01851361 
77600 0.01851361 0.01851361 
77700 0.01851361 0.01851361 
77800 0.01851361 0.01851361 
77900 0.01851361 0.01851361 
78000 0.01851361 0.01851361 
78100 0.01851361 0.01851361 
78200 0.01851361 0.01851361 
78300 0.01851361 0.01851361 
78400 0.01851361 0.01851361 
78500 0.01851361 0.01851361 
78600 0.01851361 0.01851361 
78700 0.01851361 0.01851361 
78800 0.01851361 0.01851361 
78900 0.01851361 0.01851361 
79000 0.01851361 0.01851361 
79100 0.01851361 0.01851361 
79200 0.01851361 0.01851361 
79300 0.01851361 0.01851361 
79400 0.01851361 0.01851361 
79500 0.01851361 0.01851361 
79600 0.01851361 0.01851361 
79700 0.01851361 0.01851361 
79800 0.01851361 0.01851361 
79900 0.01851361 0.01851361 
80000 0.01851361 0.01851361 
80100 0.01851361 0.01851361 
80200 0.01851361 0.01851361 
80300 0.01851361 0.01851361 
80400 0.01851361 0.01851361 
80500 0.01851361 0.01851361 
80600 0.01851361 0.01851361 
80700 0.01851361 0.01851361 
80800 0.01851361 0.01851361 
80900 0.01851361 0.01851361 
81000 0.01851361 0.01851361 
81100 0.01851361 0.01851361 
81200 0.01851361 0.01851361 
81300 0.01851361 0.01851361 
81400 0.01851361 0.01851361 
81500 0.01851361 0.01851361 
81600 0.01851361 0.01851361 
81700 0.01851361 0.01851361 
81800 0.01851361 0.01851361 
81900 0.01851361 0.01851361 
82000 0.01851361 0.01851361 
82100 0.01851361 0.01851361 
82200 0.01851361 0.01851361 
82300 0.01851361 0.01851361 
82400 0.01851361 0.01851361 
82500 0.01851361 0.01851361 
82600 0.01851361 0.01851361 
82700 0.01851361 0.01851361 
82800 0.01851361 0.01851361 
82900 0.01851361 0.01851361 
83000 0.01851361 0.01851361 
83100 0.01851361 0.01851361 
83200 0.01851361 0.01851361 
83300 0.01851361 0.01851361 
83400 0.01851361 0.01851361 
83500 0.01851361 0.01851361 
83600 0.01851361 0.01851361 
83700 0.01851361 0.01851361 
83800 0.01851361 0.01851361 
83900 0.01851361 0.01851361 
84000 0.01851361 0.01851361 
84100 0.01851361 0.01851361 
84200 0.01851361 0.01851361 
84300 0.01851361 0.01851361 
84400 0.00135408 0.00135408 
84500 0.00135408 0.00135408 
84600 0.00135408 0.00135408 
84700 0.00135408 0.00135408 
84800 0.00135408 0.00135408 
84900 0.00135408 0.00135408 
85000 0.00135408 0.00135408 
85100 0.00135408 0.00135408 
85200 0.00135408 0.00135408 
85300 0.00135408 0.00135408 
85400 0.00135408 0.00135408 
85500 0.00135408 0.00135408 
85600 0.00135408 0.00135408 
85700 0.00135408 0.00135408 
85800 0.00135408 0.00135408 
85900 0.00135408 0.00135408 
86000 0.00135408 0.00135408 
86100 0.00135408 0.00135408 
86200 0.00135408 0.00135408 
86300 0.00135408 0.00135408 
86400 0.00135408 0.00135408 
86500 0.00135408 0.00135408 
86600 0.00135408 0.00135408 
86700 0.00135408 0.00135408 
86800 0.00135408 0.00135408 
86900 0.00135408 0.00135408 
87000 0.00135408 0.00135408 
87100 0.00135408 0.00135408 
87200 0.00135408 0.00135408 
87300 0.00135408 0.00135408 
87400 0.00135408 0.00135408 
87500 0.00135408 0.00135408 
87600 0.00135408 0.00135408 
87700 0.00135408 0.00135408 
87800 0.00135408 0.00135408 
87900 0.00135408 0.00135408 
88000 0.00135408 0.00135408 
88100 0.00135408 0.00135408 
88200 0.00135408 0.00135408 
88300 0.00135408 0.00135408 
88400 0.00135408 0.00135408 
88500 0.00135408 0.00135408 
88600 0.00135408 0.00135408 
88700 0.00135408 0.00135408 
88800 0.00135408 0.00135408 
88900 0.00135408 0.00135408 
89000 0.00135408 0.00135408 
89100 0.00135408 0.00135408 
89200 0.00135408 0.00135408 
89300 0.00135408 0.00135408 
89400 0.00135408 0.00135408 
89500 0.00135408 0.00135408 
89600 0.00135408 0.00135408 
89700 0.00135408 0.00135408 
89800 0.00135408 0.00135408 
89900 0.00135408 0.00135408 
90000 0.00135408 0.00135408 
90100 0.00135408 0.00135408 
90200 0.00135408 0.00135408 
90300 0.00135408 0.00135408 
90400 0.00135408 0.00135408 
90500 0.00135408 0.00135408 
90600 0.00135408 0.00135408 
90700 0.00135408 0.00135408 
90800 0.00135408 0.00135408 
90900 0.00135408 0.00135408 
91000 0.00135408 0.00135408 
91100 0.00135408 0.00135408 
91200 0.00135408 0.00135408 
91300 0.00135408 0.00135408 
91400 0.00135408 0.00135408 
91500 0.00135408 0.00135408 
91600 0.00135408 0.00135408 
91700 0.00135408 0.00135408 
91800 0.00135408 0.00135408 
91900 0.00135408 0.00135408 
92000 0.00135408 0.00135408 
92100 0.00135408 0.00135408 
92200 0.00135408 0.00135408 
92300 0.00135408 0.00135408 
92400 0.00135408 0.00135408 
92500 0.00135408 0.00135408 
92600 0.00135408 0.00135408 
92700 0.00135408 0.00135408 
92800 0.00135408 0.00135408 
92900 0.00135408 0.00135408 
93000 0.00135408 0.00135408 
93100 0.00135408 0.00135408 
93200 0.00135408 0.00135408 
93300 0.00135408 0.00135408 
93400 0.00135408 0.00135408 
93500 0.00135408 0.00135408 
93600 0.00135408 0.00135408 
93700 0.00135408 0.00135408 
93800 0.00135408 0.00135408 
93900 0.00135408 0.00135408 
94000 0.00135408 0.00135408 
94100 0.00135408 0.00135408 
94200 0.00135408 0.00135408 
94300 0.00135408 0.00135408 
94400 0.00135408 0.00135408 
94500 0.00135408 0.00135408 
94600 0.00135408 0.00135408 
94700 0.00135408 0.00135408 
94800 0.00135408 0.00135408 
94900 0.00135408 0.00135408 
95000 0.00135408 0.00135408 
95100 0.00135408 0.00135408 
95200 0.00135408 0.00135408 
95300 0.00135408 0.00135408 
95400 0.00135408 0.00135408 
95500 0.00135408 0.00135408 
95600 0.00135408 0.00135408 
95700 0.00135408 0.00135408 
95800 0.00135408 0.00135408 
95900 0.00135408 0.00135408 
96000 0.00135408 0.00135408 
96100 0.00135408 0.00135408 
96200 0.00135408 0.00135408 
96300 0.00135408 0.00135408 
96400 0.00135408 0.00135408 
96500 0.00135408 0.00135408 
96600 0.00135408 0.00135408 
96700 0.00135408 0.00135408 
96800 0.00135408 0.00135408 
96900 0.00135408 0.00135408 
97000 0.00135408 0.00135408 
97100 0.00135408 0.00135408 
97200 0.00135408 0.00135408 
97300 0.00135408 0.00135408 
97400 0.00135408 0.00135408 
97500 0.00135408 0.00135408 
97600 0.00135408 0.00135408 
97700 0.00135408 0.00135408 
97800 0.00135408 0.00135408 
97900 0.00135408 0.00135408 
98000 0.00135408 0.00135408 
98100 0.00135408 0.00135408 
98200 0.00135408 0.00135408 
98300 0.00135408 0.00135408 
98400 0.00135408 0.00135408 
98500 0.00135408 0.00135408 
98600 0.00135408 0.00135408 
98700 0.00135408 0.00135408 
98800 0.00135408 0.00135408 
98900 0.00135408 0.00135408 
99000 0.00135408 0.00135408 
99100 0.00135408 0.00135408 
99200 0.00135408 0.00135408 
99300 0.00135408 0.00135408 
99400 0.00067004 0.00067004 
99500 0.00067004 0.00067004 
99600 0.00067004 0.00067004 
99700 0.00067004 0.00067004 
99800 0.00067004 0.00067004 
99900 0.00067004 0.00067004 
100000 0.00067004 0.00067004 
100100 0.00067004 0.00067004 
100200 0.00067004 0.00067004 
100300 0.00067004 0.00067004 
100400 0.00067004 0.00067004 
100500 0.00067004 0.00067004 
100600 0.00067004 0.00067004 
100700 0.00067004 0.00067004 
100800 0.00067004 0.00067004 
100900 0.00067004 0.00067004 
101000 0.00067004 0.00067004 
101100 0.00067004 0.00067004 
101200 0.00067004 0.00067004 
101300 0.00067004 0.00067004 
101400 0.00067004 0.00067004 
101500 0.00067004 0.00067004 
101600 0.00067004 0.00067004 
101700 0.00067004 0.00067004 
101800 0.00067004 0.00067004 
101900 0.00067004 0.00067004 
102000 0.00067004 0.00067004 
102100 0.00067004 0.00067004 
102200 0.00067004 0.00067004 
102300 0.00067004 0.00067004 
102400 0.00067004 0.00067004 
102500 0.00067004 0.00067004 
102600 0.00067004 0.00067004 
102700 0.00067004 0.00067004 
102800 0.00067004 0.00067004 
102900 0.00067004 0.00067004 
103000 0.00067004 0.00067004 
103100 0.00067004 0.00067004 
103200 0.00067004 0.00067004 
103300 0.00067004 0.00067004 
103400 0.00067004 0.00067004 
103500 0.00067004 0.00067004 
103600 0.00067004 0.00067004 
103700 0.00067004 0.00067004 
103800 0.00067004 0.00067004 
103900 0.00067004 0.00067004 
104000 0.00067004 0.00067004 
104100 0.00067004 0.00067004 
104200 0.00067004 0.00067004 
104300 0.00067004 0.00067004 
104400 0.00067004 0.00067004 
104500 0.00067004 0.00067004 
104600 0.00067004 0.00067004 
104700 0.00067004 0.00067004 
104800 0.00067004 0.00067004 
104900 0.00067004 0.00067004 
105000 0.00067004 0.00067004 
105100 0.00067004 0.00067004 
105200 0.00067004 0.00067004 
105300 0.00067004 0.00067004 
105400 0.00067004 0.00067004 
105500 0.00067004 0.00067004 
105600 0.00067004 0.00067004 
105700 0.00067004 0.00067004 
105800 0.00067004 0.00067004 
105900 0.00067004 0.00067004 
106000 0.00067004 0.00067004 
106100 0.00067004 0.00067004 
106200 0.00067004 0.00067004 
106300 0.00067004 0.00067004 
106400 0.00067004 0.00067004 
106500 0.00067004 0.00067004 
106600 0.00067004 0.00067004 
106700 0.00067004 0.00067004 
106800 0.00067004 0.00067004 
106900 0.00067004 0.00067004 
107000 0.00067004 0.00067004 
107100 0.00067004 0.00067004 
107200 0.00067004 0.00067004 
107300 0.00067004 0.00067004 
107400 0.00067004 0.00067004 
107500 0.00067004 0.00067004 
107600 0.00067004 0.00067004 
107700 0.00067004 0.00067004 
107800 0.00067004 0.00067004 
107900 0.00067004 0.00067004 
108000 0.00067004 0.00067004 
108100 0.00067004 0.00067004 
108200 0.00067004 0.00067004 
108300 0.00067004 0.00067004 
108400 0.00067004 0.00067004 
108500 0.00067004 0.00067004 
108600 0.00067004 0.00067004 
108700 0.00067004 0.00067004 
108800 0.00067004 0.00067004 
108900 0.00067004 0.00067004 
109000 0.00067004 0.00067004 
109100 0.00067004 0.00067004 
109200 0.00067004 0.00067004 
109300 0.00067004 0.00067004 
109400 0.00067004 0.00067004 
109500 0.00067004 0.00067004 
109600 0.00067004 0.00067004 
109700 0.00067004 0.00067004 
109800 0.00067004 0.00067004 
109900 0.00067004 0.00067004 
110000 0.00067004 0.00067004 
110100 0.00067004 0.00067004 
110200 0.00067004 0.00067004 
110300 0.00067004 0.00067004 
110400 0.00067004 0.00067004 
110500 0.00067004 0.00067004 
110600 0.00067004 0.00067004 
110700 0.00067004 0.00067004 
110800 0.00067004 0.00067004 
110900 0.00067004 0.00067004 
111000 0.00067004 0.00067004 
111100 0.00067004 0.00067004 
111200 0.00067004 0.00067004 
111300 0.00067004 0.00067004 
111400 0.00067004 0.00067004 
111500 0.00067004 0.00067004 
111600 0.00067004 0.00067004 
111700 0.00067004 0.00067004 
111800 0.00067004 0.00067004 
111900 0.00067004 0.00067004 
112000 0.00067004 0.00067004 
112100 0.00067004 0.00067004 
112200 0.00067004 0.00067004 
112300 0.00067004 0.00067004 
112400 0.00067004 0.00067004 
112500 0.00067004 0.00067004 
112600 0.00067004 0.00067004 
112700 0.00067004 0.00067004 
112800 0.00067004 0.00067004 
112900 0.00067004 0.00067004 
113000 0.00067004 0.00067004 
113100 0.00067004 0.00067004 
113200 0.00067004 0.00067004 
113300 0.00067004 0.00067004 
113400 0.00067004 0.00067004 
113500 0.00067004 0.00067004 
113600 0.00067004 0.00067004 
113700 0.00067004 0.00067004 
113800 0.00067004 0.00067004 
113900 0.00067004 0.00067004 
114000 0.00067004 0.00067004 
114100 0.00067004 0.00067004 
114200 0.00067004 0.00067004 
114300 0.00067004 0.00067004 
114400 0.00067004 0.00067004 
114500 0.00067004 0.00067004 
114600 0.00067004 0.00067004 
114700 0.00067004 0.00067004 
114800 0.00067004 0.00067004 
114900 0.00067004 0.00067004 
115000 0.00067004 0.00067004 
115100 0.00067004 0.00067004 
115200 0.00067004 0.00067004 
115300 0.00067004 0.00067004 
115400 0.00067004 0.00067004 
115500 0.00067004 0.00067004 
115600 0.00067004 0.00067004 
115700 0.00067004 0.00067004 
115800 0.00067004 0.00067004 
115900 0.00067004 0.00067004 
116000 0.00067004 0.00067004 
116100 0.00067004 0.00067004 
116200 0.00067004 0.00067004 
116300 0.00067004 0.00067004 
116400 0.00067004 0.00067004 
116500 0.00067004 0.00067004 
116600 0.00067004 0.00067004 
116700 0.00067004 0.00067004 
116800 0.00067004 0.00067004 
116900 0.00067004 0.00067004 
117000 0.00067004 0.00067004 
117100 0.00067004 0.00067004 
117200 0.00067004 0.00067004 
117300 0.00067004 0.00067004 
117400 0.00067004 0.00067004 
117500 0.00067004 0.00067004 
117600 0.00067004 0.00067004 
117700 0.00067004 0.00067004 
117800 0.00067004 0.00067004 
117900 0.00067004 0.00067004 
118000 0.00067004 0.00067004 
118100 0.00067004 0.00067004 
118200 0.00067004 0.00067004 
118300 0.00067004 0.00067004 
118400 0.00067004 0.00067004 
118500 0.00067004 0.00067004 
118600 0.00067004 0.00067004 
118700 0.00067004 0.00067004 
118800 0.00067004 0.00067004 
118900 0.00067004 0.00067004 
119000 0.00067004 0.00067004 
119100 0.00067004 0.00067004 
119200 0.00067004 0.00067004 
119300 0.00067004 0.00067004 
119400 0.00067004 0.00067004 
119500 0.00067004 0.00067004 
119600 0.00067004 0.00067004 
119700 0.00067004 0.00067004 
119800 0.00067004 0.00067004 
119900 0.00067004 0.00067004 
120000 0.00067004 0.00067004 
120100 0.00067004 0.00067004 
120200 0.00067004 0.00067004 
120300 0.00067004 0.00067004 
120400 0.00067004 0.00067004 
120500 0.00067004 0.00067004 
120600 0.00067004 0.00067004 
120700 0.00067004 0.00067004 
120800 0.00067004 0.00067004 
120900 0.00067004 0.00067004 
121000 0.00067004 0.00067004 
121100 0.00067004 0.00067004 
121200 0.00067004 0.00067004 
121300 0.00067004 0.00067004 
121400 0.00067004 0.00067004 
121500 0.00067004 0.00067004 
121600 0.00067004 0.00067004 
121700 0.00067004 0.00067004 
121800 0.00067004 0.00067004 
121900 0.00067004 0.00067004 
122000 0.00067004 0.00067004 
122100 0.00067004 0.00067004 
122200 0.00067004 0.00067004 
122300 0.00067004 0.00067004 
122400 0.00067004 0.00067004 
122500 0.00067004 0.00067004 
122600 0.00067004 0.00067004 
122700 0.00067004 0.00067004 
122800 0.00067004 0.00067004 
122900 0.00067004 0.00067004 
123000 0.00067004 0.00067004 
123100 0.00067004 0.00067004 
123200 0.00067004 0.00067004 
123300 0.00067004 0.00067004 
123400 0.00067004 0.00067004 
123500 0.00067004 0.00067004 
123600 0.00067004 0.00067004 
123700 0.00067004 0.00067004 
123800 0.00067004 0.00067004 
123900 0.00067004 0.00067004 
124000 0.00067004 0.00067004 
124100 0.00067004 0.00067004 
124200 0.00067004 0.00067004 
124300 0.00067004 0.00067004 
124400 0.00067004 0.00067004 
124500 0.00067004 0.00067004 
124600 0.00067004 0.00067004 
124700 0.00067004 0.00067004 
124800 0.00067004 0.00067004 
124900 0.00067004 0.00067004 
125000 0.00067004 0.00067004 
125100 0.00067004 0.00067004 
125200 0.00067004 0.00067004 
125300 0.00067004 0.00067004 
125400 0.00067004 0.00067004 
125500 0.00067004 0.00067004 
125600 0.00067004 0.00067004 
125700 0.00067004 0.00067004 
125800 0.00067004 0.00067004 
125900 0.00067004 0.00067004 
126000 0.00067004 0.00067004 
126100 0.00067004 0.00067004 
126200 0.00067004 0.00067004 
126300 0.00067004 0.00067004 
126400 0.00067004 0.00067004 
126500 0.00067004 0.00067004 
126600 0.00067004 0.00067004 
126700 0.00067004 0.00067004 
126800 0.00067004 0.00067004 
126900 0.00067004 0.00067004 
127000 0.00067004 0.00067004 
127100 0.00067004 0.00067004 
127200 0.00067004 0.00067004 
127300 0.00067004 0.00067004 
127400 0.00067004 0.00067004 
127500 0.00067004 0.00067004 
127600 0.00067004 0.00067004 
127700 0.00067004 0.00067004 
127800 0.00067004 0.00067004 
127900 0.00067004 0.00067004 
128000 0.00067004 0.00067004 
128100 0.00067004 0.00067004 
128200 0.00067004 0.00067004 
128300 0.00067004 0.00067004 
128400 0.00067004 0.00067004 
128500 0.00067004 0.00067004 
128600 0.00067004 0.00067004 
128700 0.00067004 0.00067004 
128800 0.00067004 0.00067004 
128900 0.00067004 0.00067004 
129000 0.00067004 0.00067004 
129100 0.00067004 0.00067004 
129200 0.00067004 0.00067004 
129300 0.00067004 0.00067004 
129400 0.00067004 0.00067004 
129500 0.00067004 0.00067004 
129600 0.00067004 0.00067004 
129700 0.00067004 0.00067004 
129800 0.00067004 0.00067004 
129900 0.00067004 0.00067004 
130000 0.00067004 0.00067004 
130100 0.00067004 0.00067004 
130200 0.00067004 0.00067004 
130300 0.00067004 0.00067004 
130400 0.00067004 0.00067004 
130500 0.00067004 0.00067004 
130600 0.00067004 0.00067004 
130700 0.00067004 0.00067004 
130800 0.00067004 0.00067004 
130900 0.00067004 0.00067004 
131000 0.00067004 0.00067004 
131100 0.00067004 0.00067004 
131200 0.00067004 0.00067004 
131300 0.00067004 0.00067004 
131400 0.00067004 0.00067004 
131500 0.00067004 0.00067004 
131600 0.00067004 0.00067004 
131700 0.00067004 0.00067004 
131800 0.00067004 0.00067004 
131900 0.00067004 0.00067004 
132000 0.00067004 0.00067004 
132100 0.00067004 0.00067004 
132200 0.00067004 0.00067004 
132300 0.00067004 0.00067004 
132400 0.00067004 0.00067004 
132500 0.00067004 0.00067004 
132600 0.00067004 0.00067004 
132700 0.00067004 0.00067004 
132800 0.00067004 0.00067004 
132900 0.00067004 0.00067004 
133000 0.00067004 0.00067004 
133100 0.00067004 0.00067004 
133200 0.00067004 0.00067004 
133300 0.00067004 0.00067004 
133400 0.00067004 0.00067004 
133500 0.00067004 0.00067004 
133600 0.00067004 0.00067004 
133700 0.00067004 0.00067004 
133800 0.00067004 0.00067004 
133900 0.00067004 0.00067004 
134000 0.00067004 0.00067004 
134100 0.00067004 0.00067004 
134200 0.00067004 0.00067004 
134300 0.00067004 0.00067004 
134400 0.00067004 0.00067004 
134500 0.00067004 0.00067004 
134600 0.00067004 0.00067004 
134700 0.00067004 0.00067004 
134800 0.00067004 0.00067004 
134900 0.00067004 0.00067004 
135000 0.00067004 0.00067004 
135100 0.00067004 0.00067004 
135200 0.00067004 0.00067004 
135300 0.00067004 0.00067004 
135400 0.00067004 0.00067004 
135500 0.00067004 0.00067004 
135600 0.00067004 0.00067004 
135700 0.00067004 0.00067004 
135800 0.00067004 0.00067004 
135900 0.00067004 0.00067004 
136000 0.00067004 0.00067004 
136100 0.00067004 0.00067004 
136200 0.00067004 0.00067004 
136300 0.00067004 0.00067004 
136400 0.00067004 0.00067004 
136500 0.00067004 0.00067004 
136600 0.00067004 0.00067004 
136700 0.00067004 0.00067004 
136800 0.00067004 0.00067004 
136900 0.00067004 0.00067004 
137000 0.00067004 0.00067004 
137100 0.00067004 0.00067004 
137200 0.00067004 0.00067004 
137300 0.00067004 0.00067004 
137400 0.00067004 0.00067004 
137500 0.00067004 0.00067004 
137600 0.00067004 0.00067004 
137700 0.00067004 0.00067004 
137800 0.00067004 0.00067004 
137900 0.00067004 0.00067004 
138000 0.00067004 0.00067004 
138100 0.00067004 0.00067004 
138200 0.00067004 0.00067004 
138300 0.00067004 0.00067004 
138400 0.00067004 0.00067004 
138500 0.00067004 0.00067004 
138600 0.00067004 0.00067004 
138700 0.00067004 0.00067004 
138800 0.00067004 0.00067004 
138900 0.00067004 0.00067004 
139000 0.00067004 0.00067004 
139100 0.00067004 0.00067004 
139200 0.00067004 0.00067004 
139300 0.00067004 0.00067004 
139400 0.00067004 0.00067004 
139500 0.00067004 0.00067004 
139600 0.00067004 0.00067004 
139700 0.00067004 0.00067004 
139800 0.00067004 0.00067004 
139900 0.00067004 0.00067004 
140000 0.00067004 0.00067004 
140100 0.00067004 0.00067004 
140200 0.00067004 0.00067004 
140300 0.00067004 0.00067004 
140400 0.00067004 0.00067004 
140500 0.00067004 0.00067004 
140600 0.00067004 0.00067004 
140700 0.00067004 0.00067004 
140800 0.00067004 0.00067004 
140900 0.00067004 0.00067004 
141000 0.00067004 0.00067004 
141100 0.00067004 0.00067004 
141200 0.00067004 0.00067004 
141300 0.00067004 0.00067004 
141400 0.00067004 0.00067004 
141500 0.00067004 0.00067004 
141600 0.00067004 0.00067004 
141700 0.00067004 0.00067004 
141800 0.00067004 0.00067004 
141900 0.00067004 0.00067004 
142000 0.00067004 0.00067004 
142100 0.00067004 0.00067004 
142200 0.00067004 0.00067004 
142300 0.00067004 0.00067004 
142400 0.00067004 0.00067004 
142500 0.00067004 0.00067004 
142600 0.00067004 0.00067004 
142700 0.00067004 0.00067004 
142800 0.00067004 0.00067004 
142900 0.00067004 0.00067004 
143000 0.00067004 0.00067004 
143100 0.00067004 0.00067004 
143200 0.00067004 0.00067004 
143300 0.00067004 0.00067004 
143400 0.00067004 0.00067004 
143500 0.00067004 0.00067004 
143600 0.00067004 0.00067004 
143700 0.00067004 0.00067004 
143800 0.00067004 0.00067004 
143900 0.00067004 0.00067004 
144000 0.00067004 0.00067004 
144100 0.00067004 0.00067004 
144200 0.00067004 0.00067004 
144300 0.00067004 0.00067004 
144400 0.00067004 0.00067004 
144500 0.00067004 0.00067004 
144600 0.00067004 0.00067004 
144700 0.00067004 0.00067004 
144800 0.00067004 0.00067004 
144900 0.00067004 0.00067004 
145000 0.00067004 0.00067004 
145100 0.00067004 0.00067004 
145200 0.00067004 0.00067004 
145300 0.00067004 0.00067004 
145400 0.00067004 0.00067004 
145500 0.00067004 0.00067004 
145600 0.00067004 0.00067004 
145700 0.00067004 0.00067004 
145800 0.00067004 0.00067004 
145900 0.00067004 0.00067004 
146000 0.00067004 0.00067004 
146100 0.00067004 0.00067004 
146200 0.00067004 0.00067004 
146300 0.00067004 0.00067004 
146400 0.00067004 0.00067004 
146500 0.00067004 0.00067004 
146600 0.00067004 0.00067004 
146700 0.00067004 0.00067004 
146800 0.00067004 0.00067004 
146900 0.00067004 0.00067004 
147000 0.00067004 0.00067004 
147100 0.00067004 0.00067004 
147200 0.00067004 0.00067004 
147300 0.00067004 0.00067004 
147400 0.00067004 0.00067004 
147500 0.00067004 0.00067004 
147600 0.00067004 0.00067004 
147700 0.00067004 0.00067004 
147800 0.00067004 0.00067004 
147900 0.00067004 0.00067004 
148000 0.00067004 0.00067004 
148100 0.00067004 0.00067004 
148200 0.00067004 0.00067004 
148300 0.00067004 0.00067004 
148400 0.00067004 0.00067004 
148500 0.00067004 0.00067004 
148600 0.00067004 0.00067004 
148700 0.00067004 0.00067004 
148800 0.00067004 0.00067004 
148900 0.00067004 0.00067004 
149000 0.00067004 0.00067004 
149100 0.00067004 0.00067004 
149200 0.00067004 0.00067004 
149300 0.00067004 0.00067004 
149400 0.00067004 0.00067004 
149500 0.00067004 0.00067004 
149600 0.00067004 0.00067004 
149700 0.00067004 0.00067004 
149800 0.00067004 0.00067004 
149900 0.00067004 0.00067004 
150000 0.00067004 0.00067004 
150100 0.00067004 0.00067004 
150200 0.00067004 0.00067004 
150300 0.00067004 0.00067004 
150400 0.00067004 0.00067004 
150500 0.00067004 0.00067004 
150600 0.00067004 0.00067004 
150700 0.00067004 0.00067004 
150800 0.00067004 0.00067004 
150900 0.00067004 0.00067004 
151000 0.00067004 0.00067004 
151100 0.00067004 0.00067004 
151200 0.00067004 0.00067004 
151300 0.00067004 0.00067004 
151400 0.00067004 0.00067004 
151500 0.00067004 0.00067004 
151600 0.00067004 0.00067004 
151700 0.00067004 0.00067004 
151800 0.00067004 0.00067004 
151900 0.00067004 0.00067004 
152000 0.00067004 0.00067004 
152100 0.00067004 0.00067004 
152200 0.00067004 0.00067004 
152300 0.00067004 0.00067004 
152400 0.00067004 0.00067004 
152500 0.00067004 0.00067004 
152600 0.00067004 0.00067004 
152700 0.00067004 0.00067004 
152800 0.00067004 0.00067004 
152900 0.00067004 0.00067004 
153000 0.00067004 0.00067004 
153100 0.00067004 0.00067004 
153200 0.00067004 0.00067004 
153300 0.00067004 0.00067004 
153400 0.00067004 0.00067004 
153500 0.00067004 0.00067004 
153600 0.00067004 0.00067004 
153700 0.00067004 0.00067004 
153800 0.00067004 0.00067004 
153900 0.00067004 0.00067004 
154000 0.00067004 0.00067004 
154100 0.00067004 0.00067004 
154200 0.00067004 0.00067004 
154300 0.00067004 0.00067004 
154400 0.00067004 0.00067004 
154500 0.00067004 0.00067004 
154600 0.00067004 0.00067004 
154700 0.00067004 0.00067004 
154800 0.00067004 0.00067004 
154900 0.00067004 0.00067004 
155000 0.00067004 0.00067004 
155100 0.00067004 0.00067004 
155200 0.00067004 0.00067004 
155300 0.00067004 0.00067004 
155400 0.00067004 0.00067004 
155500 0.00067004 0.00067004 
155600 0.00067004 0.00067004 
155700 0.00067004 0.00067004 
155800 0.00067004 0.00067004 
155900 0.00067004 0.00067004 
156000 0.00067004 0.00067004 
156100 0.00067004 0.00067004 
156200 0.00067004 0.00067004 
156300 0.00067004 0.00067004 
156400 0.00067004 0.00067004 
156500 0.00067004 0.00067004 
156600 0.00067004 0.00067004 
156700 0.00067004 0.00067004 
156800 0.00067004 0.00067004 
156900 0.00067004 0.00067004 
157000 0.00067004 0.00067004 
157100 0.00067004 0.00067004 
157200 0.00067004 0.00067004 
157300 0.00067004 0.00067004 
157400 0.00067004 0.00067004 
157500 0.00067004 0.00067004 
157600 0.00067004 0.00067004 
157700 0.00067004 0.00067004 
157800 0.00067004 0.00067004 
157900 0.00067004 0.00067004 
158000 0.00067004 0.00067004 
158100 0.00067004 0.00067004 
158200 0.00067004 0.00067004 
158300 0.00067004 0.00067004 
158400 0.00067004 0.00067004 
158500 0.00067004 0.00067004 
158600 0.00067004 0.00067004 
158700 0.00067004 0.00067004 
158800 0.00067004 0.00067004 
158900 0.00067004 0.00067004 
159000 0.00067004 0.00067004 
159100 0.00067004 0.00067004 
159200 0.00067004 0.00067004 
159300 0.00067004 0.00067004 
159400 0.00067004 0.00067004 
159500 0.00067004 0.00067004 
159600 0.00067004 0.00067004 
159700 0.00067004 0.00067004 
159800 0.00067004 0.00067004 
159900 0.00067004 0.00067004 
160000 0.00067004 0.00067004 
160100 0.00067004 0.00067004 
160200 0.00067004 0.00067004 
160300 0.00067004 0.00067004 
160400 0.00067004 0.00067004 
160500 0.00067004 0.00067004 
160600 0.00067004 0.00067004 
160700 0.00067004 0.00067004 
160800 0.00067004 0.00067004 
160900 0.00067004 0.00067004 
161000 0.00067004 0.00067004 
161100 0.00067004 0.00067004 
161200 0.00067004 0.00067004 
161300 0.00067004 0.00067004 
161400 0.00067004 0.00067004 
161500 0.00067004 0.00067004 
161600 0.00067004 0.00067004 
161700 0.00067004 0.00067004 
161800 0.00067004 0.00067004 
161900 0.00067004 0.00067004 
162000 0.00067004 0.00067004 
162100 0.00067004 0.00067004 
162200 0.00067004 0.00067004 
162300 0.00067004 0.00067004 
162400 0.00067004 0.00067004 
162500 0.00067004 0.00067004 
162600 0.00067004 0.00067004 
162700 0.00067004 0.00067004 
162800 0.00067004 0.00067004 
162900 0.00067004 0.00067004 
163000 0.00067004 0.00067004 
163100 0.00067004 0.00067004 
163200 0.00067004 0.00067004 
163300 0.00067004 0.00067004 
163400 0.00067004 0.00067004 
163500 0.00067004 0.00067004 
163600 0.00067004 0.00067004 
163700 0.00067004 0.00067004 
163800 0.00067004 0.00067004 
163900 0.00067004 0.00067004 
164000 0.00067004 0.00067004 
164100 0.00067004 0.00067004 
164200 0.00067004 0.00067004 
164300 0.00067004 0.00067004 
164400 0.00067004 0.00067004 
164500 0.00067004 0.00067004 
164600 0.00067004 0.00067004 
164700 0.00067004 0.00067004 
164800 0.00067004 0.00067004 
164900 0.00067004 0.00067004 
165000 0.00067004 0.00067004 
165100 0.00067004 0.00067004 
165200 0.00067004 0.00067004 
165300 0.00067004 0.00067004 
165400 0.00067004 0.00067004 
165500 0.00067004 0.00067004 
165600 0.00067004 0.00067004 
165700 0.00067004 0.00067004 
165800 0.00067004 0.00067004 
165900 0.00067004 0.00067004 
166000 0.00067004 0.00067004 
166100 0.00067004 0.00067004 
166200 0.00067004 0.00067004 
166300 0.00067004 0.00067004 
166400 0.00067004 0.00067004 
166500 0.00067004 0.00067004 
166600 0.00067004 0.00067004 
166700 0.00067004 0.00067004 
166800 0.00067004 0.00067004 
166900 0.00067004 0.00067004 
167000 0.00067004 0.00067004 
167100 0.00067004 0.00067004 
167200 0.00067004 0.00067004 
167300 0.00067004 0.00067004 
167400 0.00067004 0.00067004 
167500 0.00067004 0.00067004 
167600 0.00067004 0.00067004 
167700 0.00067004 0.00067004 
167800 0.00067004 0.00067004 
167900 0.00067004 0.00067004 
168000 0.00067004 0.00067004 
168100 0.00067004 0.00067004 
168200 0.00067004 0.00067004 
168300 0.00067004 0.00067004 
168400 0.00067004 0.00067004 
168500 0.00067004 0.00067004 
168600 0.00067004 0.00067004 
168700 0.00067004 0.00067004 
168800 0.00067004 0.00067004 
168900 0.00067004 0.00067004 
169000 0.00067004 0.00067004 
169100 0.00067004 0.00067004 
169200 0.00067004 0.00067004 
169300 0.00067004 0.00067004 
169400 0.00067004 0.00067004 
169500 0.00067004 0.00067004 
169600 0.00067004 0.00067004 
169700 0.00067004 0.00067004 
169800 0.00067004 0.00067004 
169900 0.00067004 0.00067004 
170000 0.00067004 0.00067004 
170100 0.00067004 0.00067004 
170200 0.00067004 0.00067004 
170300 0.00067004 0.00067004 
170400 0.00067004 0.00067004 
170500 0.00067004 0.00067004 
170600 0.00067004 0.00067004 
170700 0.00067004 0.00067004 
170800 0.00067004 0.00067004 
170900 0.00067004 0.00067004 
171000 0.00067004 0.00067004 
171100 0.00067004 0.00067004 
171200 0.00067004 0.00067004 
171300 0.00067004 0.00067004 
171400 0.00067004 0.00067004 
171500 0.00067004 0.00067004 
171600 0.00067004 0.00067004 
171700 0.00067004 0.00067004 
171800 0.00067004 0.00067004 
171900 0.00067004 0.00067004 
172000 0.00067004 0.00067004 
172100 0.00067004 0.00067004 
172200 0.00067004 0.00067004 
172300 0.00067004 0.00067004 
172400 0.00067004 0.00067004 
172500 0.00067004 0.00067004 
172600 0.00067004 0.00067004 
172700 0.00067004 0.00067004 
172800 0.00067004 0.00067004 
172900 0.00067004 0.00067004 
173000 0.00067004 0.00067004 
173100 0.00067004 0.00067004 
173200 0.00067004 0.00067004 
173300 0.00067004 0.00067004 
173400 0.00067004 0.00067004 
173500 0.00067004 0.00067004 
173600 0.00067004 0.00067004 
173700 0.00067004 0.00067004 
173800 0.00067004 0.00067004 
173900 0.00067004 0.00067004 
174000 0.00067004 0.00067004 
174100 0.00067004 0.00067004 
174200 0.00067004 0.00067004 
174300 0.00067004 0.00067004 
174400 0.00067004 0.00067004 
174500 0.00067004 0.00067004 
174600 0.00067004 0.00067004 
174700 0.00067004 0.00067004 
174800 0.00067004 0.00067004 
174900 0.00067004 0.00067004 
175000 0.00067004 0.00067004 
175100 0.00067004 0.00067004 
175200 0.00067004 0.00067004 
175300 0.00067004 0.00067004 
175400 0.00067004 0.00067004 
175500 0.00067004 0.00067004 
175600 0.00067004 0.00067004 
175700 0.00067004 0.00067004 
175800 0.00067004 0.00067004 
175900 0.00067004 0.00067004 
176000 0.00067004 0.00067004 
176100 0.00067004 0.00067004 
176200 0.00067004 0.00067004 
176300 0.00067004 0.00067004 
176400 0.00067004 0.00067004 
176500 0.00067004 0.00067004 
176600 0.00067004 0.00067004 
176700 0.00067004 0.00067004 
176800 0.00067004 0.00067004 
176900 0.00067004 0.00067004 
177000 0.00067004 0.00067004 
177100 0.00067004 0.00067004 
177200 0.00067004 0.00067004 
177300 0.00067004 0.00067004 
177400 0.00067004 0.00067004 
177500 0.00067004 0.00067004 
177600 0.00067004 0.00067004 
177700 0.00067004 0.00067004 
177800 0.00067004 0.00067004 
177900 0.00067004 0.00067004 
178000 0.00067004 0.00067004 
178100 0.00067004 0.00067004 
178200 0.00067004 0.00067004 
178300 0.00067004 0.00067004 
178400 0.00067004 0.00067004 
178500 0.00067004 0.00067004 
178600 0.00067004 0.00067004 
178700 0.00067004 0.00067004 
178800 0.00067004 0.00067004 
178900 0.00067004 0.00067004 
179000 0.00067004 0.00067004 
179100 0.00067004 0.00067004 
179200 0.00067004 0.00067004 
179300 0.00067004 0.00067004 
179400 0.00067004 0.00067004 
179500 0.00067004 0.00067004 
179600 0.00067004 0.00067004 
179700 0.00067004 0.00067004 
179800 0.00067004 0.00067004 
179900 0.00067004 0.00067004 
180000 0.00067004 0.00067004 
180100 0.00067004 0.00067004 
180200 0.00067004 0.00067004 
180300 0.00067004 0.00067004 
180400 0.00067004 0.00067004 
180500 0.00067004 0.00067004 
180600 0.00067004 0.00067004 
180700 0.00067004 0.00067004 
180800 0.00067004 0.00067004 
180900 0.00067004 0.00067004 
181000 0.00067004 0.00067004 
181100 0.00067004 0.00067004 
181200 0.00067004 0.00067004 
181300 0.00067004 0.00067004 
181400 0.00067004 0.00067004 
181500 0.00067004 0.00067004 
181600 0.00067004 0.00067004 
181700 0.00067004 0.00067004 
181800 0.00067004 0.00067004 
181900 0.00067004 0.00067004 
182000 0.00067004 0.00067004 
182100 0.00067004 0.00067004 
182200 0.00067004 0.00067004 
182300 0.00067004 0.00067004 
182400 0.00067004 0.00067004 
182500 0.00067004 0.00067004 
182600 0.00067004 0.00067004 
182700 0.00067004 0.00067004 
182800 0.00067004 0.00067004 
182900 0.00067004 0.00067004 
183000 0.00067004 0.00067004 
183100 0.00067004 0.00067004 
183200 0.00067004 0.00067004 
183300 0.00067004 0.00067004 
183400 0.00067004 0.00067004 
183500 0.00067004 0.00067004 
183600 0.00067004 0.00067004 
183700 0.00067004 0.00067004 
183800 0.00067004 0.00067004 
183900 0.00067004 0.00067004 
184000 0.00067004 0.00067004 
184100 0.00067004 0.00067004 
184200 0.00067004 0.00067004 
184300 0.00067004 0.00067004 
184400 0.00067004 0.00067004 
184500 0.00067004 0.00067004 
184600 0.00067004 0.00067004 
184700 0.00067004 0.00067004 
184800 0.00067004 0.00067004 
184900 0.00067004 0.00067004 
185000 0.00067004 0.00067004 
185100 0.00067004 0.00067004 
185200 0.00067004 0.00067004 
185300 0.00067004 0.00067004 
185400 0.00067004 0.00067004 
185500 0.00067004 0.00067004 
185600 0.00067004 0.00067004 
185700 0.00067004 0.00067004 
185800 0.00067004 0.00067004 
185900 0.00067004 0.00067004 
186000 0.00067004 0.00067004 
186100 0.00067004 0.00067004 
186200 0.00067004 0.00067004 
186300 0.00067004 0.00067004 
186400 0.00067004 0.00067004 
186500 0.00067004 0.00067004 
186600 0.00067004 0.00067004 
186700 0.00067004 0.00067004 
186800 0.00067004 0.00067004 
186900 0.00067004 0.00067004 
187000 0.00067004 0.00067004 
187100 0.00067004 0.00067004 
187200 0.00067004 0.00067004 
187300 0.00067004 0.00067004 
187400 0.00067004 0.00067004 
187500 0.00067004 0.00067004 
187600 0.00067004 0.00067004 
187700 0.00067004 0.00067004 
187800 0.00067004 0.00067004 
187900 0.00067004 0.00067004 
188000 0.00067004 0.00067004 
188100 0.00067004 0.00067004 
188200 0.00067004 0.00067004 
188300 0.00067004 0.00067004 
188400 0.00067004 0.00067004 
188500 0.00067004 0.00067004 
188600 0.00067004 0.00067004 
188700 0.00067004 0.00067004 
188800 0.00067004 0.00067004 
188900 0.00067004 0.00067004 
189000 0.00067004 0.00067004 
189100 0.00067004 0.00067004 
189200 0.00067004 0.00067004 
189300 0.00067004 0.00067004 
189400 0.00067004 0.00067004 
189500 0.00067004 0.00067004 
189600 0.00067004 0.00067004 
189700 0.00067004 0.00067004 
189800 0.00067004 0.00067004 
189900 0.00067004 0.00067004 
190000 0.00067004 0.00067004 
190100 0.00067004 0.00067004 
190200 0.00067004 0.00067004 
190300 0.00067004 0.00067004 
190400 0.00067004 0.00067004 
190500 0.00067004 0.00067004 
190600 0.00067004 0.00067004 
190700 0.00067004 0.00067004 
190800 0.00067004 0.00067004 
190900 0.00067004 0.00067004 
191000 0.00067004 0.00067004 
191100 0.00067004 0.00067004 
191200 0.00067004 0.00067004 
191300 0.00067004 0.00067004 
191400 0.00067004 0.00067004 
191500 0.00067004 0.00067004 
191600 0.00067004 0.00067004 
191700 0.00067004 0.00067004 
191800 0.00067004 0.00067004 
191900 0.00067004 0.00067004 
192000 0.00067004 0.00067004 
192100 0.00067004 0.00067004 
192200 0.00067004 0.00067004 
192300 0.00067004 0.00067004 
192400 0.00067004 0.00067004 
192500 0.00067004 0.00067004 
192600 0.00067004 0.00067004 
192700 0.00067004 0.00067004 
192800 0.00067004 0.00067004 
192900 0.00067004 0.00067004 
193000 0.00067004 0.00067004 
193100 0.00067004 0.00067004 
193200 0.00067004 0.00067004 
193300 0.00067004 0.00067004 
193400 0.00067004 0.00067004 
193500 0.00067004 0.00067004 
193600 0.00067004 0.00067004 
193700 0.00067004 0.00067004 
193800 0.00067004 0.00067004 
193900 0.00067004 0.00067004 
194000 0.00067004 0.00067004 
194100 0.00067004 0.00067004 
194200 0.00067004 0.00067004 
194300 0.00067004 0.00067004 
194400 0.00067004 0.00067004 
194500 0.00067004 0.00067004 
194600 0.00067004 0.00067004 
194700 0.00067004 0.00067004 
194800 0.00067004 0.00067004 
194900 0.00067004 0.00067004 
195000 0.00067004 0.00067004 
195100 0.00067004 0.00067004 
195200 0.00067004 0.00067004 
195300 0.00067004 0.00067004 
195400 0.00067004 0.00067004 
195500 0.00067004 0.00067004 
195600 0.00067004 0.00067004 
195700 0.00067004 0.00067004 
195800 0.00067004 0.00067004 
195900 0.00067004 0.00067004 
196000 0.00067004 0.00067004 
196100 0.00067004 0.00067004 
196200 0.00067004 0.00067004 
196300 0.00067004 0.00067004 
196400 0.00067004 0.00067004 
196500 0.00067004 0.00067004 
196600 0.00067004 0.00067004 
196700 0.00067004 0.00067004 
196800 0.00067004 0.00067004 
196900 0.00067004 0.00067004 
197000 0.00067004 0.00067004 
197100 0.00067004 0.00067004 
197200 0.00067004 0.00067004 
197300 0.00067004 0.00067004 
197400 0.00067004 0.00067004 
197500 0.00067004 0.00067004 
197600 0.00067004 0.00067004 
197700 0.00067004 0.00067004 
197800 0.00067004 0.00067004 
197900 0.00067004 0.00067004 
198000 0.00067004 0.00067004 
198100 0.00067004 0.00067004 
198200 0.00067004 0.00067004 
198300 0.00067004 0.00067004 
198400 0.00067004 0.00067004 
198500 0.00067004 0.00067004 
198600 0.00067004 0.00067004 
198700 0.00067004 0.00067004 
198800 0.00067004 0.00067004 
198900 0.00067004 0.00067004 
199000 0.00067004 0.00067004 
199100 0.00067004 0.00067004 
199200 0.00067004 0.00067004 
199300 0.00067004 0.00067004 
199400 0.00067004 0.00067004 
199500 0.00067004 0.00067004 
199600 0.00067004 0.00067004 
199700 0.00067004 0.00067004 
199800 0.00067004 0.00067004 
199900 0.00067004 0.00067004 
200000 0.00067004 0.00067004 
200100 0.00067004 0.00067004 
200200 0.00067004 0.00067004 
200300 0.00067004 0.00067004 
200400 0.00067004 0.00067004 
200500 0.00067004 0.00067004 
200600 0.00067004 0.00067004 
200700 0.00067004 0.00067004 
200800 0.00067004 0.00067004 
200900 0.00067004 0.00067004 
201000 0.00067004 0.00067004 
201100 0.00067004 0.00067004 
201200 0.00067004 0.00067004 
201300 0.00067004 0.00067004 
201400 0.00067004 0.00067004 
201500 0.00067004 0.00067004 
201600 0.00067004 0.00067004 
201700 0.00067004 0.00067004 
201800 0.00067004 0.00067004 
201900 0.00067004 0.00067004 
202000 0.00067004 0.00067004 
202100 0.00067004 0.00067004 
202200 0.00067004 0.00067004 
202300 0.00067004 0.00067004 
202400 0.00067004 0.00067004 
202500 0.00067004 0.00067004 
202600 0.00067004 0.00067004 
202700 0.00067004 0.00067004 
202800 0.00067004 0.00067004 
202900 0.00067004 0.00067004 
203000 0.00067004 0.00067004 
203100 0.00067004 0.00067004 
203200 0.00067004 0.00067004 
203300 0.00067004 0.00067004 
203400 0.00067004 0.00067004 
203500 0.00067004 0.00067004 
203600 0.00067004 0.00067004 
203700 0.00067004 0.00067004 
203800 0.00067004 0.00067004 
203900 0.00067004 0.00067004 
204000 0.00067004 0.00067004 
204100 0.00067004 0.00067004 
204200 0.00067004 0.00067004 
204300 0.00067004 0.00067004 
204400 0.00067004 0.00067004 
204500 0.00067004 0.00067004 
204600 0.00067004 0.00067004 
204700 0.00067004 0.00067004 
204800 0.00067004 0.00067004 
204900 0.00067004 0.00067004 
205000 0.00067004 0.00067004 
205100 0.00067004 0.00067004 
205200 0.00067004 0.00067004 
205300 0.00067004 0.00067004 
205400 0.00067004 0.00067004 
205500 0.00067004 0.00067004 
205600 0.00067004 0.00067004 
205700 0.00067004 0.00067004 
205800 0.00067004 0.00067004 
205900 0.00067004 0.00067004 
206000 0.00067004 0.00067004 
206100 0.00067004 0.00067004 
206200 0.00067004 0.00067004 
206300 0.00067004 0.00067004 
206400 0.00067004 0.00067004 
206500 0.00067004 0.00067004 
206600 0.00067004 0.00067004 
206700 0.00067004 0.00067004 
206800 0.00067004 0.00067004 
206900 0.00067004 0.00067004 
207000 0.00067004 0.00067004 
207100 0.00067004 0.00067004 
207200 0.00067004 0.00067004 
207300 0.00067004 0.00067004 
207400 0.00067004 0.00067004 
207500 0.00067004 0.00067004 
207600 0.00067004 0.00067004 
207700 0.00067004 0.00067004 
207800 0.00067004 0.00067004 
207900 0.00067004 0.00067004 
208000 0.00067004 0.00067004 
208100 0.00067004 0.00067004 
208200 0.00067004 0.00067004 
208300 0.00067004 0.00067004 
208400 0.00067004 0.00067004 
208500 0.00067004 0.00067004 
208600 0.00067004 0.00067004 
208700 0.00067004 0.00067004 
208800 0.00067004 0.00067004 
208900 0.00067004 0.00067004 
209000 0.00067004 0.00067004 
209100 0.00067004 0.00067004 
209200 0.00067004 0.00067004 
209300 0.00067004 0.00067004 
209400 0.00067004 0.00067004 
209500 0.00067004 0.00067004 
209600 0.00067004 0.00067004 
209700 0.00067004 0.00067004 
209800 0.00067004 0.00067004 
209900 0.00067004 0.00067004 
210000 0.00067004 0.00067004 
210100 0.00067004 0.00067004 
210200 0.00067004 0.00067004 
210300 0.00067004 0.00067004 
210400 0.00067004 0.00067004 
210500 0.00067004 0.00067004 
210600 0.00067004 0.00067004 
210700 0.00067004 0.00067004 
210800 0.00067004 0.00067004 
210900 0.00067004 0.00067004 
211000 0.00067004 0.00067004 
211100 0.00067004 0.00067004 
211200 0.00067004 0.00067004 
211300 0.00067004 0.00067004 
211400 0.00067004 0.00067004 
211500 0.00067004 0.00067004 
211600 0.00067004 0.00067004 
211700 0.00067004 0.00067004 
211800 0.00067004 0.00067004 
211900 0.00067004 0.00067004 
212000 0.00067004 0.00067004 
212100 0.00067004 0.00067004 
212200 0.00067004 0.00067004 
212300 0.00067004 0.00067004 
212400 0.00067004 0.00067004 
212500 0.00067004 0.00067004 
212600 0.00067004 0.00067004 
212700 0.00067004 0.00067004 
212800 0.00067004 0.00067004 
212900 0.00067004 0.00067004 
213000 0.00067004 0.00067004 
213100 0.00067004 0.00067004 
213200 0.00067004 0.00067004 
213300 0.00067004 0.00067004 
213400 0.00067004 0.00067004 
213500 0.00067004 0.00067004 
213600 0.00067004 0.00067004 
213700 0.00067004 0.00067004 
213800 0.00067004 0.00067004 
213900 0.00067004 0.00067004 
214000 0.00067004 0.00067004 
214100 0.00067004 0.00067004 
214200 0.00067004 0.00067004 
214300 0.00067004 0.00067004 
214400 0.00067004 0.00067004 
214500 0.00067004 0.00067004 
214600 0.00067004 0.00067004 
214700 0.00067004 0.00067004 
214800 0.00067004 0.00067004 
214900 0.00067004 0.00067004 
215000 0.00067004 0.00067004 
215100 0.00067004 0.00067004 
215200 0.00067004 0.00067004 
215300 0.00067004 0.00067004 
215400 0.00067004 0.00067004 
215500 0.00067004 0.00067004 
215600 0.00067004 0.00067004 
215700 0.00067004 0.00067004 
215800 0.00067004 0.00067004 
215900 0.00067004 0.00067004 
216000 0.00067004 0.00067004 
216100 0.00067004 0.00067004 
216200 0.00067004 0.00067004 
216300 0.00067004 0.00067004 
216400 0.00067004 0.00067004 
216500 0.00067004 0.00067004 
216600 0.00067004 0.00067004 
216700 0.00067004 0.00067004 
216800 0.00067004 0.00067004 
216900 0.00067004 0.00067004 
217000 0.00067004 0.00067004 
217100 0.00067004 0.00067004 
217200 0.00061308 0.00061308 
217300 0.00061308 0.00061308 
217400 0.00061308 0.00061308 
217500 0.00061308 0.00061308 
217600 0.00061308 0.00061308 
217700 0.00061308 0.00061308 
217800 0.00061308 0.00061308 
217900 0.00061308 0.00061308 
218000 0.00061308 0.00061308 
218100 0.00061308 0.00061308 
218200 0.00061308 0.00061308 
218300 0.00061308 0.00061308 
218400 0.00061308 0.00061308 
218500 0.00061308 0.00061308 
218600 0.00061308 0.00061308 
218700 0.00061308 0.00061308 
218800 0.00061308 0.00061308 
218900 0.00061308 0.00061308 
219000 0.00061308 0.00061308 
219100 0.00061308 0.00061308 
219200 0.00061308 0.00061308 
219300 0.00061308 0.00061308 
219400 0.00061308 0.00061308 
219500 0.00061308 0.00061308 
219600 0.00061308 0.00061308 
219700 0.00061308 0.00061308 
219800 0.00061308 0.00061308 
219900 0.00061308 0.00061308 
220000 0.00061308 0.00061308 
220100 0.00061308 0.00061308 
220200 0.00061308 0.00061308 
220300 0.00061308 0.00061308 
220400 0.00061308 0.00061308 
220500 0.00061308 0.00061308 
220600 0.00061308 0.00061308 
220700 0.00061308 0.00061308 
220800 0.00061308 0.00061308 
220900 0.00061308 0.00061308 
221000 0.00061308 0.00061308 
221100 0.00061308 0.00061308 
221200 0.00061308 0.00061308 
221300 0.00061308 0.00061308 
221400 0.00061308 0.00061308 
221500 0.00061308 0.00061308 
221600 0.00061308 0.00061308 
221700 0.00061308 0.00061308 
221800 0.00061308 0.00061308 
221900 0.00061308 0.00061308 
222000 0.00061308 0.00061308 
222100 0.00061308 0.00061308 
222200 0.00061308 0.00061308 
222300 0.00061308 0.00061308 
222400 0.00061308 0.00061308 
222500 0.00061308 0.00061308 
222600 0.00061308 0.00061308 
222700 0.00061308 0.00061308 
222800 0.00061308 0.00061308 
222900 0.00061308 0.00061308 
223000 0.00061308 0.00061308 
223100 0.00061308 0.00061308 
223200 0.00061308 0.00061308 
223300 0.00061308 0.00061308 
223400 0.00061308 0.00061308 
223500 0.00061308 0.00061308 
223600 0.00061308 0.00061308 
223700 0.00061308 0.00061308 
223800 0.00061308 0.00061308 
223900 0.00061308 0.00061308 
224000 0.00061308 0.00061308 
224100 0.00061308 0.00061308 
224200 0.00061308 0.00061308 
224300 0.00061308 0.00061308 
224400 0.00061308 0.00061308 
224500 0.00061308 0.00061308 
224600 0.00061308 0.00061308 
224700 0.00061308 0.00061308 
224800 0.00061308 0.00061308 
224900 0.00061308 0.00061308 
225000 0.00061308 0.00061308 
225100 0.00061308 0.00061308 
225200 0.00061308 0.00061308 
225300 0.00061308 0.00061308 
225400 0.00061308 0.00061308 
225500 0.00061308 0.00061308 
225600 0.00061308 0.00061308 
225700 0.00061308 0.00061308 
225800 0.00061308 0.00061308 
225900 0.00061308 0.00061308 
226000 0.00061308 0.00061308 
226100 0.00061308 0.00061308 
226200 0.00061308 0.00061308 
226300 0.00061308 0.00061308 
226400 0.00061308 0.00061308 
226500 0.00061308 0.00061308 
226600 0.00061308 0.00061308 
226700 0.00061308 0.00061308 
226800 0.00061308 0.00061308 
226900 0.00061308 0.00061308 
227000 0.00061308 0.00061308 
227100 0.00061308 0.00061308 
227200 0.00061308 0.00061308 
227300 0.00061308 0.00061308 
227400 0.00061308 0.00061308 
227500 0.00061308 0.00061308 
227600 0.00061308 0.00061308 
227700 0.00061308 0.00061308 
227800 0.00061308 0.00061308 
227900 0.00061308 0.00061308 
228000 0.00061308 0.00061308 
228100 0.00061308 0.00061308 
228200 0.00061308 0.00061308 
228300 0.00061308 0.00061308 
228400 0.00061308 0.00061308 
228500 0.00061308 0.00061308 
228600 0.00061308 0.00061308 
228700 0.00061308 0.00061308 
228800 0.00061308 0.00061308 
228900 0.00061308 0.00061308 
229000 0.00061308 0.00061308 
229100 0.00061308 0.00061308 
229200 0.00061308 0.00061308 
229300 0.00061308 0.00061308 
229400 0.00061308 0.00061308 
229500 0.00061308 0.00061308 
229600 0.00061308 0.00061308 
229700 0.00061308 0.00061308 
229800 0.00061308 0.00061308 
229900 0.00061308 0.00061308 
230000 0.00061308 0.00061308 
230100 0.00061308 0.00061308 
230200 0.00061308 0.00061308 
230300 0.00061308 0.00061308 
230400 0.00061308 0.00061308 
230500 0.00061308 0.00061308 
230600 0.00061308 0.00061308 
230700 0.00061308 0.00061308 
230800 0.00061308 0.00061308 
230900 0.00061308 0.00061308 
231000 0.00061308 0.00061308 
231100 0.00061308 0.00061308 
231200 0.00061308 0.00061308 
231300 0.00061308 0.00061308 
231400 0.00061308 0.00061308 
231500 0.00061308 0.00061308 
231600 0.00061308 0.00061308 
231700 0.00061308 0.00061308 
231800 0.00061308 0.00061308 
231900 0.00061308 0.00061308 
232000 0.00061308 0.00061308 
232100 0.00061308 0.00061308 
232200 0.00061308 0.00061308 
232300 0.00061308 0.00061308 
232400 0.00061308 0.00061308 
232500 0.00061308 0.00061308 
232600 0.00061308 0.00061308 
232700 0.00061308 0.00061308 
232800 0.00061308 0.00061308 
232900 0.00061308 0.00061308 
233000 0.00061308 0.00061308 
233100 0.00061308 0.00061308 
233200 0.00061308 0.00061308 
233300 0.00061308 0.00061308 
233400 0.00061308 0.00061308 
233500 0.00061308 0.00061308 
233600 0.00061308 0.00061308 
233700 0.00061308 0.00061308 
233800 0.00061308 0.00061308 
233900 0.00061308 0.00061308 
234000 0.00061308 0.00061308 
234100 0.00061308 0.00061308 
234200 0.00061308 0.00061308 
234300 0.00061308 0.00061308 
234400 0.00061308 0.00061308 
234500 0.00061308 0.00061308 
234600 0.00061308 0.00061308 
234700 0.00061308 0.00061308 
234800 0.00061308 0.00061308 
234900 0.00061308 0.00061308 
235000 0.00061308 0.00061308 
235100 0.00061308 0.00061308 
235200 0.00014174 0.00014174 
235300 0.00014174 0.00014174 
235400 0.00014174 0.00014174 
235500 0.00014174 0.00014174 
235600 0.00014174 0.00014174 
235700 0.00014174 0.00014174 
235800 0.00014174 0.00014174 
235900 0.00014174 0.00014174 
236000 0.00014174 0.00014174 
236100 0.00014174 0.00014174 
236200 0.00014174 0.00014174 
236300 0.00014174 0.00014174 
236400 0.00014174 0.00014174 
236500 0.00014174 0.00014174 
236600 0.00014174 0.00014174 
236700 0.00014174 0.00014174 
236800 0.00014174 0.00014174 
236900 0.00014174 0.00014174 
237000 0.00014174 0.00014174 
237100 0.00014174 0.00014174 
237200 0.00014174 0.00014174 
237300 0.00014174 0.00014174 
237400 0.00014174 0.00014174 
237500 0.00014174 0.00014174 
237600 0.00014174 0.00014174 
237700 0.00014174 0.00014174 
237800 0.00014174 0.00014174 
237900 0.00014174 0.00014174 
238000 0.00014174 0.00014174 
238100 0.00014174 0.00014174 
238200 0.00014174 0.00014174 
238300 0.00014174 0.00014174 
238400 0.00014174 0.00014174 
238500 0.00014174 0.00014174 
238600 0.00014174 0.00014174 
238700 0.00014174 0.00014174 
238800 0.00014174 0.00014174 
238900 0.00014174 0.00014174 
239000 0.00014174 0.00014174 
239100 0.00014174 0.00014174 
239200 0.00014174 0.00014174 
239300 0.00014174 0.00014174 
239400 0.00014174 0.00014174 
239500 0.00014174 0.00014174 
239600 0.00014174 0.00014174 
239700 0.00014174 0.00014174 
239800 0.00014174 0.00014174 
239900 0.00014174 0.00014174 
240000 0.00014174 0.00014174 
240100 0.00014174 0.00014174 
240200 0.00014174 0.00014174 
240300 0.00014174 0.00014174 
240400 0.00014174 0.00014174 
240500 0.00014174 0.00014174 
240600 0.00014174 0.00014174 
240700 0.00014174 0.00014174 
240800 0.00014174 0.00014174 
240900 0.00014174 0.00014174 
241000 0.00014174 0.00014174 
241100 0.00014174 0.00014174 
241200 0.00014174 0.00014174 
241300 0.00014174 0.00014174 
241400 0.00014174 0.00014174 
241500 0.00014174 0.00014174 
241600 0.00014174 0.00014174 
241700 0.00014174 0.00014174 
241800 0.00014174 0.00014174 
241900 0.00014174 0.00014174 
242000 0.00014174 0.00014174 
242100 0.00014174 0.00014174 
242200 0.00014174 0.00014174 
242300 0.00014174 0.00014174 
242400 0.00014174 0.00014174 
242500 0.00014174 0.00014174 
242600 0.00014174 0.00014174 
242700 0.00014174 0.00014174 
242800 0.00014174 0.00014174 
242900 0.00014174 0.00014174 
243000 0.00014174 0.00014174 
243100 0.00014174 0.00014174 
243200 0.00014174 0.00014174 
243300 0.00014174 0.00014174 
243400 0.00014174 0.00014174 
243500 0.00014174 0.00014174 
243600 0.00014174 0.00014174 
243700 0.00014174 0.00014174 
243800 0.00014174 0.00014174 
243900 0.00014174 0.00014174 
244000 0.00014174 0.00014174 
244100 0.00014174 0.00014174 
244200 0.00014174 0.00014174 
244300 0.00014174 0.00014174 
244400 0.00014174 0.00014174 
244500 0.00014174 0.00014174 
244600 0.00014174 0.00014174 
244700 0.00014174 0.00014174 
244800 0.00014174 0.00014174 
244900 0.00014174 0.00014174 
245000 0.00014174 0.00014174 
245100 0.00014174 0.00014174 
245200 0.00014174 0.00014174 
245300 0.00014174 0.00014174 
245400 0.00014174 0.00014174 
245500 0.00014174 0.00014174 
245600 0.00014174 0.00014174 
245700 0.00014174 0.00014174 
245800 0.00014174 0.00014174 
245900 0.00014174 0.00014174 
246000 0.00014174 0.00014174 
246100 0.00014174 0.00014174 
246200 0.00014174 0.00014174 
246300 0.00014174 0.00014174 
246400 0.00014174 0.00014174 
246500 0.00014174 0.00014174 
246600 0.00014174 0.00014174 
246700 0.00014174 0.00014174 
246800 0.00014174 0.00014174 
246900 0.00014174 0.00014174 
247000 0.00014174 0.00014174 
247100 0.00014174 0.00014174 
247200 0.00014174 0.00014174 
247300 0.00014174 0.00014174 
247400 0.00014174 0.00014174 
247500 0.00014174 0.00014174 
247600 0.00014174 0.00014174 
247700 0.00014174 0.00014174 
247800 0.00014174 0.00014174 
247900 0.00014174 0.00014174 
248000 0.00014174 0.00014174 
248100 0.00014174 0.00014174 
248200 0.00014174 0.00014174 
248300 0.00014174 0.00014174 
248400 0.00014174 0.00014174 
248500 0.00014174 0.00014174 
248600 0.00014174 0.00014174 
248700 0.00014174 0.00014174 
248800 0.00014174 0.00014174 
248900 0.00014174 0.00014174 
249000 0.00014174 0.00014174 
249100 0.00014174 0.00014174 
249200 0.00014174 0.00014174 
249300 0.00014174 0.00014174 
249400 0.00014174 0.00014174 
249500 0.00014174 0.00014174 
249600 0.00014174 0.00014174 
249700 0.00014174 0.00014174 
249800 0.00014174 0.00014174 
249900 0.00014174 0.00014174 
250000 0.00014174 0.00014174 
250100 0.00014174 0.00014174 
250200 0.00014174 0.00014174 
250300 0.00014174 0.00014174 
250400 0.00014174 0.00014174 
250500 0.00014174 0.00014174 
250600 0.00014174 0.00014174 
250700 0.00014174 0.00014174 
250800 0.00014174 0.00014174 
250900 0.00014174 0.00014174 
251000 0.00014174 0.00014174 
251100 0.00014174 0.00014174 
251200 0.00014174 0.00014174 
251300 0.00014174 0.00014174 
251400 0.00014174 0.00014174 
251500 0.00014174 0.00014174 
251600 0.00014174 0.00014174 
251700 0.00014174 0.00014174 
251800 0.00014174 0.00014174 
251900 0.00014174 0.00014174 
252000 0.00014174 0.00014174 
252100 0.00014174 0.00014174 
252200 0.00014174 0.00014174 
252300 0.00014174 0.00014174 
252400 0.00014174 0.00014174 
252500 0.00014174 0.00014174 
252600 0.00014174 0.00014174 
252700 0.00014174 0.00014174 
252800 0.00014174 0.00014174 
252900 0.00014174 0.00014174 
253000 0.00014174 0.00014174 
253100 0.00014174 0.00014174 
253200 0.00014174 0.00014174 
253300 0.00014174 0.00014174 
253400 0.00014174 0.00014174 
253500 0.00014174 0.00014174 
253600 0.00014174 0.00014174 
253700 0.00014174 0.00014174 
253800 0.00014174 0.00014174 
253900 0.00014174 0.00014174 
254000 0.00014174 0.00014174 
254100 0.00014174 0.00014174 
254200 0.00014174 0.00014174 
254300 0.00014174 0.00014174 
254400 0.00014174 0.00014174 
254500 0.00014174 0.00014174 
254600 0.00014174 0.00014174 
254700 0.00014174 0.00014174 
254800 0.00014174 0.00014174 
254900 0.00014174 0.00014174 
255000 0.00014174 0.00014174 
255100 0.00014174 0.00014174 
255200 0.00014174 0.00014174 
255300 0.00014174 0.00014174 
255400 0.00014174 0.00014174 
255500 0.00014174 0.00014174 
255600 0.00014174 0.00014174 
255700 0.00014174 0.00014174 
255800 0.00014174 0.00014174 
255900 0.00014174 0.00014174 
256000 0.00014174 0.00014174 
256100 0.00014174 0.00014174 
256200 0.00014174 0.00014174 
256300 0.00014174 0.00014174 
256400 0.00014174 0.00014174 
256500 0.00014174 0.00014174 
256600 0.00014174 0.00014174 
256700 0.00014174 0.00014174 
256800 0.00014174 0.00014174 
256900 0.00014174 0.00014174 
257000 0.00014174 0.00014174 
257100 0.00014174 0.00014174 
257200 0.00014174 0.00014174 
257300 0.00014174 0.00014174 
257400 0.00014174 0.00014174 
257500 0.00014174 0.00014174 
257600 0.00014174 0.00014174 
257700 0.00014174 0.00014174 
257800 0.00014174 0.00014174 
257900 0.00014174 0.00014174 
258000 0.00014174 0.00014174 
258100 0.00014174 0.00014174 
258200 0.00014174 0.00014174 
258300 0.00014174 0.00014174 
258400 0.00014174 0.00014174 
258500 0.00014174 0.00014174 
258600 0.00014174 0.00014174 
258700 0.00014174 0.00014174 
258800 0.00014174 0.00014174 
258900 0.00014174 0.00014174 
259000 0.00014174 0.00014174 
259100 0.00014174 0.00014174 
259200 0.00014174 0.00014174 
259300 0.00014174 0.00014174 
259400 0.00014174 0.00014174 
259500 0.00014174 0.00014174 
259600 0.00014174 0.00014174 
259700 0.00014174 0.00014174 
259800 0.00014174 0.00014174 
259900 0.00014174 0.00014174 
260000 0.00014174 0.00014174 
260100 0.00014174 0.00014174 
260200 0.00014174 0.00014174 
260300 0.00014174 0.00014174 
260400 0.00014174 0.00014174 
260500 0.00014174 0.00014174 
260600 0.00014174 0.00014174 
260700 0.00014174 0.00014174 
260800 0.00014174 0.00014174 
260900 0.00014174 0.00014174 
261000 0.00014174 0.00014174 
261100 0.00014174 0.00014174 
261200 0.00014174 0.00014174 
261300 0.00014174 0.00014174 
261400 0.00014174 0.00014174 
261500 0.00014174 0.00014174 
261600 0.00014174 0.00014174 
261700 0.00014174 0.00014174 
261800 0.00014174 0.00014174 
261900 0.00014174 0.00014174 
262000 0.00014174 0.00014174 
262100 0.00014174 0.00014174 
262200 0.00014174 0.00014174 
262300 0.00014174 0.00014174 
262400 0.00014174 0.00014174 
262500 0.00014174 0.00014174 
262600 0.00014174 0.00014174 
262700 0.00014174 0.00014174 
262800 0.00014174 0.00014174 
262900 0.00014174 0.00014174 
263000 0.00014174 0.00014174 
263100 0.00014174 0.00014174 
263200 0.00014174 0.00014174 
263300 0.00014174 0.00014174 
263400 0.00014174 0.00014174 
263500 0.00014174 0.00014174 
263600 0.00014174 0.00014174 
263700 0.00014174 0.00014174 
263800 0.00014174 0.00014174 
263900 0.00014174 0.00014174 
264000 0.00014174 0.00014174 
264100 0.00014174 0.00014174 
264200 0.00014174 0.00014174 
264300 0.00014174 0.00014174 
264400 0.00014174 0.00014174 
264500 0.00014174 0.00014174 
264600 0.00014174 0.00014174 
264700 0.00014174 0.00014174 
264800 0.00014174 0.00014174 
264900 0.00014174 0.00014174 
265000 0.00014174 0.00014174 
265100 0.00014174 0.00014174 
265200 0.00014174 0.00014174 
265300 0.00014174 0.00014174 
265400 0.00014174 0.00014174 
265500 0.00014174 0.00014174 
265600 0.00014174 0.00014174 
265700 0.00014174 0.00014174 
265800 0.00014174 0.00014174 
265900 0.00014174 0.00014174 
266000 0.00014174 0.00014174 
266100 0.00014174 0.00014174 
266200 0.00014174 0.00014174 
266300 0.00014174 0.00014174 
266400 0.00014174 0.00014174 
266500 0.00014174 0.00014174 
266600 0.00014174 0.00014174 
266700 0.00014174 0.00014174 
266800 0.00014174 0.00014174 
266900 0.00014174 0.00014174 
267000 0.00014174 0.00014174 
267100 0.00014174 0.00014174 
267200 0.00014174 0.00014174 
267300 0.00014174 0.00014174 
267400 0.00014174 0.00014174 
267500 0.00014174 0.00014174 
267600 0.00014174 0.00014174 
267700 0.00014174 0.00014174 
267800 0.00014174 0.00014174 
267900 0.00014174 0.00014174 
268000 0.00014174 0.00014174 
268100 0.00014174 0.00014174 
268200 0.00014174 0.00014174 
268300 0.00014174 0.00014174 
268400 0.00014174 0.00014174 
268500 0.00014174 0.00014174 
268600 0.00014174 0.00014174 
268700 0.00014174 0.00014174 
268800 0.00014174 0.00014174 
268900 0.00014174 0.00014174 
269000 0.00014174 0.00014174 
269100 0.00014174 0.00014174 
269200 0.00014174 0.00014174 
269300 0.00014174 0.00014174 
269400 0.00014174 0.00014174 
269500 0.00014174 0.00014174 
269600 0.00014174 0.00014174 
269700 0.00014174 0.00014174 
269800 0.00014174 0.00014174 
269900 0.00014174 0.00014174 
270000 0.00014174 0.00014174 
270100 0.00014174 0.00014174 
270200 0.00014174 0.00014174 
270300 0.00014174 0.00014174 
270400 0.00014174 0.00014174 
270500 0.00014174 0.00014174 
270600 0.00014174 0.00014174 
270700 0.00002537 0.00002537 
270800 0.00002537 0.00002537 
270900 0.00002537 0.00002537 
271000 0.00002537 0.00002537 
271100 0.00002537 0.00002537 
271200 0.00002537 0.00002537 
271300 0.00002537 0.00002537 
271400 0.00002537 0.00002537 
271500 0.00002537 0.00002537 
271600 0.00002537 0.00002537 
271700 0.00002537 0.00002537 
271800 0.00002537 0.00002537 
271900 0.00002537 0.00002537 
272000 0.00002537 0.00002537 
272100 0.00002537 0.00002537 
272200 0.00002537 0.00002537 
272300 0.00002537 0.00002537 
272400 0.00002537 0.00002537 
272500 0.00002537 0.00002537 
272600 0.00002537 0.00002537 
272700 0.00002537 0.00002537 
272800 0.00002537 0.00002537 
272900 0.00002537 0.00002537 
273000 0.00002537 0.00002537 
273100 0.00002537 0.00002537 
273200 0.00002537 0.00002537 
273300 0.00002537 0.00002537 
273400 0.00002537 0.00002537 
273500 0.00002537 0.00002537 
273600 0.00002537 0.00002537 
273700 0.00002537 0.00002537 
273800 0.00002537 0.00002537 
273900 0.00002537 0.00002537 
274000 0.00002537 0.00002537 
274100 0.00002537 0.00002537 
274200 0.00002537 0.00002537 
274300 0.00002537 0.00002537 
274400 0.00002537 0.00002537 
274500 0.00002537 0.00002537 
274600 0.00002537 0.00002537 
274700 0.00002537 0.00002537 
274800 0.00002537 0.00002537 
274900 0.00002537 0.00002537 
275000 0.00002537 0.00002537 
275100 0.00002537 0.00002537 
275200 0.00002537 0.00002537 
275300 0.00002537 0.00002537 
275400 0.00002537 0.00002537 
275500 0.00002537 0.00002537 
275600 0.00002537 0.00002537 
275700 0.00002537 0.00002537 
275800 0.00002537 0.00002537 
275900 0.00002537 0.00002537 
276000 0.00002537 0.00002537 
276100 0.00002537 0.00002537 
276200 0.00002537 0.00002537 
276300 0.00002537 0.00002537 
276400 0.00002537 0.00002537 
276500 0.00002537 0.00002537 
276600 0.00002537 0.00002537 
276700 0.00002537 0.00002537 
276800 0.00002537 0.00002537 
276900 0.00002537 0.00002537 
277000 0.00002537 0.00002537 
277100 0.00002537 0.00002537 
277200 0.00002537 0.00002537 
277300 0.00002537 0.00002537 
277400 0.00002537 0.00002537 
277500 0.00002537 0.00002537 
277600 0.00002537 0.00002537 
277700 0.00002537 0.00002537 
277800 0.00002537 0.00002537 
277900 0.00002537 0.00002537 
278000 0.00002537 0.00002537 
278100 0.00002537 0.00002537 
278200 0.00002537 0.00002537 
278300 0.00002537 0.00002537 
278400 0.00002537 0.00002537 
278500 0.00002537 0.00002537 
278600 0.00002537 0.00002537 
278700 0.00002537 0.00002537 
278800 0.00002537 0.00002537 
278900 0.00002537 0.00002537 
279000 0.00002537 0.00002537 
279100 0.00002537 0.00002537 
279200 0.00002537 0.00002537 
279300 0.00002537 0.00002537 
279400 0.00002537 0.00002537 
279500 0.00002537 0.00002537 
279600 0.00002537 0.00002537 
279700 0.00002537 0.00002537 
279800 0.00002537 0.00002537 
279900 0.00002537 0.00002537 
280000 0.00002537 0.00002537 
280100 0.00002537 0.00002537 
280200 0.00002537 0.00002537 
280300 0.00002537 0.00002537 
280400 0.00002537 0.00002537 
280500 0.00002537 0.00002537 
280600 0.00002537 0.00002537 
280700 0.00002537 0.00002537 
280800 0.00002537 0.00002537 
280900 0.00002537 0.00002537 
281000 0.00002537 0.00002537 
281100 0.00002537 0.00002537 
281200 0.00002537 0.00002537 
281300 0.00002537 0.00002537 
281400 0.00002537 0.00002537 
281500 0.00002537 0.00002537 
281600 0.00002537 0.00002537 
281700 0.00002537 0.00002537 
281800 0.00002537 0.00002537 
281900 0.00002537 0.00002537 
282000 0.00002537 0.00002537 
282100 0.00002537 0.00002537 
282200 0.00002537 0.00002537 
282300 0.00002537 0.00002537 
282400 0.00002537 0.00002537 
282500 0.00002537 0.00002537 
282600 0.00002537 0.00002537 
282700 0.00002537 0.00002537 
282800 0.00002537 0.00002537 
282900 0.00002537 0.00002537 
283000 0.00002537 0.00002537 
283100 0.00002537 0.00002537 
283200 0.00002537 0.00002537 
283300 0.00002537 0.00002537 
283400 0.00002537 0.00002537 
283500 0.00002537 0.00002537 
283600 0.00002537 0.00002537 
283700 0.00002537 0.00002537 
283800 0.00002537 0.00002537 
283900 0.00002537 0.00002537 
284000 0.00002537 0.00002537 
284100 0.00002537 0.00002537 
284200 0.00002537 0.00002537 
284300 0.00002537 0.00002537 
284400 0.00002537 0.00002537 
284500 0.00002537 0.00002537 
284600 0.00002537 0.00002537 
284700 0.00002537 0.00002537 
284800 0.00002537 0.00002537 
284900 0.00002537 0.00002537 
285000 0.00002537 0.00002537 
285100 0.00002537 0.00002537 
285200 0.00002537 0.00002537 
285300 0.00002537 0.00002537 
285400 0.00002537 0.00002537 
285500 0.00002537 0.00002537 
285600 0.00002537 0.00002537 
285700 0.00002537 0.00002537 
285800 0.00002537 0.00002537 
285900 0.00002537 0.00002537 
286000 0.00002537 0.00002537 
286100 0.00002537 0.00002537 
286200 0.00002537 0.00002537 
286300 0.00002537 0.00002537 
286400 0.00002537 0.00002537 
286500 0.00002537 0.00002537 
286600 0.00002537 0.00002537 
286700 0.00002537 0.00002537 
286800 0.00002537 0.00002537 
286900 0.00002537 0.00002537 
287000 0.00002537 0.00002537 
287100 0.00002537 0.00002537 
287200 0.00002537 0.00002537 
287300 0.00002537 0.00002537 
287400 0.00002537 0.00002537 
287500 0.00002537 0.00002537 
287600 0.00002537 0.00002537 
287700 0.00002537 0.00002537 
287800 0.00002537 0.00002537 
287900 0.00002537 0.00002537 
288000 0.00002537 0.00002537 
288100 0.00002537 0.00002537 
288200 0.00002537 0.00002537 
288300 0.00002537 0.00002537 
288400 0.00002537 0.00002537 
288500 0.00002537 0.00002537 
288600 0.00002537 0.00002537 
288700 0.00002537 0.00002537 
288800 0.00002537 0.00002537 
288900 0.00002537 0.00002537 
289000 0.00002537 0.00002537 
289100 0.00002537 0.00002537 
289200 0.00002537 0.00002537 
289300 0.00002537 0.00002537 
289400 0.00002537 0.00002537 
289500 0.00002537 0.00002537 
289600 0.00002537 0.00002537 
289700 0.00002537 0.00002537 
289800 0.00002537 0.00002537 
289900 0.00002537 0.00002537 
290000 0.00002537 0.00002537 
290100 0.00002537 0.00002537 
290200 0.00002537 0.00002537 
290300 0.00002537 0.00002537 
290400 0.00002537 0.00002537 
290500 0.00002537 0.00002537 
290600 0.00002537 0.00002537 
290700 0.00002537 0.00002537 
290800 0.00002537 0.00002537 
290900 0.00002537 0.00002537 
291000 0.00002537 0.00002537 
291100 0.00002537 0.00002537 
291200 0.00002537 0.00002537 
291300 0.00002537 0.00002537 
291400 0.00002537 0.00002537 
291500 0.00002537 0.00002537 
291600 0.00002537 0.00002537 
291700 0.00002537 0.00002537 
291800 0.00002537 0.00002537 
291900 0.00002537 0.00002537 
292000 0.00002537 0.00002537 
292100 0.00002537 0.00002537 
292200 0.00002537 0.00002537 
292300 0.00002537 0.00002537 
292400 0.00002537 0.00002537 
292500 0.00002537 0.00002537 
292600 0.00002537 0.00002537 
292700 0.00002537 0.00002537 
292800 0.00002537 0.00002537 
292900 0.00002537 0.00002537 
293000 0.00002537 0.00002537 
293100 0.00002537 0.00002537 
293200 0.00002537 0.00002537 
293300 0.00002537 0.00002537 
293400 0.00002537 0.00002537 
293500 0.00002537 0.00002537 
293600 0.00002537 0.00002537 
293700 0.00002537 0.00002537 
293800 0.00002537 0.00002537 
293900 0.00002537 0.00002537 
294000 0.00002537 0.00002537 
294100 0.00002537 0.00002537 
294200 0.00002537 0.00002537 
294300 0.00002537 0.00002537 
294400 0.00002537 0.00002537 
294500 0.00002537 0.00002537 
294600 0.00002537 0.00002537 
294700 0.00002537 0.00002537 
294800 0.00002537 0.00002537 
294900 0.00002537 0.00002537 
295000 0.00002537 0.00002537 
295100 0.00002537 0.00002537 
295200 0.00002537 0.00002537 
295300 0.00002537 0.00002537 
295400 0.00002537 0.00002537 
295500 0.00002537 0.00002537 
295600 0.00002537 0.00002537 
295700 0.00002537 0.00002537 
295800 0.00002537 0.00002537 
295900 0.00002537 0.00002537 
296000 0.00002537 0.00002537 
296100 0.00002537 0.00002537 
296200 0.00002537 0.00002537 
296300 0.00002537 0.00002537 
296400 0.00002537 0.00002537 
296500 0.00002537 0.00002537 
296600 0.00002537 0.00002537 
296700 0.00002537 0.00002537 
296800 0.00002537 0.00002537 
296900 0.00002537 0.00002537 
297000 0.00002537 0.00002537 
297100 0.00002537 0.00002537 
297200 0.00002537 0.00002537 
297300 0.00002537 0.00002537 
297400 0.00002537 0.00002537 
297500 0.00002537 0.00002537 
297600 0.00002537 0.00002537 
297700 0.00002537 0.00002537 
297800 0.00002537 0.00002537 
297900 0.00002537 0.00002537 
298000 0.00002537 0.00002537 
298100 0.00002537 0.00002537 
298200 0.00002537 0.00002537 
298300 0.00002537 0.00002537 
298400 0.00002537 0.00002537 
298500 0.00002537 0.00002537 
298600 0.00002537 0.00002537 
298700 0.00002537 0.00002537 
298800 0.00002537 0.00002537 
298900 0.00002537 0.00002537 
299000 0.00002537 0.00002537 
299100 0.00002537 0.00002537 
299200 0.00002537 0.00002537 
299300 0.00002537 0.00002537 
299400 0.00002537 0.00002537 
299500 0.00002537 0.00002537 
299600 0.00002537 0.00002537 
299700 0.00002537 0.00002537 
299800 0.00002537 0.00002537 
299900 0.00002537 0.00002537 
300000 0.00002537 0.00002537 
