200 0.21450865 0.21450865 
400 0.21450865 0.21450865 
600 0.21450865 0.21450865 
800 0.20143086 0.20143086 
1000 0.20143086 0.20143086 
1200 0.16555610 0.16555610 
1400 0.16555610 0.16555610 
1600 0.16555610 0.16555610 
1800 0.16196576 0.16196576 
2000 0.16196576 0.16196576 
2200 0.16196576 0.16196576 
2400 0.16196576 0.16196576 
2600 0.16196576 0.16196576 
2800 0.15481567 0.15481567 
3000 0.15481567 0.15481567 
3200 0.14981723 0.14981723 
3400 0.14981723 0.14981723 
3600 0.14981723 0.14981723 
3800 0.14981723 0.14981723 
4000 0.14981723 0.14981723 
4200 0.14981723 0.14981723 
4400 0.14981723 0.14981723 
4600 0.14981723 0.14981723 
4800 0.13860114 0.13860114 
5000 0.13860114 0.13860114 
5200 0.13860114 0.13860114 
5400 0.13860114 0.13860114 
5600 0.13860114 0.13860114 
5800 0.13860114 0.13860114 
6000 0.13860114 0.13860114 
6200 0.13680305 0.13680305 
6400 0.13680305 0.13680305 
6600 0.13680305 0.13680305 
6800 0.13672276 0.13672276 
7000 0.13672276 0.13672276 
7200 0.13672276 0.13672276 
7400 0.13672276 0.13672276 
7600 0.11944071 0.11944071 
7800 0.11944071 0.11944071 
8000 0.11944071 0.11944071 
8200 0.11944071 0.11944071 
8400 0.11944071 0.11944071 
8600 0.11944071 0.11944071 
8800 0.11944071 0.11944071 
9000 0.11944071 0.11944071 
9200 0.11944071 0.11944071 
9400 0.11944071 0.11944071 
9600 0.11020071 0.11020071 
9800 0.11020071 0.11020071 
10000 0.11020071 0.11020071 
10200 0.11020071 0.11020071 
10400 0.11020071 0.11020071 
10600 0.11020071 0.11020071 
10800 0.11020071 0.11020071 
11000 0.10756659 0.10756659 
11200 0.10756659 0.10756659 
11400 0.10756659 0.10756659 
11600 0.10756659 0.10756659 
11800 0.10505097 0.10505097 
12000 0.10505097 0.10505097 
12200 0.10406879 0.10406879 
12400 0.09463185 0.09463185 
12600 0.09463185 0.09463185 
12800 0.08956290 0.08956290 
13000 0.08956290 0.08956290 
13200 0.08956290 0.08956290 
13400 0.08956290 0.08956290 
13600 0.08956290 0.08956290 
13800 0.08956290 0.08956290 
14000 0.08651954 0.08651954 
14200 0.08088427 0.08088427 
14400 0.08088427 0.08088427 
14600 0.08088427 0.08088427 
14800 0.08088427 0.08088427 
15000 0.08088427 0.08088427 
15200 0.08088427 0.08088427 
15400 0.07164575 0.07164575 
15600 0.07164575 0.07164575 
15800 0.06712760 0.06712760 
16000 0.06712760 0.06712760 
16200 0.06712760 0.06712760 
16400 0.06712760 0.06712760 
16600 0.06712760 0.06712760 
16800 0.06062017 0.06062017 
17000 0.06062017 0.06062017 
17200 0.06062017 0.06062017 
17400 0.06062017 0.06062017 
17600 0.06062017 0.06062017 
17800 0.06062017 0.06062017 
18000 0.06062017 0.06062017 
18200 0.06062017 0.06062017 
18400 0.06062017 0.06062017 
18600 0.06062017 0.06062017 
18800 0.05612752 0.05612752 
19000 0.05612752 0.05612752 
19200 0.05568763 0.05568763 
19400 0.05568763 0.05568763 
19600 0.05529298 0.05529298 
19800 0.05529298 0.05529298 
20000 0.05529298 0.05529298 
20200 0.05529298 0.05529298 
20400 0.05529298 0.05529298 
20600 0.05529298 0.05529298 
20800 0.05529298 0.05529298 
21000 0.05529298 0.05529298 
21200 0.05529298 0.05529298 
21400 0.05529298 0.05529298 
21600 0.05484238 0.05484238 
21800 0.05015542 0.05015542 
22000 0.05015542 0.05015542 
22200 0.05015542 0.05015542 
22400 0.05015542 0.05015542 
22600 0.05015542 0.05015542 
22800 0.03163163 0.03163163 
23000 0.03163163 0.03163163 
23200 0.03163163 0.03163163 
23400 0.03163163 0.03163163 
23600 0.03163163 0.03163163 
23800 0.03163163 0.03163163 
24000 0.03163163 0.03163163 
24200 0.03163163 0.03163163 
24400 0.03163163 0.03163163 
24600 0.03163163 0.03163163 
24800 0.03163163 0.03163163 
25000 0.03163163 0.03163163 
25200 0.03163163 0.03163163 
25400 0.03163163 0.03163163 
25600 0.03163163 0.03163163 
25800 0.03163163 0.03163163 
26000 0.03163163 0.03163163 
26200 0.03163163 0.03163163 
26400 0.02528357 0.02528357 
26600 0.02528357 0.02528357 
26800 0.02528357 0.02528357 
27000 0.02528357 0.02528357 
27200 0.02528357 0.02528357 
27400 0.02528357 0.02528357 
27600 0.02528357 0.02528357 
27800 0.02528357 0.02528357 
28000 0.02528357 0.02528357 
28200 0.02528357 0.02528357 
28400 0.02528357 0.02528357 
28600 0.02528357 0.02528357 
28800 0.01649907 0.01649907 
29000 0.01649907 0.01649907 
29200 0.01649907 0.01649907 
29400 0.01649907 0.01649907 
29600 0.01649907 0.01649907 
29800 0.01649907 0.01649907 
30000 0.01649907 0.01649907 
30200 0.01649907 0.01649907 
30400 0.01649907 0.01649907 
30600 0.01649907 0.01649907 
30800 0.01649907 0.01649907 
31000 0.01649907 0.01649907 
31200 0.01649907 0.01649907 
31400 0.01649907 0.01649907 
31600 0.01649907 0.01649907 
31800 0.01649907 0.01649907 
32000 0.01649907 0.01649907 
32200 0.01649907 0.01649907 
32400 0.01649907 0.01649907 
32600 0.01649907 0.01649907 
32800 0.01649907 0.01649907 
33000 0.01649907 0.01649907 
33200 0.01649907 0.01649907 
33400 0.01649907 0.01649907 
33600 0.01649907 0.01649907 
33800 0.01649907 0.01649907 
34000 0.01300665 0.01300665 
34200 0.01300665 0.01300665 
34400 0.01300665 0.01300665 
34600 0.01300665 0.01300665 
34800 0.01300665 0.01300665 
35000 0.01300665 0.01300665 
35200 0.01300665 0.01300665 
35400 0.01300665 0.01300665 
35600 0.01300665 0.01300665 
35800 0.01300665 0.01300665 
36000 0.01300665 0.01300665 
36200 0.01300665 0.01300665 
36400 0.01300665 0.01300665 
36600 0.01229083 0.01229083 
36800 0.01229083 0.01229083 
37000 0.01229083 0.01229083 
37200 0.01229083 0.01229083 
37400 0.01229083 0.01229083 
37600 0.01229083 0.01229083 
37800 0.01229083 0.01229083 
38000 0.01229083 0.01229083 
38200 0.01229083 0.01229083 
38400 0.01229083 0.01229083 
38600 0.01229083 0.01229083 
38800 0.01229083 0.01229083 
39000 0.01229083 0.01229083 
39200 0.01229083 0.01229083 
39400 0.01229083 0.01229083 
39600 0.01229083 0.01229083 
39800 0.01229083 0.01229083 
40000 0.01229083 0.01229083 
40200 0.01229083 0.01229083 
40400 0.01229083 0.01229083 
40600 0.01001517 0.01001517 
40800 0.01001517 0.01001517 
41000 0.01001517 0.01001517 
41200 0.01001517 0.01001517 
41400 0.01001517 0.01001517 
41600 0.01001517 0.01001517 
41800 0.01001517 0.01001517 
42000 0.01001517 0.01001517 
42200 0.01001517 0.01001517 
42400 0.01001517 0.01001517 
42600 0.01001517 0.01001517 
42800 0.01001517 0.01001517 
43000 0.01001517 0.01001517 
43200 0.01001517 0.01001517 
43400 0.01001517 0.01001517 
43600 0.00968147 0.00968147 
43800 0.00968147 0.00968147 
44000 0.00968147 0.00968147 
44200 0.00968147 0.00968147 
44400 0.00968147 0.00968147 
44600 0.00968147 0.00968147 
44800 0.00968147 0.00968147 
45000 0.00968147 0.00968147 
45200 0.00968147 0.00968147 
45400 0.00968147 0.00968147 
45600 0.00968147 0.00968147 
45800 0.00968147 0.00968147 
46000 0.00968147 0.00968147 
46200 0.00968147 0.00968147 
46400 0.00968147 0.00968147 
46600 0.00968147 0.00968147 
46800 0.00968147 0.00968147 
47000 0.00968147 0.00968147 
47200 0.00968147 0.00968147 
47400 0.00968147 0.00968147 
47600 0.00968147 0.00968147 
47800 0.00968147 0.00968147 
48000 0.00968147 0.00968147 
48200 0.00968147 0.00968147 
48400 0.00968147 0.00968147 
48600 0.00968147 0.00968147 
48800 0.00968147 0.00968147 
49000 0.00968147 0.00968147 
49200 0.00968147 0.00968147 
49400 0.00968147 0.00968147 
49600 0.00968147 0.00968147 
49800 0.00968147 0.00968147 
50000 0.00968147 0.00968147 
50200 0.00968147 0.00968147 
50400 0.00968147 0.00968147 
50600 0.00968147 0.00968147 
50800 0.00968147 0.00968147 
51000 0.00933216 0.00933216 
51200 0.00933216 0.00933216 
51400 0.00933216 0.00933216 
51600 0.00933216 0.00933216 
51800 0.00933216 0.00933216 
52000 0.00933216 0.00933216 
52200 0.00933216 0.00933216 
52400 0.00933216 0.00933216 
52600 0.00933216 0.00933216 
52800 0.00933216 0.00933216 
53000 0.00933216 0.00933216 
53200 0.00933216 0.00933216 
53400 0.00933216 0.00933216 
53600 0.00933216 0.00933216 
53800 0.00933216 0.00933216 
54000 0.00933216 0.00933216 
54200 0.00933216 0.00933216 
54400 0.00933216 0.00933216 
54600 0.00933216 0.00933216 
54800 0.00933216 0.00933216 
55000 0.00933216 0.00933216 
55200 0.00933216 0.00933216 
55400 0.00926349 0.00926349 
55600 0.00926349 0.00926349 
55800 0.00926349 0.00926349 
56000 0.00926349 0.00926349 
56200 0.00926349 0.00926349 
56400 0.00924301 0.00924301 
56600 0.00924301 0.00924301 
56800 0.00924301 0.00924301 
57000 0.00402612 0.00402612 
57200 0.00402612 0.00402612 
57400 0.00402612 0.00402612 
57600 0.00402612 0.00402612 
57800 0.00402612 0.00402612 
58000 0.00402612 0.00402612 
58200 0.00402612 0.00402612 
58400 0.00402612 0.00402612 
58600 0.00402612 0.00402612 
58800 0.00402612 0.00402612 
59000 0.00402612 0.00402612 
59200 0.00402612 0.00402612 
59400 0.00402612 0.00402612 
59600 0.00402612 0.00402612 
59800 0.00402612 0.00402612 
60000 0.00402612 0.00402612 
60200 0.00402612 0.00402612 
60400 0.00402612 0.00402612 
60600 0.00402612 0.00402612 
60800 0.00402612 0.00402612 
61000 0.00402612 0.00402612 
61200 0.00402612 0.00402612 
61400 0.00402612 0.00402612 
61600 0.00402612 0.00402612 
61800 0.00402612 0.00402612 
62000 0.00402612 0.00402612 
62200 0.00402612 0.00402612 
62400 0.00402612 0.00402612 
62600 0.00402612 0.00402612 
62800 0.00402612 0.00402612 
63000 0.00402612 0.00402612 
63200 0.00402612 0.00402612 
63400 0.00402612 0.00402612 
63600 0.00402612 0.00402612 
63800 0.00402612 0.00402612 
64000 0.00402612 0.00402612 
64200 0.00402612 0.00402612 
64400 0.00402612 0.00402612 
64600 0.00402612 0.00402612 
64800 0.00402612 0.00402612 
65000 0.00402612 0.00402612 
65200 0.00402612 0.00402612 
65400 0.00402612 0.00402612 
65600 0.00402612 0.00402612 
65800 0.00402612 0.00402612 
66000 0.00402612 0.00402612 
66200 0.00402612 0.00402612 
66400 0.00402612 0.00402612 
66600 0.00402612 0.00402612 
66800 0.00402612 0.00402612 
67000 0.00402612 0.00402612 
67200 0.00402612 0.00402612 
67400 0.00402612 0.00402612 
67600 0.00402612 0.00402612 
67800 0.00402612 0.00402612 
68000 0.00402612 0.00402612 
68200 0.00402612 0.00402612 
68400 0.00402612 0.00402612 
68600 0.00402612 0.00402612 
68800 0.00402612 0.00402612 
69000 0.00402612 0.00402612 
69200 0.00402612 0.00402612 
69400 0.00402612 0.00402612 
69600 0.00402612 0.00402612 
69800 0.00402612 0.00402612 
70000 0.00402612 0.00402612 
70200 0.00402612 0.00402612 
70400 0.00402612 0.00402612 
70600 0.00402612 0.00402612 
70800 0.00402612 0.00402612 
71000 0.00402612 0.00402612 
71200 0.00402612 0.00402612 
71400 0.00402612 0.00402612 
71600 0.00402612 0.00402612 
71800 0.00402612 0.00402612 
72000 0.00402612 0.00402612 
72200 0.00402612 0.00402612 
72400 0.00402612 0.00402612 
72600 0.00402612 0.00402612 
72800 0.00402612 0.00402612 
73000 0.00402612 0.00402612 
73200 0.00402612 0.00402612 
73400 0.00402612 0.00402612 
73600 0.00402612 0.00402612 
73800 0.00402612 0.00402612 
74000 0.00402612 0.00402612 
74200 0.00402612 0.00402612 
74400 0.00402612 0.00402612 
74600 0.00402612 0.00402612 
74800 0.00402612 0.00402612 
75000 0.00402612 0.00402612 
75200 0.00402612 0.00402612 
75400 0.00402612 0.00402612 
75600 0.00402612 0.00402612 
75800 0.00402612 0.00402612 
76000 0.00402612 0.00402612 
76200 0.00402612 0.00402612 
76400 0.00402612 0.00402612 
76600 0.00402612 0.00402612 
76800 0.00402612 0.00402612 
77000 0.00402612 0.00402612 
77200 0.00402612 0.00402612 
77400 0.00402612 0.00402612 
77600 0.00402612 0.00402612 
77800 0.00402612 0.00402612 
78000 0.00402612 0.00402612 
78200 0.00402612 0.00402612 
78400 0.00402612 0.00402612 
78600 0.00402612 0.00402612 
78800 0.00402612 0.00402612 
79000 0.00402612 0.00402612 
79200 0.00402612 0.00402612 
79400 0.00402612 0.00402612 
79600 0.00402612 0.00402612 
79800 0.00402612 0.00402612 
80000 0.00402612 0.00402612 
80200 0.00402612 0.00402612 
80400 0.00402612 0.00402612 
80600 0.00402612 0.00402612 
80800 0.00402612 0.00402612 
81000 0.00402612 0.00402612 
81200 0.00402612 0.00402612 
81400 0.00402612 0.00402612 
81600 0.00402612 0.00402612 
81800 0.00402612 0.00402612 
82000 0.00402612 0.00402612 
82200 0.00402612 0.00402612 
82400 0.00402612 0.00402612 
82600 0.00402612 0.00402612 
82800 0.00402612 0.00402612 
83000 0.00402612 0.00402612 
83200 0.00402612 0.00402612 
83400 0.00402612 0.00402612 
83600 0.00402612 0.00402612 
83800 0.00402612 0.00402612 
84000 0.00402612 0.00402612 
84200 0.00402612 0.00402612 
84400 0.00402612 0.00402612 
84600 0.00402612 0.00402612 
84800 0.00402612 0.00402612 
85000 0.00402612 0.00402612 
85200 0.00402612 0.00402612 
85400 0.00402612 0.00402612 
85600 0.00402612 0.00402612 
85800 0.00402612 0.00402612 
86000 0.00402612 0.00402612 
86200 0.00402612 0.00402612 
86400 0.00275539 0.00275539 
86600 0.00275539 0.00275539 
86800 0.00275539 0.00275539 
87000 0.00275539 0.00275539 
87200 0.00275539 0.00275539 
87400 0.00275539 0.00275539 
87600 0.00275539 0.00275539 
87800 0.00275539 0.00275539 
88000 0.00275539 0.00275539 
88200 0.00275539 0.00275539 
88400 0.00275539 0.00275539 
88600 0.00275539 0.00275539 
88800 0.00275539 0.00275539 
89000 0.00275539 0.00275539 
89200 0.00275539 0.00275539 
89400 0.00275539 0.00275539 
89600 0.00275539 0.00275539 
89800 0.00275539 0.00275539 
90000 0.00275539 0.00275539 
90200 0.00275539 0.00275539 
90400 0.00275539 0.00275539 
90600 0.00275539 0.00275539 
90800 0.00275539 0.00275539 
91000 0.00275539 0.00275539 
91200 0.00275539 0.00275539 
91400 0.00275539 0.00275539 
91600 0.00275539 0.00275539 
91800 0.00275539 0.00275539 
92000 0.00275539 0.00275539 
92200 0.00275539 0.00275539 
92400 0.00275539 0.00275539 
92600 0.00275539 0.00275539 
92800 0.00275539 0.00275539 
93000 0.00275539 0.00275539 
93200 0.00275539 0.00275539 
93400 0.00275539 0.00275539 
93600 0.00275539 0.00275539 
93800 0.00275539 0.00275539 
94000 0.00275539 0.00275539 
94200 0.00275539 0.00275539 
94400 0.00275539 0.00275539 
94600 0.00275539 0.00275539 
94800 0.00275539 0.00275539 
95000 0.00275539 0.00275539 
95200 0.00275539 0.00275539 
95400 0.00275539 0.00275539 
95600 0.00275539 0.00275539 
95800 0.00275539 0.00275539 
96000 0.00275539 0.00275539 
96200 0.00275539 0.00275539 
96400 0.00275539 0.00275539 
96600 0.00275539 0.00275539 
96800 0.00275539 0.00275539 
97000 0.00275539 0.00275539 
97200 0.00275539 0.00275539 
97400 0.00275539 0.00275539 
97600 0.00275539 0.00275539 
97800 0.00275539 0.00275539 
98000 0.00275539 0.00275539 
98200 0.00275539 0.00275539 
98400 0.00275539 0.00275539 
98600 0.00275539 0.00275539 
98800 0.00275539 0.00275539 
99000 0.00275539 0.00275539 
99200 0.00275539 0.00275539 
99400 0.00275539 0.00275539 
99600 0.00275539 0.00275539 
99800 0.00275539 0.00275539 
100000 0.00275539 0.00275539 
100200 0.00275539 0.00275539 
100400 0.00275539 0.00275539 
100600 0.00275539 0.00275539 
100800 0.00275539 0.00275539 
101000 0.00275539 0.00275539 
101200 0.00275539 0.00275539 
101400 0.00275539 0.00275539 
101600 0.00275539 0.00275539 
101800 0.00275539 0.00275539 
102000 0.00275539 0.00275539 
102200 0.00275539 0.00275539 
102400 0.00275539 0.00275539 
102600 0.00275539 0.00275539 
102800 0.00275539 0.00275539 
103000 0.00275539 0.00275539 
103200 0.00275539 0.00275539 
103400 0.00275539 0.00275539 
103600 0.00275539 0.00275539 
103800 0.00275539 0.00275539 
104000 0.00275539 0.00275539 
104200 0.00275539 0.00275539 
104400 0.00275539 0.00275539 
104600 0.00275539 0.00275539 
104800 0.00275539 0.00275539 
105000 0.00275539 0.00275539 
105200 0.00275539 0.00275539 
105400 0.00275539 0.00275539 
105600 0.00275539 0.00275539 
105800 0.00275539 0.00275539 
106000 0.00275539 0.00275539 
106200 0.00275539 0.00275539 
106400 0.00275539 0.00275539 
106600 0.00275539 0.00275539 
106800 0.00275539 0.00275539 
107000 0.00275539 0.00275539 
107200 0.00275539 0.00275539 
107400 0.00275539 0.00275539 
107600 0.00275539 0.00275539 
107800 0.00275539 0.00275539 
108000 0.00275539 0.00275539 
108200 0.00275539 0.00275539 
108400 0.00275539 0.00275539 
108600 0.00275539 0.00275539 
108800 0.00205819 0.00205819 
109000 0.00205819 0.00205819 
109200 0.00205819 0.00205819 
109400 0.00205819 0.00205819 
109600 0.00205819 0.00205819 
109800 0.00205819 0.00205819 
110000 0.00205819 0.00205819 
110200 0.00205819 0.00205819 
110400 0.00205819 0.00205819 
110600 0.00205819 0.00205819 
110800 0.00205819 0.00205819 
111000 0.00205819 0.00205819 
111200 0.00205819 0.00205819 
111400 0.00205819 0.00205819 
111600 0.00205819 0.00205819 
111800 0.00205819 0.00205819 
112000 0.00205819 0.00205819 
112200 0.00205819 0.00205819 
112400 0.00205819 0.00205819 
112600 0.00205819 0.00205819 
112800 0.00205819 0.00205819 
113000 0.00205819 0.00205819 
113200 0.00205819 0.00205819 
113400 0.00205819 0.00205819 
113600 0.00205819 0.00205819 
113800 0.00205819 0.00205819 
114000 0.00205819 0.00205819 
114200 0.00205819 0.00205819 
114400 0.00205819 0.00205819 
114600 0.00205819 0.00205819 
114800 0.00205819 0.00205819 
115000 0.00205819 0.00205819 
115200 0.00205819 0.00205819 
115400 0.00205819 0.00205819 
115600 0.00205819 0.00205819 
115800 0.00205819 0.00205819 
116000 0.00205819 0.00205819 
116200 0.00205819 0.00205819 
116400 0.00205819 0.00205819 
116600 0.00205819 0.00205819 
116800 0.00205819 0.00205819 
117000 0.00205819 0.00205819 
117200 0.00205819 0.00205819 
117400 0.00205819 0.00205819 
117600 0.00205819 0.00205819 
117800 0.00205819 0.00205819 
118000 0.00205819 0.00205819 
118200 0.00205819 0.00205819 
118400 0.00205819 0.00205819 
118600 0.00205819 0.00205819 
118800 0.00205819 0.00205819 
119000 0.00205819 0.00205819 
119200 0.00205819 0.00205819 
119400 0.00205819 0.00205819 
119600 0.00205819 0.00205819 
119800 0.00205819 0.00205819 
120000 0.00205819 0.00205819 
120200 0.00205819 0.00205819 
120400 0.00205819 0.00205819 
120600 0.00205819 0.00205819 
120800 0.00205819 0.00205819 
121000 0.00205819 0.00205819 
121200 0.00205819 0.00205819 
121400 0.00205819 0.00205819 
121600 0.00205819 0.00205819 
121800 0.00205819 0.00205819 
122000 0.00205819 0.00205819 
122200 0.00205819 0.00205819 
122400 0.00205819 0.00205819 
122600 0.00205819 0.00205819 
122800 0.00205819 0.00205819 
123000 0.00205819 0.00205819 
123200 0.00205819 0.00205819 
123400 0.00205819 0.00205819 
123600 0.00205819 0.00205819 
123800 0.00205819 0.00205819 
124000 0.00205819 0.00205819 
124200 0.00205819 0.00205819 
124400 0.00205819 0.00205819 
124600 0.00205819 0.00205819 
124800 0.00205819 0.00205819 
125000 0.00205819 0.00205819 
125200 0.00205819 0.00205819 
125400 0.00205819 0.00205819 
125600 0.00205819 0.00205819 
125800 0.00205819 0.00205819 
126000 0.00205819 0.00205819 
126200 0.00205819 0.00205819 
126400 0.00205819 0.00205819 
126600 0.00205819 0.00205819 
126800 0.00205819 0.00205819 
127000 0.00205819 0.00205819 
127200 0.00205819 0.00205819 
127400 0.00205819 0.00205819 
127600 0.00205819 0.00205819 
127800 0.00205819 0.00205819 
128000 0.00205819 0.00205819 
128200 0.00205819 0.00205819 
128400 0.00205819 0.00205819 
128600 0.00205819 0.00205819 
128800 0.00205819 0.00205819 
129000 0.00205819 0.00205819 
129200 0.00205819 0.00205819 
129400 0.00205819 0.00205819 
129600 0.00205819 0.00205819 
129800 0.00205819 0.00205819 
130000 0.00205819 0.00205819 
130200 0.00205819 0.00205819 
130400 0.00205819 0.00205819 
130600 0.00205819 0.00205819 
130800 0.00205819 0.00205819 
131000 0.00205819 0.00205819 
131200 0.00205819 0.00205819 
131400 0.00205819 0.00205819 
131600 0.00205819 0.00205819 
131800 0.00205819 0.00205819 
132000 0.00205819 0.00205819 
132200 0.00205819 0.00205819 
132400 0.00205819 0.00205819 
132600 0.00205819 0.00205819 
132800 0.00205819 0.00205819 
133000 0.00205819 0.00205819 
133200 0.00205819 0.00205819 
133400 0.00205819 0.00205819 
133600 0.00205819 0.00205819 
133800 0.00205819 0.00205819 
134000 0.00205819 0.00205819 
134200 0.00205819 0.00205819 
134400 0.00205819 0.00205819 
134600 0.00205819 0.00205819 
134800 0.00205819 0.00205819 
135000 0.00205819 0.00205819 
135200 0.00205819 0.00205819 
135400 0.00205819 0.00205819 
135600 0.00205819 0.00205819 
135800 0.00205819 0.00205819 
136000 0.00205819 0.00205819 
136200 0.00205819 0.00205819 
136400 0.00205819 0.00205819 
136600 0.00205819 0.00205819 
136800 0.00205819 0.00205819 
137000 0.00205819 0.00205819 
137200 0.00205819 0.00205819 
137400 0.00205819 0.00205819 
137600 0.00205819 0.00205819 
137800 0.00205819 0.00205819 
138000 0.00205819 0.00205819 
138200 0.00205819 0.00205819 
138400 0.00205819 0.00205819 
138600 0.00205819 0.00205819 
138800 0.00205819 0.00205819 
139000 0.00205819 0.00205819 
139200 0.00205819 0.00205819 
139400 0.00205819 0.00205819 
139600 0.00205819 0.00205819 
139800 0.00205819 0.00205819 
140000 0.00205819 0.00205819 
140200 0.00205819 0.00205819 
140400 0.00205819 0.00205819 
140600 0.00205819 0.00205819 
140800 0.00205819 0.00205819 
141000 0.00205819 0.00205819 
141200 0.00205819 0.00205819 
141400 0.00205819 0.00205819 
141600 0.00205819 0.00205819 
141800 0.00205819 0.00205819 
142000 0.00205819 0.00205819 
142200 0.00205819 0.00205819 
142400 0.00205819 0.00205819 
142600 0.00205819 0.00205819 
142800 0.00205819 0.00205819 
143000 0.00205819 0.00205819 
143200 0.00205819 0.00205819 
143400 0.00205819 0.00205819 
143600 0.00205819 0.00205819 
143800 0.00205819 0.00205819 
144000 0.00205819 0.00205819 
144200 0.00205819 0.00205819 
144400 0.00205819 0.00205819 
144600 0.00205819 0.00205819 
144800 0.00205819 0.00205819 
145000 0.00205819 0.00205819 
145200 0.00205819 0.00205819 
145400 0.00205819 0.00205819 
145600 0.00205819 0.00205819 
145800 0.00205819 0.00205819 
146000 0.00205819 0.00205819 
146200 0.00205819 0.00205819 
146400 0.00205819 0.00205819 
146600 0.00205819 0.00205819 
146800 0.00205819 0.00205819 
147000 0.00205819 0.00205819 
147200 0.00205819 0.00205819 
147400 0.00205819 0.00205819 
147600 0.00205819 0.00205819 
147800 0.00205819 0.00205819 
148000 0.00205819 0.00205819 
148200 0.00205819 0.00205819 
148400 0.00205819 0.00205819 
148600 0.00205819 0.00205819 
148800 0.00205819 0.00205819 
149000 0.00205819 0.00205819 
149200 0.00205819 0.00205819 
149400 0.00205819 0.00205819 
149600 0.00205819 0.00205819 
149800 0.00205819 0.00205819 
150000 0.00205819 0.00205819 
150200 0.00205819 0.00205819 
150400 0.00205819 0.00205819 
150600 0.00205819 0.00205819 
150800 0.00205819 0.00205819 
151000 0.00205819 0.00205819 
151200 0.00205819 0.00205819 
151400 0.00205819 0.00205819 
151600 0.00205819 0.00205819 
151800 0.00205819 0.00205819 
152000 0.00205819 0.00205819 
152200 0.00205819 0.00205819 
152400 0.00205819 0.00205819 
152600 0.00205819 0.00205819 
152800 0.00205819 0.00205819 
153000 0.00205819 0.00205819 
153200 0.00205819 0.00205819 
153400 0.00205819 0.00205819 
153600 0.00205819 0.00205819 
153800 0.00205819 0.00205819 
154000 0.00205819 0.00205819 
154200 0.00205819 0.00205819 
154400 0.00205819 0.00205819 
154600 0.00205819 0.00205819 
154800 0.00205819 0.00205819 
155000 0.00205819 0.00205819 
155200 0.00205819 0.00205819 
155400 0.00205819 0.00205819 
155600 0.00205819 0.00205819 
155800 0.00205819 0.00205819 
156000 0.00205819 0.00205819 
156200 0.00205819 0.00205819 
156400 0.00205819 0.00205819 
156600 0.00205819 0.00205819 
156800 0.00205819 0.00205819 
157000 0.00205819 0.00205819 
157200 0.00205819 0.00205819 
157400 0.00205819 0.00205819 
157600 0.00205819 0.00205819 
157800 0.00205819 0.00205819 
158000 0.00205819 0.00205819 
158200 0.00205819 0.00205819 
158400 0.00205819 0.00205819 
158600 0.00205819 0.00205819 
158800 0.00205819 0.00205819 
159000 0.00205819 0.00205819 
159200 0.00205819 0.00205819 
159400 0.00205819 0.00205819 
159600 0.00205819 0.00205819 
159800 0.00205819 0.00205819 
160000 0.00205819 0.00205819 
160200 0.00205819 0.00205819 
160400 0.00205819 0.00205819 
160600 0.00205819 0.00205819 
160800 0.00205819 0.00205819 
161000 0.00205819 0.00205819 
161200 0.00205819 0.00205819 
161400 0.00205819 0.00205819 
161600 0.00205819 0.00205819 
161800 0.00205819 0.00205819 
162000 0.00205819 0.00205819 
162200 0.00205819 0.00205819 
162400 0.00205819 0.00205819 
162600 0.00205819 0.00205819 
162800 0.00205819 0.00205819 
163000 0.00205819 0.00205819 
163200 0.00205819 0.00205819 
163400 0.00205819 0.00205819 
163600 0.00205819 0.00205819 
163800 0.00205819 0.00205819 
164000 0.00205819 0.00205819 
164200 0.00205819 0.00205819 
164400 0.00205819 0.00205819 
164600 0.00205819 0.00205819 
164800 0.00205819 0.00205819 
165000 0.00205819 0.00205819 
165200 0.00205819 0.00205819 
165400 0.00205819 0.00205819 
165600 0.00205819 0.00205819 
165800 0.00205819 0.00205819 
166000 0.00205819 0.00205819 
166200 0.00205819 0.00205819 
166400 0.00205819 0.00205819 
166600 0.00205819 0.00205819 
166800 0.00205819 0.00205819 
167000 0.00205819 0.00205819 
167200 0.00205819 0.00205819 
167400 0.00205819 0.00205819 
167600 0.00205819 0.00205819 
167800 0.00205819 0.00205819 
168000 0.00205819 0.00205819 
168200 0.00205819 0.00205819 
168400 0.00205819 0.00205819 
168600 0.00205819 0.00205819 
168800 0.00205819 0.00205819 
169000 0.00205819 0.00205819 
169200 0.00205819 0.00205819 
169400 0.00205819 0.00205819 
169600 0.00205819 0.00205819 
169800 0.00205819 0.00205819 
170000 0.00205819 0.00205819 
170200 0.00205819 0.00205819 
170400 0.00205819 0.00205819 
170600 0.00205819 0.00205819 
170800 0.00205819 0.00205819 
171000 0.00205819 0.00205819 
171200 0.00205819 0.00205819 
171400 0.00205819 0.00205819 
171600 0.00205819 0.00205819 
171800 0.00205819 0.00205819 
172000 0.00205819 0.00205819 
172200 0.00205819 0.00205819 
172400 0.00205819 0.00205819 
172600 0.00205819 0.00205819 
172800 0.00205819 0.00205819 
173000 0.00205819 0.00205819 
173200 0.00205819 0.00205819 
173400 0.00205819 0.00205819 
173600 0.00205819 0.00205819 
173800 0.00205819 0.00205819 
174000 0.00205819 0.00205819 
174200 0.00205819 0.00205819 
174400 0.00205819 0.00205819 
174600 0.00205819 0.00205819 
174800 0.00205819 0.00205819 
175000 0.00205819 0.00205819 
175200 0.00205819 0.00205819 
175400 0.00205819 0.00205819 
175600 0.00205819 0.00205819 
175800 0.00205819 0.00205819 
176000 0.00205819 0.00205819 
176200 0.00205819 0.00205819 
176400 0.00205819 0.00205819 
176600 0.00205819 0.00205819 
176800 0.00205819 0.00205819 
177000 0.00205819 0.00205819 
177200 0.00205819 0.00205819 
177400 0.00205819 0.00205819 
177600 0.00205819 0.00205819 
177800 0.00205819 0.00205819 
178000 0.00205819 0.00205819 
178200 0.00205819 0.00205819 
178400 0.00205819 0.00205819 
178600 0.00205819 0.00205819 
178800 0.00205819 0.00205819 
179000 0.00205819 0.00205819 
179200 0.00205819 0.00205819 
179400 0.00205819 0.00205819 
179600 0.00205819 0.00205819 
179800 0.00205819 0.00205819 
180000 0.00205819 0.00205819 
180200 0.00205819 0.00205819 
180400 0.00205819 0.00205819 
180600 0.00205819 0.00205819 
180800 0.00205819 0.00205819 
181000 0.00205819 0.00205819 
181200 0.00205819 0.00205819 
181400 0.00205819 0.00205819 
181600 0.00205819 0.00205819 
181800 0.00205819 0.00205819 
182000 0.00205819 0.00205819 
182200 0.00205819 0.00205819 
182400 0.00205819 0.00205819 
182600 0.00205819 0.00205819 
182800 0.00205819 0.00205819 
183000 0.00205819 0.00205819 
183200 0.00205819 0.00205819 
183400 0.00205819 0.00205819 
183600 0.00205819 0.00205819 
183800 0.00205819 0.00205819 
184000 0.00205819 0.00205819 
184200 0.00205819 0.00205819 
184400 0.00205819 0.00205819 
184600 0.00205819 0.00205819 
184800 0.00205819 0.00205819 
185000 0.00205819 0.00205819 
185200 0.00205819 0.00205819 
185400 0.00205819 0.00205819 
185600 0.00205819 0.00205819 
185800 0.00205819 0.00205819 
186000 0.00205819 0.00205819 
186200 0.00205819 0.00205819 
186400 0.00205819 0.00205819 
186600 0.00205819 0.00205819 
186800 0.00205819 0.00205819 
187000 0.00205819 0.00205819 
187200 0.00205819 0.00205819 
187400 0.00205819 0.00205819 
187600 0.00205819 0.00205819 
187800 0.00205819 0.00205819 
188000 0.00205819 0.00205819 
188200 0.00205819 0.00205819 
188400 0.00205819 0.00205819 
188600 0.00205819 0.00205819 
188800 0.00205819 0.00205819 
189000 0.00205819 0.00205819 
189200 0.00205819 0.00205819 
189400 0.00205819 0.00205819 
189600 0.00205819 0.00205819 
189800 0.00205819 0.00205819 
190000 0.00205819 0.00205819 
190200 0.00205819 0.00205819 
190400 0.00205819 0.00205819 
190600 0.00205819 0.00205819 
190800 0.00205819 0.00205819 
191000 0.00205819 0.00205819 
191200 0.00205819 0.00205819 
191400 0.00205819 0.00205819 
191600 0.00205819 0.00205819 
191800 0.00205819 0.00205819 
192000 0.00205819 0.00205819 
192200 0.00205819 0.00205819 
192400 0.00205819 0.00205819 
192600 0.00205819 0.00205819 
192800 0.00205819 0.00205819 
193000 0.00205819 0.00205819 
193200 0.00205819 0.00205819 
193400 0.00205819 0.00205819 
193600 0.00205819 0.00205819 
193800 0.00205819 0.00205819 
194000 0.00205819 0.00205819 
194200 0.00205819 0.00205819 
194400 0.00205819 0.00205819 
194600 0.00205819 0.00205819 
194800 0.00205819 0.00205819 
195000 0.00205819 0.00205819 
195200 0.00205819 0.00205819 
195400 0.00205819 0.00205819 
195600 0.00205819 0.00205819 
195800 0.00205819 0.00205819 
196000 0.00205819 0.00205819 
196200 0.00205819 0.00205819 
196400 0.00205819 0.00205819 
196600 0.00205819 0.00205819 
196800 0.00205819 0.00205819 
197000 0.00205819 0.00205819 
197200 0.00205819 0.00205819 
197400 0.00205819 0.00205819 
197600 0.00205819 0.00205819 
197800 0.00205819 0.00205819 
198000 0.00205819 0.00205819 
198200 0.00205819 0.00205819 
198400 0.00205819 0.00205819 
198600 0.00205819 0.00205819 
198800 0.00205819 0.00205819 
199000 0.00205819 0.00205819 
199200 0.00205819 0.00205819 
199400 0.00205819 0.00205819 
199600 0.00205819 0.00205819 
199800 0.00205819 0.00205819 
200000 0.00205819 0.00205819 
200200 0.00205819 0.00205819 
200400 0.00205819 0.00205819 
200600 0.00205819 0.00205819 
200800 0.00205819 0.00205819 
201000 0.00205819 0.00205819 
201200 0.00205819 0.00205819 
201400 0.00205819 0.00205819 
201600 0.00205819 0.00205819 
201800 0.00205819 0.00205819 
202000 0.00205819 0.00205819 
202200 0.00205819 0.00205819 
202400 0.00205819 0.00205819 
202600 0.00205819 0.00205819 
202800 0.00205819 0.00205819 
203000 0.00205819 0.00205819 
203200 0.00205819 0.00205819 
203400 0.00205819 0.00205819 
203600 0.00205819 0.00205819 
203800 0.00205819 0.00205819 
204000 0.00205819 0.00205819 
204200 0.00205819 0.00205819 
204400 0.00205819 0.00205819 
204600 0.00205819 0.00205819 
204800 0.00205819 0.00205819 
205000 0.00205819 0.00205819 
205200 0.00205819 0.00205819 
205400 0.00205819 0.00205819 
205600 0.00205819 0.00205819 
205800 0.00205819 0.00205819 
206000 0.00205819 0.00205819 
206200 0.00205819 0.00205819 
206400 0.00205819 0.00205819 
206600 0.00205819 0.00205819 
206800 0.00205819 0.00205819 
207000 0.00205819 0.00205819 
207200 0.00205819 0.00205819 
207400 0.00205819 0.00205819 
207600 0.00205819 0.00205819 
207800 0.00205819 0.00205819 
208000 0.00205819 0.00205819 
208200 0.00205819 0.00205819 
208400 0.00205819 0.00205819 
208600 0.00205819 0.00205819 
208800 0.00205819 0.00205819 
209000 0.00205819 0.00205819 
209200 0.00205819 0.00205819 
209400 0.00205819 0.00205819 
209600 0.00205819 0.00205819 
209800 0.00205819 0.00205819 
210000 0.00205819 0.00205819 
210200 0.00205819 0.00205819 
210400 0.00205819 0.00205819 
210600 0.00205819 0.00205819 
210800 0.00205819 0.00205819 
211000 0.00205819 0.00205819 
211200 0.00205819 0.00205819 
211400 0.00205819 0.00205819 
211600 0.00205819 0.00205819 
211800 0.00205819 0.00205819 
212000 0.00205819 0.00205819 
212200 0.00205819 0.00205819 
212400 0.00205819 0.00205819 
212600 0.00205819 0.00205819 
212800 0.00205819 0.00205819 
213000 0.00205819 0.00205819 
213200 0.00205819 0.00205819 
213400 0.00205819 0.00205819 
213600 0.00205819 0.00205819 
213800 0.00205819 0.00205819 
214000 0.00205819 0.00205819 
214200 0.00205819 0.00205819 
214400 0.00205819 0.00205819 
214600 0.00205819 0.00205819 
214800 0.00205819 0.00205819 
215000 0.00205819 0.00205819 
215200 0.00205819 0.00205819 
215400 0.00205819 0.00205819 
215600 0.00205819 0.00205819 
215800 0.00205819 0.00205819 
216000 0.00205819 0.00205819 
216200 0.00205819 0.00205819 
216400 0.00205819 0.00205819 
216600 0.00205819 0.00205819 
216800 0.00205819 0.00205819 
217000 0.00205819 0.00205819 
217200 0.00205819 0.00205819 
217400 0.00205819 0.00205819 
217600 0.00205819 0.00205819 
217800 0.00205819 0.00205819 
218000 0.00205819 0.00205819 
218200 0.00205819 0.00205819 
218400 0.00205819 0.00205819 
218600 0.00205819 0.00205819 
218800 0.00205819 0.00205819 
219000 0.00205819 0.00205819 
219200 0.00205819 0.00205819 
219400 0.00205819 0.00205819 
219600 0.00205819 0.00205819 
219800 0.00205819 0.00205819 
220000 0.00205819 0.00205819 
220200 0.00205819 0.00205819 
220400 0.00205819 0.00205819 
220600 0.00205819 0.00205819 
220800 0.00205819 0.00205819 
221000 0.00205819 0.00205819 
221200 0.00205819 0.00205819 
221400 0.00205819 0.00205819 
221600 0.00205819 0.00205819 
221800 0.00205819 0.00205819 
222000 0.00205819 0.00205819 
222200 0.00205819 0.00205819 
222400 0.00205819 0.00205819 
222600 0.00205819 0.00205819 
222800 0.00205819 0.00205819 
223000 0.00205819 0.00205819 
223200 0.00205819 0.00205819 
223400 0.00205819 0.00205819 
223600 0.00205819 0.00205819 
223800 0.00205819 0.00205819 
224000 0.00205819 0.00205819 
224200 0.00205819 0.00205819 
224400 0.00205819 0.00205819 
224600 0.00205819 0.00205819 
224800 0.00205819 0.00205819 
225000 0.00205819 0.00205819 
225200 0.00205819 0.00205819 
225400 0.00205819 0.00205819 
225600 0.00205819 0.00205819 
225800 0.00205819 0.00205819 
226000 0.00205819 0.00205819 
226200 0.00205819 0.00205819 
226400 0.00205819 0.00205819 
226600 0.00205819 0.00205819 
226800 0.00205819 0.00205819 
227000 0.00205819 0.00205819 
227200 0.00205819 0.00205819 
227400 0.00205819 0.00205819 
227600 0.00205819 0.00205819 
227800 0.00205819 0.00205819 
228000 0.00205819 0.00205819 
228200 0.00205819 0.00205819 
228400 0.00205819 0.00205819 
228600 0.00205819 0.00205819 
228800 0.00205819 0.00205819 
229000 0.00205819 0.00205819 
229200 0.00205819 0.00205819 
229400 0.00205819 0.00205819 
229600 0.00205819 0.00205819 
229800 0.00205819 0.00205819 
230000 0.00205819 0.00205819 
230200 0.00205819 0.00205819 
230400 0.00205819 0.00205819 
230600 0.00205819 0.00205819 
230800 0.00205819 0.00205819 
231000 0.00205819 0.00205819 
231200 0.00205819 0.00205819 
231400 0.00205819 0.00205819 
231600 0.00205819 0.00205819 
231800 0.00205819 0.00205819 
232000 0.00205819 0.00205819 
232200 0.00205819 0.00205819 
232400 0.00205819 0.00205819 
232600 0.00205819 0.00205819 
232800 0.00205819 0.00205819 
233000 0.00205819 0.00205819 
233200 0.00205819 0.00205819 
233400 0.00205819 0.00205819 
233600 0.00205819 0.00205819 
233800 0.00205819 0.00205819 
234000 0.00205819 0.00205819 
234200 0.00205819 0.00205819 
234400 0.00205819 0.00205819 
234600 0.00205819 0.00205819 
234800 0.00205819 0.00205819 
235000 0.00205819 0.00205819 
235200 0.00205819 0.00205819 
235400 0.00205819 0.00205819 
235600 0.00205819 0.00205819 
235800 0.00205819 0.00205819 
236000 0.00205819 0.00205819 
236200 0.00205819 0.00205819 
236400 0.00205819 0.00205819 
236600 0.00205819 0.00205819 
236800 0.00205819 0.00205819 
237000 0.00205819 0.00205819 
237200 0.00205819 0.00205819 
237400 0.00205819 0.00205819 
237600 0.00205819 0.00205819 
237800 0.00205819 0.00205819 
238000 0.00205819 0.00205819 
238200 0.00205819 0.00205819 
238400 0.00205819 0.00205819 
238600 0.00205819 0.00205819 
238800 0.00205819 0.00205819 
239000 0.00205819 0.00205819 
239200 0.00205819 0.00205819 
239400 0.00205819 0.00205819 
239600 0.00205819 0.00205819 
239800 0.00205819 0.00205819 
240000 0.00205819 0.00205819 
240200 0.00205819 0.00205819 
240400 0.00205819 0.00205819 
240600 0.00205819 0.00205819 
240800 0.00205819 0.00205819 
241000 0.00205819 0.00205819 
241200 0.00205819 0.00205819 
241400 0.00205819 0.00205819 
241600 0.00205819 0.00205819 
241800 0.00205819 0.00205819 
242000 0.00205819 0.00205819 
242200 0.00205819 0.00205819 
242400 0.00205819 0.00205819 
242600 0.00205819 0.00205819 
242800 0.00205819 0.00205819 
243000 0.00205819 0.00205819 
243200 0.00205819 0.00205819 
243400 0.00205819 0.00205819 
243600 0.00205819 0.00205819 
243800 0.00205819 0.00205819 
244000 0.00205819 0.00205819 
244200 0.00205819 0.00205819 
244400 0.00205819 0.00205819 
244600 0.00205819 0.00205819 
244800 0.00205819 0.00205819 
245000 0.00205819 0.00205819 
245200 0.00205819 0.00205819 
245400 0.00205819 0.00205819 
245600 0.00205819 0.00205819 
245800 0.00205819 0.00205819 
246000 0.00205819 0.00205819 
246200 0.00205819 0.00205819 
246400 0.00205819 0.00205819 
246600 0.00205819 0.00205819 
246800 0.00205819 0.00205819 
247000 0.00205819 0.00205819 
247200 0.00205819 0.00205819 
247400 0.00205819 0.00205819 
247600 0.00205819 0.00205819 
247800 0.00205819 0.00205819 
248000 0.00205819 0.00205819 
248200 0.00205819 0.00205819 
248400 0.00205819 0.00205819 
248600 0.00205819 0.00205819 
248800 0.00205819 0.00205819 
249000 0.00205819 0.00205819 
249200 0.00205819 0.00205819 
249400 0.00205819 0.00205819 
249600 0.00205819 0.00205819 
249800 0.00205819 0.00205819 
250000 0.00205819 0.00205819 
250200 0.00205819 0.00205819 
250400 0.00205819 0.00205819 
250600 0.00205819 0.00205819 
250800 0.00205819 0.00205819 
251000 0.00205819 0.00205819 
251200 0.00205819 0.00205819 
251400 0.00205819 0.00205819 
251600 0.00205819 0.00205819 
251800 0.00205819 0.00205819 
252000 0.00205819 0.00205819 
252200 0.00205819 0.00205819 
252400 0.00205819 0.00205819 
252600 0.00205819 0.00205819 
252800 0.00205819 0.00205819 
253000 0.00205819 0.00205819 
253200 0.00205819 0.00205819 
253400 0.00205819 0.00205819 
253600 0.00205819 0.00205819 
253800 0.00205819 0.00205819 
254000 0.00205819 0.00205819 
254200 0.00205819 0.00205819 
254400 0.00205819 0.00205819 
254600 0.00205819 0.00205819 
254800 0.00205819 0.00205819 
255000 0.00205819 0.00205819 
255200 0.00205819 0.00205819 
255400 0.00205819 0.00205819 
255600 0.00205819 0.00205819 
255800 0.00205819 0.00205819 
256000 0.00205819 0.00205819 
256200 0.00205819 0.00205819 
256400 0.00205819 0.00205819 
256600 0.00205819 0.00205819 
256800 0.00205819 0.00205819 
257000 0.00205819 0.00205819 
257200 0.00205819 0.00205819 
257400 0.00205819 0.00205819 
257600 0.00205819 0.00205819 
257800 0.00205819 0.00205819 
258000 0.00205819 0.00205819 
258200 0.00205819 0.00205819 
258400 0.00205819 0.00205819 
258600 0.00205819 0.00205819 
258800 0.00205819 0.00205819 
259000 0.00205819 0.00205819 
259200 0.00205819 0.00205819 
259400 0.00205819 0.00205819 
259600 0.00205819 0.00205819 
259800 0.00205819 0.00205819 
260000 0.00205819 0.00205819 
260200 0.00205819 0.00205819 
260400 0.00205819 0.00205819 
260600 0.00205819 0.00205819 
260800 0.00205819 0.00205819 
261000 0.00205819 0.00205819 
261200 0.00205819 0.00205819 
261400 0.00205819 0.00205819 
261600 0.00205819 0.00205819 
261800 0.00205819 0.00205819 
262000 0.00205819 0.00205819 
262200 0.00205819 0.00205819 
262400 0.00205819 0.00205819 
262600 0.00205819 0.00205819 
262800 0.00205819 0.00205819 
263000 0.00205819 0.00205819 
263200 0.00205819 0.00205819 
263400 0.00205819 0.00205819 
263600 0.00205819 0.00205819 
263800 0.00205819 0.00205819 
264000 0.00205819 0.00205819 
264200 0.00205819 0.00205819 
264400 0.00205819 0.00205819 
264600 0.00205819 0.00205819 
264800 0.00205819 0.00205819 
265000 0.00205819 0.00205819 
265200 0.00205819 0.00205819 
265400 0.00205819 0.00205819 
265600 0.00205819 0.00205819 
265800 0.00205819 0.00205819 
266000 0.00205819 0.00205819 
266200 0.00205819 0.00205819 
266400 0.00205819 0.00205819 
266600 0.00205819 0.00205819 
266800 0.00205819 0.00205819 
267000 0.00205819 0.00205819 
267200 0.00205819 0.00205819 
267400 0.00205819 0.00205819 
267600 0.00205819 0.00205819 
267800 0.00205819 0.00205819 
268000 0.00205819 0.00205819 
268200 0.00205819 0.00205819 
268400 0.00205819 0.00205819 
268600 0.00205819 0.00205819 
268800 0.00205819 0.00205819 
269000 0.00205819 0.00205819 
269200 0.00205819 0.00205819 
269400 0.00205819 0.00205819 
269600 0.00205819 0.00205819 
269800 0.00205819 0.00205819 
270000 0.00205819 0.00205819 
270200 0.00205819 0.00205819 
270400 0.00205819 0.00205819 
270600 0.00205819 0.00205819 
270800 0.00205819 0.00205819 
271000 0.00205819 0.00205819 
271200 0.00205819 0.00205819 
271400 0.00205819 0.00205819 
271600 0.00205819 0.00205819 
271800 0.00205819 0.00205819 
272000 0.00205819 0.00205819 
272200 0.00205819 0.00205819 
272400 0.00205819 0.00205819 
272600 0.00205819 0.00205819 
272800 0.00205819 0.00205819 
273000 0.00205819 0.00205819 
273200 0.00205819 0.00205819 
273400 0.00205819 0.00205819 
273600 0.00205819 0.00205819 
273800 0.00205819 0.00205819 
274000 0.00205819 0.00205819 
274200 0.00205819 0.00205819 
274400 0.00205819 0.00205819 
274600 0.00205819 0.00205819 
274800 0.00205819 0.00205819 
275000 0.00205819 0.00205819 
275200 0.00205819 0.00205819 
275400 0.00205819 0.00205819 
275600 0.00205819 0.00205819 
275800 0.00205819 0.00205819 
276000 0.00205819 0.00205819 
276200 0.00205819 0.00205819 
276400 0.00205819 0.00205819 
276600 0.00205819 0.00205819 
276800 0.00205819 0.00205819 
277000 0.00205819 0.00205819 
277200 0.00205819 0.00205819 
277400 0.00205819 0.00205819 
277600 0.00205819 0.00205819 
277800 0.00205819 0.00205819 
278000 0.00205819 0.00205819 
278200 0.00205819 0.00205819 
278400 0.00205819 0.00205819 
278600 0.00205819 0.00205819 
278800 0.00205819 0.00205819 
279000 0.00205819 0.00205819 
279200 0.00205819 0.00205819 
279400 0.00205819 0.00205819 
279600 0.00205819 0.00205819 
279800 0.00205819 0.00205819 
280000 0.00205819 0.00205819 
280200 0.00205819 0.00205819 
280400 0.00205819 0.00205819 
280600 0.00205819 0.00205819 
280800 0.00205819 0.00205819 
281000 0.00205819 0.00205819 
281200 0.00205819 0.00205819 
281400 0.00205819 0.00205819 
281600 0.00205819 0.00205819 
281800 0.00205819 0.00205819 
282000 0.00205819 0.00205819 
282200 0.00205819 0.00205819 
282400 0.00205819 0.00205819 
282600 0.00205819 0.00205819 
282800 0.00205819 0.00205819 
283000 0.00205819 0.00205819 
283200 0.00205819 0.00205819 
283400 0.00205819 0.00205819 
283600 0.00205819 0.00205819 
283800 0.00205819 0.00205819 
284000 0.00205819 0.00205819 
284200 0.00205819 0.00205819 
284400 0.00205819 0.00205819 
284600 0.00205819 0.00205819 
284800 0.00205819 0.00205819 
285000 0.00205819 0.00205819 
285200 0.00205819 0.00205819 
285400 0.00205819 0.00205819 
285600 0.00205819 0.00205819 
285800 0.00205819 0.00205819 
286000 0.00205819 0.00205819 
286200 0.00205819 0.00205819 
286400 0.00205819 0.00205819 
286600 0.00205819 0.00205819 
286800 0.00205819 0.00205819 
287000 0.00205819 0.00205819 
287200 0.00205819 0.00205819 
287400 0.00205819 0.00205819 
287600 0.00205819 0.00205819 
287800 0.00205819 0.00205819 
288000 0.00205819 0.00205819 
288200 0.00205819 0.00205819 
288400 0.00205819 0.00205819 
288600 0.00205819 0.00205819 
288800 0.00205819 0.00205819 
289000 0.00205819 0.00205819 
289200 0.00205819 0.00205819 
289400 0.00205819 0.00205819 
289600 0.00205819 0.00205819 
289800 0.00205819 0.00205819 
290000 0.00205819 0.00205819 
290200 0.00205819 0.00205819 
290400 0.00205819 0.00205819 
290600 0.00205819 0.00205819 
290800 0.00205819 0.00205819 
291000 0.00205819 0.00205819 
291200 0.00205819 0.00205819 
291400 0.00205819 0.00205819 
291600 0.00205819 0.00205819 
291800 0.00205819 0.00205819 
292000 0.00205819 0.00205819 
292200 0.00205819 0.00205819 
292400 0.00205819 0.00205819 
292600 0.00205819 0.00205819 
292800 0.00205819 0.00205819 
293000 0.00205819 0.00205819 
293200 0.00205819 0.00205819 
293400 0.00205819 0.00205819 
293600 0.00205819 0.00205819 
293800 0.00205819 0.00205819 
294000 0.00205819 0.00205819 
294200 0.00205819 0.00205819 
294400 0.00205819 0.00205819 
294600 0.00205819 0.00205819 
294800 0.00205819 0.00205819 
295000 0.00205819 0.00205819 
295200 0.00205819 0.00205819 
295400 0.00205819 0.00205819 
295600 0.00205819 0.00205819 
295800 0.00205819 0.00205819 
296000 0.00205819 0.00205819 
296200 0.00205819 0.00205819 
296400 0.00205819 0.00205819 
296600 0.00205819 0.00205819 
296800 0.00205819 0.00205819 
297000 0.00205819 0.00205819 
297200 0.00205819 0.00205819 
297400 0.00205819 0.00205819 
297600 0.00205819 0.00205819 
297800 0.00205819 0.00205819 
298000 0.00205819 0.00205819 
298200 0.00205819 0.00205819 
298400 0.00205819 0.00205819 
298600 0.00205819 0.00205819 
298800 0.00205819 0.00205819 
299000 0.00205819 0.00205819 
299200 0.00205819 0.00205819 
299400 0.00205819 0.00205819 
299600 0.00205819 0.00205819 
299800 0.00205819 0.00205819 
300000 0.00205819 0.00205819 
