100 0.22434920 0.22434920 
200 0.22434920 0.22434920 
300 0.22434920 0.22434920 
400 0.22033448 0.22033448 
500 0.21482722 0.21482722 
600 0.13488390 0.13488390 
700 0.13488390 0.13488390 
800 0.13488390 0.13488390 
900 0.13488390 0.13488390 
1000 0.13488390 0.13488390 
1100 0.13488390 0.13488390 
1200 0.13488390 0.13488390 
1300 0.13488390 0.13488390 
1400 0.13488390 0.13488390 
1500 0.13488390 0.13488390 
1600 0.13488390 0.13488390 
1700 0.13488390 0.13488390 
1800 0.13488390 0.13488390 
1900 0.13488390 0.13488390 
2000 0.13488390 0.13488390 
2100 0.13488390 0.13488390 
2200 0.13488390 0.13488390 
2300 0.13488390 0.13488390 
2400 0.13488390 0.13488390 
2500 0.13488390 0.13488390 
2600 0.13488390 0.13488390 
2700 0.13488390 0.13488390 
2800 0.13488390 0.13488390 
2900 0.13488390 0.13488390 
3000 0.13488390 0.13488390 
3100 0.13488390 0.13488390 
3200 0.12640668 0.12640668 
3300 0.12640668 0.12640668 
3400 0.12640668 0.12640668 
3500 0.12640668 0.12640668 
3600 0.12640668 0.12640668 
3700 0.12640668 0.12640668 
3800 0.12640668 0.12640668 
3900 0.12531039 0.12531039 
4000 0.12531039 0.12531039 
4100 0.12531039 0.12531039 
4200 0.12531039 0.12531039 
4300 0.12531039 0.12531039 
4400 0.12531039 0.12531039 
4500 0.12531039 0.12531039 
4600 0.12531039 0.12531039 
4700 0.12531039 0.12531039 
4800 0.12531039 0.12531039 
4900 0.12531039 0.12531039 
5000 0.12531039 0.12531039 
5100 0.12531039 0.12531039 
5200 0.12531039 0.12531039 
5300 0.12531039 0.12531039 
5400 0.12531039 0.12531039 
5500 0.12531039 0.12531039 
5600 0.12531039 0.12531039 
5700 0.12531039 0.12531039 
5800 0.12531039 0.12531039 
5900 0.12531039 0.12531039 
6000 0.12531039 0.12531039 
6100 0.12531039 0.12531039 
6200 0.12531039 0.12531039 
6300 0.12531039 0.12531039 
6400 0.12531039 0.12531039 
6500 0.12531039 0.12531039 
6600 0.12531039 0.12531039 
6700 0.12531039 0.12531039 
6800 0.12531039 0.12531039 
6900 0.12531039 0.12531039 
7000 0.12531039 0.12531039 
7100 0.12531039 0.12531039 
7200 0.12434458 0.12434458 
7300 0.12434458 0.12434458 
7400 0.12434458 0.12434458 
7500 0.12434458 0.12434458 
7600 0.12434458 0.12434458 
7700 0.12434458 0.12434458 
7800 0.12434458 0.12434458 
7900 0.12434458 0.12434458 
8000 0.12434458 0.12434458 
8100 0.12434458 0.12434458 
8200 0.12434458 0.12434458 
8300 0.12434458 0.12434458 
8400 0.12299390 0.12299390 
8500 0.12299390 0.12299390 
8600 0.10873998 0.10873998 
8700 0.10873998 0.10873998 
8800 0.10873998 0.10873998 
8900 0.10873998 0.10873998 
9000 0.10873998 0.10873998 
9100 0.07427445 0.07427445 
9200 0.07348677 0.07348677 
9300 0.07348677 0.07348677 
9400 0.07348677 0.07348677 
9500 0.07348677 0.07348677 
9600 0.07348677 0.07348677 
9700 0.07348677 0.07348677 
9800 0.07348677 0.07348677 
9900 0.07348677 0.07348677 
10000 0.07348677 0.07348677 
10100 0.07348677 0.07348677 
10200 0.07348677 0.07348677 
10300 0.07348677 0.07348677 
10400 0.07348677 0.07348677 
10500 0.07303014 0.07303014 
10600 0.07303014 0.07303014 
10700 0.07303014 0.07303014 
10800 0.07303014 0.07303014 
10900 0.07303014 0.07303014 
11000 0.07303014 0.07303014 
11100 0.07303014 0.07303014 
11200 0.06771852 0.06771852 
11300 0.06771852 0.06771852 
11400 0.06771852 0.06771852 
11500 0.06771852 0.06771852 
11600 0.06771852 0.06771852 
11700 0.06771852 0.06771852 
11800 0.06214260 0.06214260 
11900 0.06214260 0.06214260 
12000 0.06214260 0.06214260 
12100 0.06214260 0.06214260 
12200 0.06214260 0.06214260 
12300 0.06214260 0.06214260 
12400 0.06214260 0.06214260 
12500 0.06214260 0.06214260 
12600 0.06214260 0.06214260 
12700 0.06214260 0.06214260 
12800 0.06214260 0.06214260 
12900 0.05700089 0.05700089 
13000 0.05700089 0.05700089 
13100 0.05700089 0.05700089 
13200 0.05700089 0.05700089 
13300 0.05700089 0.05700089 
13400 0.05400370 0.05400370 
13500 0.05368683 0.05368683 
13600 0.05368683 0.05368683 
13700 0.05368683 0.05368683 
13800 0.05363248 0.05363248 
13900 0.05363248 0.05363248 
14000 0.05363248 0.05363248 
14100 0.05363248 0.05363248 
14200 0.05363248 0.05363248 
14300 0.05363248 0.05363248 
14400 0.05363248 0.05363248 
14500 0.05363248 0.05363248 
14600 0.05363248 0.05363248 
14700 0.05363248 0.05363248 
14800 0.05363248 0.05363248 
14900 0.05363248 0.05363248 
15000 0.05316863 0.05316863 
15100 0.05316863 0.05316863 
15200 0.05316863 0.05316863 
15300 0.05280125 0.05280125 
15400 0.05280125 0.05280125 
15500 0.05280125 0.05280125 
15600 0.05280125 0.05280125 
15700 0.05141939 0.05141939 
15800 0.05141939 0.05141939 
15900 0.05141939 0.05141939 
16000 0.05141939 0.05141939 
16100 0.05141939 0.05141939 
16200 0.05141939 0.05141939 
16300 0.05127267 0.05127267 
16400 0.05127267 0.05127267 
16500 0.05127267 0.05127267 
16600 0.05127267 0.05127267 
16700 0.05127267 0.05127267 
16800 0.05005050 0.05005050 
16900 0.05005050 0.05005050 
17000 0.05005050 0.05005050 
17100 0.05005050 0.05005050 
17200 0.05005050 0.05005050 
17300 0.05005050 0.05005050 
17400 0.05005050 0.05005050 
17500 0.05005050 0.05005050 
17600 0.05005050 0.05005050 
17700 0.05005050 0.05005050 
17800 0.05005050 0.05005050 
17900 0.05005050 0.05005050 
18000 0.05005050 0.05005050 
18100 0.05005050 0.05005050 
18200 0.05005050 0.05005050 
18300 0.05005050 0.05005050 
18400 0.05005050 0.05005050 
18500 0.05005050 0.05005050 
18600 0.05005050 0.05005050 
18700 0.05004617 0.05004617 
18800 0.05004617 0.05004617 
18900 0.05004617 0.05004617 
19000 0.05004617 0.05004617 
19100 0.05004617 0.05004617 
19200 0.05004617 0.05004617 
19300 0.05004617 0.05004617 
19400 0.05004617 0.05004617 
19500 0.05004617 0.05004617 
19600 0.05004617 0.05004617 
19700 0.05004617 0.05004617 
19800 0.05004617 0.05004617 
19900 0.05004617 0.05004617 
20000 0.05004617 0.05004617 
20100 0.05004617 0.05004617 
20200 0.05004617 0.05004617 
20300 0.05004617 0.05004617 
20400 0.05004617 0.05004617 
20500 0.05004617 0.05004617 
20600 0.05004617 0.05004617 
20700 0.05004617 0.05004617 
20800 0.05004617 0.05004617 
20900 0.05004617 0.05004617 
21000 0.05004617 0.05004617 
21100 0.05004617 0.05004617 
21200 0.05004617 0.05004617 
21300 0.05004617 0.05004617 
21400 0.05004617 0.05004617 
21500 0.05004617 0.05004617 
21600 0.05004617 0.05004617 
21700 0.05004617 0.05004617 
21800 0.05004617 0.05004617 
21900 0.05004617 0.05004617 
22000 0.05004617 0.05004617 
22100 0.05004617 0.05004617 
22200 0.05004617 0.05004617 
22300 0.05004617 0.05004617 
22400 0.05004617 0.05004617 
22500 0.05004617 0.05004617 
22600 0.05004617 0.05004617 
22700 0.05004617 0.05004617 
22800 0.05004617 0.05004617 
22900 0.05004617 0.05004617 
23000 0.05004617 0.05004617 
23100 0.05004617 0.05004617 
23200 0.05004617 0.05004617 
23300 0.05004617 0.05004617 
23400 0.05004617 0.05004617 
23500 0.05004617 0.05004617 
23600 0.05004617 0.05004617 
23700 0.05004617 0.05004617 
23800 0.05004617 0.05004617 
23900 0.05004617 0.05004617 
24000 0.05004617 0.05004617 
24100 0.05004617 0.05004617 
24200 0.05004617 0.05004617 
24300 0.05004617 0.05004617 
24400 0.05004617 0.05004617 
24500 0.05004617 0.05004617 
24600 0.04978258 0.04978258 
24700 0.04978258 0.04978258 
24800 0.04978258 0.04978258 
24900 0.04978258 0.04978258 
25000 0.04978258 0.04978258 
25100 0.04978258 0.04978258 
25200 0.04978258 0.04978258 
25300 0.04978258 0.04978258 
25400 0.04978258 0.04978258 
25500 0.04978258 0.04978258 
25600 0.04978258 0.04978258 
25700 0.04978258 0.04978258 
25800 0.04978258 0.04978258 
25900 0.04978258 0.04978258 
26000 0.04978258 0.04978258 
26100 0.04978258 0.04978258 
26200 0.04978258 0.04978258 
26300 0.04978258 0.04978258 
26400 0.04978258 0.04978258 
26500 0.04978258 0.04978258 
26600 0.04978258 0.04978258 
26700 0.04978258 0.04978258 
26800 0.04978258 0.04978258 
26900 0.04977939 0.04977939 
27000 0.04977939 0.04977939 
27100 0.04977939 0.04977939 
27200 0.04977939 0.04977939 
27300 0.04977939 0.04977939 
27400 0.04977939 0.04977939 
27500 0.04977939 0.04977939 
27600 0.04977939 0.04977939 
27700 0.04977939 0.04977939 
27800 0.04977939 0.04977939 
27900 0.04977939 0.04977939 
28000 0.04977939 0.04977939 
28100 0.04977939 0.04977939 
28200 0.04977939 0.04977939 
28300 0.04977939 0.04977939 
28400 0.04977939 0.04977939 
28500 0.04977939 0.04977939 
28600 0.04977939 0.04977939 
28700 0.04977939 0.04977939 
28800 0.04977939 0.04977939 
28900 0.04977939 0.04977939 
29000 0.04977939 0.04977939 
29100 0.04977939 0.04977939 
29200 0.04977939 0.04977939 
29300 0.04977939 0.04977939 
29400 0.04977939 0.04977939 
29500 0.04977939 0.04977939 
29600 0.04977939 0.04977939 
29700 0.04977939 0.04977939 
29800 0.04977939 0.04977939 
29900 0.04977939 0.04977939 
30000 0.04977939 0.04977939 
30100 0.04977939 0.04977939 
30200 0.04977939 0.04977939 
30300 0.04977939 0.04977939 
30400 0.04977939 0.04977939 
30500 0.04977939 0.04977939 
30600 0.04977939 0.04977939 
30700 0.04977939 0.04977939 
30800 0.04977939 0.04977939 
30900 0.04977939 0.04977939 
31000 0.04977939 0.04977939 
31100 0.04977939 0.04977939 
31200 0.04977939 0.04977939 
31300 0.04977939 0.04977939 
31400 0.04977939 0.04977939 
31500 0.04977939 0.04977939 
31600 0.04977939 0.04977939 
31700 0.04977939 0.04977939 
31800 0.04977939 0.04977939 
31900 0.04977939 0.04977939 
32000 0.04977939 0.04977939 
32100 0.04977939 0.04977939 
32200 0.04977939 0.04977939 
32300 0.04977939 0.04977939 
32400 0.04977939 0.04977939 
32500 0.04977939 0.04977939 
32600 0.04977939 0.04977939 
32700 0.04977939 0.04977939 
32800 0.04977939 0.04977939 
32900 0.04977939 0.04977939 
33000 0.04977939 0.04977939 
33100 0.04977939 0.04977939 
33200 0.04977939 0.04977939 
33300 0.04977939 0.04977939 
33400 0.04977939 0.04977939 
33500 0.04977939 0.04977939 
33600 0.04977939 0.04977939 
33700 0.04977939 0.04977939 
33800 0.04977939 0.04977939 
33900 0.04977939 0.04977939 
34000 0.04977939 0.04977939 
34100 0.04977939 0.04977939 
34200 0.04977939 0.04977939 
34300 0.04977939 0.04977939 
34400 0.04977939 0.04977939 
34500 0.04977939 0.04977939 
34600 0.04977939 0.04977939 
34700 0.04977939 0.04977939 
34800 0.04977939 0.04977939 
34900 0.04977939 0.04977939 
35000 0.04977939 0.04977939 
35100 0.04977939 0.04977939 
35200 0.04977939 0.04977939 
35300 0.04977939 0.04977939 
35400 0.04977939 0.04977939 
35500 0.04977939 0.04977939 
35600 0.04977939 0.04977939 
35700 0.04977939 0.04977939 
35800 0.04977939 0.04977939 
35900 0.04977939 0.04977939 
36000 0.04977939 0.04977939 
36100 0.04977939 0.04977939 
36200 0.04977939 0.04977939 
36300 0.04977939 0.04977939 
36400 0.04977939 0.04977939 
36500 0.04977939 0.04977939 
36600 0.04977939 0.04977939 
36700 0.04977939 0.04977939 
36800 0.04977939 0.04977939 
36900 0.04977939 0.04977939 
37000 0.04977939 0.04977939 
37100 0.04977939 0.04977939 
37200 0.04977939 0.04977939 
37300 0.04977939 0.04977939 
37400 0.04977939 0.04977939 
37500 0.04977939 0.04977939 
37600 0.04977939 0.04977939 
37700 0.04977939 0.04977939 
37800 0.04977939 0.04977939 
37900 0.04977939 0.04977939 
38000 0.04977939 0.04977939 
38100 0.04977939 0.04977939 
38200 0.04977939 0.04977939 
38300 0.04977939 0.04977939 
38400 0.04977939 0.04977939 
38500 0.04977939 0.04977939 
38600 0.04977939 0.04977939 
38700 0.04977939 0.04977939 
38800 0.04977939 0.04977939 
38900 0.04977939 0.04977939 
39000 0.04977939 0.04977939 
39100 0.04977939 0.04977939 
39200 0.04977939 0.04977939 
39300 0.04977939 0.04977939 
39400 0.04977939 0.04977939 
39500 0.04977939 0.04977939 
39600 0.04977939 0.04977939 
39700 0.04977939 0.04977939 
39800 0.04977939 0.04977939 
39900 0.04977939 0.04977939 
40000 0.04977939 0.04977939 
40100 0.04977939 0.04977939 
40200 0.04977939 0.04977939 
40300 0.04977939 0.04977939 
40400 0.04977939 0.04977939 
40500 0.04977939 0.04977939 
40600 0.04977939 0.04977939 
40700 0.04977939 0.04977939 
40800 0.04977939 0.04977939 
40900 0.04977939 0.04977939 
41000 0.04975005 0.04975005 
41100 0.04975005 0.04975005 
41200 0.04975005 0.04975005 
41300 0.04975005 0.04975005 
41400 0.04975005 0.04975005 
41500 0.04975005 0.04975005 
41600 0.04975005 0.04975005 
41700 0.04975005 0.04975005 
41800 0.04975005 0.04975005 
41900 0.04975005 0.04975005 
42000 0.04975005 0.04975005 
42100 0.04975005 0.04975005 
42200 0.04975005 0.04975005 
42300 0.04975005 0.04975005 
42400 0.04975005 0.04975005 
42500 0.04975005 0.04975005 
42600 0.04975005 0.04975005 
42700 0.04975005 0.04975005 
42800 0.04975005 0.04975005 
42900 0.04975005 0.04975005 
43000 0.04975005 0.04975005 
43100 0.04975005 0.04975005 
43200 0.04975005 0.04975005 
43300 0.04975005 0.04975005 
43400 0.04975005 0.04975005 
43500 0.04975005 0.04975005 
43600 0.04975005 0.04975005 
43700 0.04975005 0.04975005 
43800 0.04975005 0.04975005 
43900 0.04975005 0.04975005 
44000 0.04975005 0.04975005 
44100 0.04975005 0.04975005 
44200 0.04975005 0.04975005 
44300 0.04975005 0.04975005 
44400 0.04975005 0.04975005 
44500 0.04975005 0.04975005 
44600 0.04975005 0.04975005 
44700 0.04975005 0.04975005 
44800 0.04975005 0.04975005 
44900 0.04975005 0.04975005 
45000 0.04975005 0.04975005 
45100 0.04975005 0.04975005 
45200 0.04975005 0.04975005 
45300 0.04975005 0.04975005 
45400 0.04975005 0.04975005 
45500 0.04975005 0.04975005 
45600 0.04975005 0.04975005 
45700 0.04975005 0.04975005 
45800 0.04975005 0.04975005 
45900 0.04975005 0.04975005 
46000 0.04975005 0.04975005 
46100 0.04975005 0.04975005 
46200 0.04974671 0.04974671 
46300 0.04974671 0.04974671 
46400 0.04974671 0.04974671 
46500 0.04974671 0.04974671 
46600 0.04973839 0.04973839 
46700 0.04973839 0.04973839 
46800 0.04973839 0.04973839 
46900 0.04973839 0.04973839 
47000 0.04973839 0.04973839 
47100 0.04973839 0.04973839 
47200 0.04973839 0.04973839 
47300 0.04973839 0.04973839 
47400 0.04973839 0.04973839 
47500 0.04973839 0.04973839 
47600 0.04973839 0.04973839 
47700 0.04973839 0.04973839 
47800 0.04973839 0.04973839 
47900 0.04973839 0.04973839 
48000 0.04973839 0.04973839 
48100 0.04973839 0.04973839 
48200 0.04973839 0.04973839 
48300 0.04973839 0.04973839 
48400 0.04973839 0.04973839 
48500 0.04973839 0.04973839 
48600 0.04973839 0.04973839 
48700 0.04973839 0.04973839 
48800 0.04973839 0.04973839 
48900 0.04973839 0.04973839 
49000 0.04973839 0.04973839 
49100 0.04973839 0.04973839 
49200 0.04973839 0.04973839 
49300 0.04973839 0.04973839 
49400 0.04973839 0.04973839 
49500 0.04973839 0.04973839 
49600 0.04973839 0.04973839 
49700 0.04973839 0.04973839 
49800 0.04973839 0.04973839 
49900 0.04973839 0.04973839 
50000 0.04973839 0.04973839 
50100 0.04973839 0.04973839 
50200 0.04973839 0.04973839 
50300 0.04973839 0.04973839 
50400 0.04973839 0.04973839 
50500 0.04973839 0.04973839 
50600 0.04973839 0.04973839 
50700 0.04973839 0.04973839 
50800 0.04973839 0.04973839 
50900 0.04973839 0.04973839 
51000 0.04973839 0.04973839 
51100 0.04973839 0.04973839 
51200 0.04973839 0.04973839 
51300 0.04973839 0.04973839 
51400 0.04973839 0.04973839 
51500 0.04973839 0.04973839 
51600 0.04973839 0.04973839 
51700 0.04973839 0.04973839 
51800 0.04973839 0.04973839 
51900 0.04973839 0.04973839 
52000 0.04973839 0.04973839 
52100 0.04973839 0.04973839 
52200 0.04973839 0.04973839 
52300 0.04973839 0.04973839 
52400 0.04973839 0.04973839 
52500 0.04973839 0.04973839 
52600 0.04973839 0.04973839 
52700 0.04973839 0.04973839 
52800 0.04973839 0.04973839 
52900 0.04973839 0.04973839 
53000 0.04973839 0.04973839 
53100 0.04973839 0.04973839 
53200 0.04973839 0.04973839 
53300 0.04973839 0.04973839 
53400 0.04973839 0.04973839 
53500 0.04973839 0.04973839 
53600 0.04973839 0.04973839 
53700 0.04973839 0.04973839 
53800 0.04973839 0.04973839 
53900 0.04973839 0.04973839 
54000 0.04973839 0.04973839 
54100 0.04973839 0.04973839 
54200 0.04973839 0.04973839 
54300 0.04973839 0.04973839 
54400 0.04973839 0.04973839 
54500 0.04973839 0.04973839 
54600 0.04973839 0.04973839 
54700 0.04973839 0.04973839 
54800 0.04973839 0.04973839 
54900 0.04973839 0.04973839 
55000 0.04973839 0.04973839 
55100 0.04973839 0.04973839 
55200 0.04973839 0.04973839 
55300 0.04973839 0.04973839 
55400 0.04098054 0.04098054 
55500 0.04098054 0.04098054 
55600 0.04098054 0.04098054 
55700 0.04098054 0.04098054 
55800 0.04098054 0.04098054 
55900 0.04098054 0.04098054 
56000 0.04098054 0.04098054 
56100 0.04098054 0.04098054 
56200 0.04098054 0.04098054 
56300 0.04098054 0.04098054 
56400 0.04098054 0.04098054 
56500 0.04098054 0.04098054 
56600 0.04098054 0.04098054 
56700 0.04098054 0.04098054 
56800 0.04098054 0.04098054 
56900 0.04098054 0.04098054 
57000 0.04098054 0.04098054 
57100 0.04098054 0.04098054 
57200 0.04098054 0.04098054 
57300 0.04098054 0.04098054 
57400 0.04098054 0.04098054 
57500 0.04098054 0.04098054 
57600 0.04098054 0.04098054 
57700 0.04098054 0.04098054 
57800 0.04098054 0.04098054 
57900 0.04098054 0.04098054 
58000 0.04098054 0.04098054 
58100 0.04098054 0.04098054 
58200 0.04098054 0.04098054 
58300 0.04098054 0.04098054 
58400 0.04098054 0.04098054 
58500 0.04098054 0.04098054 
58600 0.04098054 0.04098054 
58700 0.04098054 0.04098054 
58800 0.04098054 0.04098054 
58900 0.04098054 0.04098054 
59000 0.04098054 0.04098054 
59100 0.04098054 0.04098054 
59200 0.04098054 0.04098054 
59300 0.04098054 0.04098054 
59400 0.04098054 0.04098054 
59500 0.04098054 0.04098054 
59600 0.04098054 0.04098054 
59700 0.04098054 0.04098054 
59800 0.04098054 0.04098054 
59900 0.04098054 0.04098054 
60000 0.04098054 0.04098054 
60100 0.04098054 0.04098054 
60200 0.04098054 0.04098054 
60300 0.04098054 0.04098054 
60400 0.04098054 0.04098054 
60500 0.04098054 0.04098054 
60600 0.04098054 0.04098054 
60700 0.04098054 0.04098054 
60800 0.04098054 0.04098054 
60900 0.04098054 0.04098054 
61000 0.04098054 0.04098054 
61100 0.04098054 0.04098054 
61200 0.04098054 0.04098054 
61300 0.04098054 0.04098054 
61400 0.04098054 0.04098054 
61500 0.04098054 0.04098054 
61600 0.04098054 0.04098054 
61700 0.04098054 0.04098054 
61800 0.04098054 0.04098054 
61900 0.04098054 0.04098054 
62000 0.03930880 0.03930880 
62100 0.03930880 0.03930880 
62200 0.03930880 0.03930880 
62300 0.03930880 0.03930880 
62400 0.03930880 0.03930880 
62500 0.03930880 0.03930880 
62600 0.03930880 0.03930880 
62700 0.03930880 0.03930880 
62800 0.03930880 0.03930880 
62900 0.03930880 0.03930880 
63000 0.03930880 0.03930880 
63100 0.03930880 0.03930880 
63200 0.03930880 0.03930880 
63300 0.03930880 0.03930880 
63400 0.03930880 0.03930880 
63500 0.03930880 0.03930880 
63600 0.03930880 0.03930880 
63700 0.03930880 0.03930880 
63800 0.03930880 0.03930880 
63900 0.03930880 0.03930880 
64000 0.03930880 0.03930880 
64100 0.03930880 0.03930880 
64200 0.03930880 0.03930880 
64300 0.03930880 0.03930880 
64400 0.03930880 0.03930880 
64500 0.03930880 0.03930880 
64600 0.03930880 0.03930880 
64700 0.03930880 0.03930880 
64800 0.03930880 0.03930880 
64900 0.03930880 0.03930880 
65000 0.03824992 0.03824992 
65100 0.03824992 0.03824992 
65200 0.03824992 0.03824992 
65300 0.03666913 0.03666913 
65400 0.03666913 0.03666913 
65500 0.03666913 0.03666913 
65600 0.03666913 0.03666913 
65700 0.03666913 0.03666913 
65800 0.03666913 0.03666913 
65900 0.03666913 0.03666913 
66000 0.03666913 0.03666913 
66100 0.03666913 0.03666913 
66200 0.03666913 0.03666913 
66300 0.03666913 0.03666913 
66400 0.03666913 0.03666913 
66500 0.03666913 0.03666913 
66600 0.03666913 0.03666913 
66700 0.03666913 0.03666913 
66800 0.03666913 0.03666913 
66900 0.03666913 0.03666913 
67000 0.03666913 0.03666913 
67100 0.03666913 0.03666913 
67200 0.03666913 0.03666913 
67300 0.03666913 0.03666913 
67400 0.03666913 0.03666913 
67500 0.03666913 0.03666913 
67600 0.03614636 0.03614636 
67700 0.03614636 0.03614636 
67800 0.03614636 0.03614636 
67900 0.03614636 0.03614636 
68000 0.03614636 0.03614636 
68100 0.03614636 0.03614636 
68200 0.03614636 0.03614636 
68300 0.03614636 0.03614636 
68400 0.03614636 0.03614636 
68500 0.03614636 0.03614636 
68600 0.03614636 0.03614636 
68700 0.03614636 0.03614636 
68800 0.03614636 0.03614636 
68900 0.03614636 0.03614636 
69000 0.03614636 0.03614636 
69100 0.03614636 0.03614636 
69200 0.03614636 0.03614636 
69300 0.03614636 0.03614636 
69400 0.03614636 0.03614636 
69500 0.03614636 0.03614636 
69600 0.03614636 0.03614636 
69700 0.03614636 0.03614636 
69800 0.02976170 0.02976170 
69900 0.02976170 0.02976170 
70000 0.02976170 0.02976170 
70100 0.02976170 0.02976170 
70200 0.02976170 0.02976170 
70300 0.02976170 0.02976170 
70400 0.02976170 0.02976170 
70500 0.02976170 0.02976170 
70600 0.02976170 0.02976170 
70700 0.02976170 0.02976170 
70800 0.02976170 0.02976170 
70900 0.02976170 0.02976170 
71000 0.02976170 0.02976170 
71100 0.02976170 0.02976170 
71200 0.02976170 0.02976170 
71300 0.02976170 0.02976170 
71400 0.02976170 0.02976170 
71500 0.02976170 0.02976170 
71600 0.02976170 0.02976170 
71700 0.02976170 0.02976170 
71800 0.02976170 0.02976170 
71900 0.02976170 0.02976170 
72000 0.02976170 0.02976170 
72100 0.02976170 0.02976170 
72200 0.02976170 0.02976170 
72300 0.02976170 0.02976170 
72400 0.02976170 0.02976170 
72500 0.02976170 0.02976170 
72600 0.02976170 0.02976170 
72700 0.02976170 0.02976170 
72800 0.02976170 0.02976170 
72900 0.02976170 0.02976170 
73000 0.02976170 0.02976170 
73100 0.02976170 0.02976170 
73200 0.02976170 0.02976170 
73300 0.02976170 0.02976170 
73400 0.02976170 0.02976170 
73500 0.02976170 0.02976170 
73600 0.02976170 0.02976170 
73700 0.02976170 0.02976170 
73800 0.02976170 0.02976170 
73900 0.02976170 0.02976170 
74000 0.02976170 0.02976170 
74100 0.02976170 0.02976170 
74200 0.02976170 0.02976170 
74300 0.02976170 0.02976170 
74400 0.02976170 0.02976170 
74500 0.02976170 0.02976170 
74600 0.02976170 0.02976170 
74700 0.02976170 0.02976170 
74800 0.02976170 0.02976170 
74900 0.02976170 0.02976170 
75000 0.02976170 0.02976170 
75100 0.02976170 0.02976170 
75200 0.02976170 0.02976170 
75300 0.02976170 0.02976170 
75400 0.02976170 0.02976170 
75500 0.02976170 0.02976170 
75600 0.02976170 0.02976170 
75700 0.02976170 0.02976170 
75800 0.02976170 0.02976170 
75900 0.02976170 0.02976170 
76000 0.02976170 0.02976170 
76100 0.02976170 0.02976170 
76200 0.02976170 0.02976170 
76300 0.02976170 0.02976170 
76400 0.02976170 0.02976170 
76500 0.02976170 0.02976170 
76600 0.02976170 0.02976170 
76700 0.02976170 0.02976170 
76800 0.02976170 0.02976170 
76900 0.02976170 0.02976170 
77000 0.02976170 0.02976170 
77100 0.02976170 0.02976170 
77200 0.02976170 0.02976170 
77300 0.02976170 0.02976170 
77400 0.02976170 0.02976170 
77500 0.02976170 0.02976170 
77600 0.02976170 0.02976170 
77700 0.02976170 0.02976170 
77800 0.02976170 0.02976170 
77900 0.02976170 0.02976170 
78000 0.02976170 0.02976170 
78100 0.02976170 0.02976170 
78200 0.02976170 0.02976170 
78300 0.02976170 0.02976170 
78400 0.02976170 0.02976170 
78500 0.02976170 0.02976170 
78600 0.02976170 0.02976170 
78700 0.02976170 0.02976170 
78800 0.02976170 0.02976170 
78900 0.02976170 0.02976170 
79000 0.02976170 0.02976170 
79100 0.02976170 0.02976170 
79200 0.02976170 0.02976170 
79300 0.02976170 0.02976170 
79400 0.02976170 0.02976170 
79500 0.02976170 0.02976170 
79600 0.02976170 0.02976170 
79700 0.02976170 0.02976170 
79800 0.02976170 0.02976170 
79900 0.02976170 0.02976170 
80000 0.02976170 0.02976170 
80100 0.02976170 0.02976170 
80200 0.02976170 0.02976170 
80300 0.02976170 0.02976170 
80400 0.02976170 0.02976170 
80500 0.02976170 0.02976170 
80600 0.02976170 0.02976170 
80700 0.02976170 0.02976170 
80800 0.02976170 0.02976170 
80900 0.02976170 0.02976170 
81000 0.02976170 0.02976170 
81100 0.02976170 0.02976170 
81200 0.02976170 0.02976170 
81300 0.02976170 0.02976170 
81400 0.02976170 0.02976170 
81500 0.02976170 0.02976170 
81600 0.02976170 0.02976170 
81700 0.02976170 0.02976170 
81800 0.02976170 0.02976170 
81900 0.02976170 0.02976170 
82000 0.02976170 0.02976170 
82100 0.02976170 0.02976170 
82200 0.02976170 0.02976170 
82300 0.02976170 0.02976170 
82400 0.02976170 0.02976170 
82500 0.02976170 0.02976170 
82600 0.02976170 0.02976170 
82700 0.02976170 0.02976170 
82800 0.02976170 0.02976170 
82900 0.02976170 0.02976170 
83000 0.02976170 0.02976170 
83100 0.02976170 0.02976170 
83200 0.02976170 0.02976170 
83300 0.02976170 0.02976170 
83400 0.02976170 0.02976170 
83500 0.02976170 0.02976170 
83600 0.02976170 0.02976170 
83700 0.02976170 0.02976170 
83800 0.02976170 0.02976170 
83900 0.02976170 0.02976170 
84000 0.02976170 0.02976170 
84100 0.02976170 0.02976170 
84200 0.02976170 0.02976170 
84300 0.02976170 0.02976170 
84400 0.02976170 0.02976170 
84500 0.02976170 0.02976170 
84600 0.02976170 0.02976170 
84700 0.02976170 0.02976170 
84800 0.02976170 0.02976170 
84900 0.02976170 0.02976170 
85000 0.02976170 0.02976170 
85100 0.02976170 0.02976170 
85200 0.02976170 0.02976170 
85300 0.02976170 0.02976170 
85400 0.02976170 0.02976170 
85500 0.02976170 0.02976170 
85600 0.02976170 0.02976170 
85700 0.02976170 0.02976170 
85800 0.02976170 0.02976170 
85900 0.02976170 0.02976170 
86000 0.02976170 0.02976170 
86100 0.02976170 0.02976170 
86200 0.02976170 0.02976170 
86300 0.02976170 0.02976170 
86400 0.02976170 0.02976170 
86500 0.02976170 0.02976170 
86600 0.02976170 0.02976170 
86700 0.02976170 0.02976170 
86800 0.02976170 0.02976170 
86900 0.02976170 0.02976170 
87000 0.02976170 0.02976170 
87100 0.02976170 0.02976170 
87200 0.02976170 0.02976170 
87300 0.02976170 0.02976170 
87400 0.02976170 0.02976170 
87500 0.02976170 0.02976170 
87600 0.02976170 0.02976170 
87700 0.02976170 0.02976170 
87800 0.02976170 0.02976170 
87900 0.02976170 0.02976170 
88000 0.02976170 0.02976170 
88100 0.02976170 0.02976170 
88200 0.02976170 0.02976170 
88300 0.02976170 0.02976170 
88400 0.02976170 0.02976170 
88500 0.02976170 0.02976170 
88600 0.02976170 0.02976170 
88700 0.02976170 0.02976170 
88800 0.02976170 0.02976170 
88900 0.02976170 0.02976170 
89000 0.02976170 0.02976170 
89100 0.02976170 0.02976170 
89200 0.02976170 0.02976170 
89300 0.02976170 0.02976170 
89400 0.02976170 0.02976170 
89500 0.02976170 0.02976170 
89600 0.02976170 0.02976170 
89700 0.02976170 0.02976170 
89800 0.02976170 0.02976170 
89900 0.02976170 0.02976170 
90000 0.02976170 0.02976170 
90100 0.02976170 0.02976170 
90200 0.02976170 0.02976170 
90300 0.02976170 0.02976170 
90400 0.02976170 0.02976170 
90500 0.02976170 0.02976170 
90600 0.02976170 0.02976170 
90700 0.02976170 0.02976170 
90800 0.02976170 0.02976170 
90900 0.02976170 0.02976170 
91000 0.02976170 0.02976170 
91100 0.02976170 0.02976170 
91200 0.02976170 0.02976170 
91300 0.02976170 0.02976170 
91400 0.02976170 0.02976170 
91500 0.02976170 0.02976170 
91600 0.02976170 0.02976170 
91700 0.02976170 0.02976170 
91800 0.02976170 0.02976170 
91900 0.02976170 0.02976170 
92000 0.02976170 0.02976170 
92100 0.02976170 0.02976170 
92200 0.02976170 0.02976170 
92300 0.02976170 0.02976170 
92400 0.02976170 0.02976170 
92500 0.02976170 0.02976170 
92600 0.02976170 0.02976170 
92700 0.02976170 0.02976170 
92800 0.02976170 0.02976170 
92900 0.02976170 0.02976170 
93000 0.02976170 0.02976170 
93100 0.02976170 0.02976170 
93200 0.02976170 0.02976170 
93300 0.02976170 0.02976170 
93400 0.02976170 0.02976170 
93500 0.02976170 0.02976170 
93600 0.02976170 0.02976170 
93700 0.02976170 0.02976170 
93800 0.02976170 0.02976170 
93900 0.02976170 0.02976170 
94000 0.02976170 0.02976170 
94100 0.02976170 0.02976170 
94200 0.02976170 0.02976170 
94300 0.02976170 0.02976170 
94400 0.02976170 0.02976170 
94500 0.02976170 0.02976170 
94600 0.02976170 0.02976170 
94700 0.02976170 0.02976170 
94800 0.02976170 0.02976170 
94900 0.02976170 0.02976170 
95000 0.02976170 0.02976170 
95100 0.02976170 0.02976170 
95200 0.02976170 0.02976170 
95300 0.02976170 0.02976170 
95400 0.02976170 0.02976170 
95500 0.02976170 0.02976170 
95600 0.02976170 0.02976170 
95700 0.02976170 0.02976170 
95800 0.02976170 0.02976170 
95900 0.02976170 0.02976170 
96000 0.02976170 0.02976170 
96100 0.02976170 0.02976170 
96200 0.02976170 0.02976170 
96300 0.02976170 0.02976170 
96400 0.02976170 0.02976170 
96500 0.02976170 0.02976170 
96600 0.02976170 0.02976170 
96700 0.02976170 0.02976170 
96800 0.02976170 0.02976170 
96900 0.02976170 0.02976170 
97000 0.02976170 0.02976170 
97100 0.02976170 0.02976170 
97200 0.02976170 0.02976170 
97300 0.02976170 0.02976170 
97400 0.02976170 0.02976170 
97500 0.02976170 0.02976170 
97600 0.02976170 0.02976170 
97700 0.02976170 0.02976170 
97800 0.02976170 0.02976170 
97900 0.02976170 0.02976170 
98000 0.02976170 0.02976170 
98100 0.02976170 0.02976170 
98200 0.02976170 0.02976170 
98300 0.02976170 0.02976170 
98400 0.02976170 0.02976170 
98500 0.02976170 0.02976170 
98600 0.02976170 0.02976170 
98700 0.02976170 0.02976170 
98800 0.02976170 0.02976170 
98900 0.02976170 0.02976170 
99000 0.02976170 0.02976170 
99100 0.02976170 0.02976170 
99200 0.02976170 0.02976170 
99300 0.02976170 0.02976170 
99400 0.02976170 0.02976170 
99500 0.02976170 0.02976170 
99600 0.02976170 0.02976170 
99700 0.02976170 0.02976170 
99800 0.02976170 0.02976170 
99900 0.02976170 0.02976170 
100000 0.02976170 0.02976170 
100100 0.02976170 0.02976170 
100200 0.02976170 0.02976170 
100300 0.02976170 0.02976170 
100400 0.02976170 0.02976170 
100500 0.02976170 0.02976170 
100600 0.02976170 0.02976170 
100700 0.02976170 0.02976170 
100800 0.02976170 0.02976170 
100900 0.02976170 0.02976170 
101000 0.02976170 0.02976170 
101100 0.02976170 0.02976170 
101200 0.02976170 0.02976170 
101300 0.02976170 0.02976170 
101400 0.02976170 0.02976170 
101500 0.02976170 0.02976170 
101600 0.02976170 0.02976170 
101700 0.02976170 0.02976170 
101800 0.02976170 0.02976170 
101900 0.02976170 0.02976170 
102000 0.02976170 0.02976170 
102100 0.02976170 0.02976170 
102200 0.02976170 0.02976170 
102300 0.02976170 0.02976170 
102400 0.02976170 0.02976170 
102500 0.02976170 0.02976170 
102600 0.02976170 0.02976170 
102700 0.02976170 0.02976170 
102800 0.02976170 0.02976170 
102900 0.02976170 0.02976170 
103000 0.02976170 0.02976170 
103100 0.02976170 0.02976170 
103200 0.02976170 0.02976170 
103300 0.02976170 0.02976170 
103400 0.02976170 0.02976170 
103500 0.02976170 0.02976170 
103600 0.02976170 0.02976170 
103700 0.02976170 0.02976170 
103800 0.02976170 0.02976170 
103900 0.02976170 0.02976170 
104000 0.02976170 0.02976170 
104100 0.02976170 0.02976170 
104200 0.02976170 0.02976170 
104300 0.02976170 0.02976170 
104400 0.02976170 0.02976170 
104500 0.02976170 0.02976170 
104600 0.02976170 0.02976170 
104700 0.02976170 0.02976170 
104800 0.02976170 0.02976170 
104900 0.02976170 0.02976170 
105000 0.02976170 0.02976170 
105100 0.02976170 0.02976170 
105200 0.02976170 0.02976170 
105300 0.02976170 0.02976170 
105400 0.02976170 0.02976170 
105500 0.02976170 0.02976170 
105600 0.02976170 0.02976170 
105700 0.02976170 0.02976170 
105800 0.02976170 0.02976170 
105900 0.02976170 0.02976170 
106000 0.02976170 0.02976170 
106100 0.02976170 0.02976170 
106200 0.02976170 0.02976170 
106300 0.02976170 0.02976170 
106400 0.02976170 0.02976170 
106500 0.02976170 0.02976170 
106600 0.02976170 0.02976170 
106700 0.02976170 0.02976170 
106800 0.02976170 0.02976170 
106900 0.02976170 0.02976170 
107000 0.02976170 0.02976170 
107100 0.02976170 0.02976170 
107200 0.02976170 0.02976170 
107300 0.02976170 0.02976170 
107400 0.02956443 0.02956443 
107500 0.02956443 0.02956443 
107600 0.02956443 0.02956443 
107700 0.02956443 0.02956443 
107800 0.02956443 0.02956443 
107900 0.02956443 0.02956443 
108000 0.02956443 0.02956443 
108100 0.02956443 0.02956443 
108200 0.02956443 0.02956443 
108300 0.02956443 0.02956443 
108400 0.02956443 0.02956443 
108500 0.02956443 0.02956443 
108600 0.02956443 0.02956443 
108700 0.02956443 0.02956443 
108800 0.02956443 0.02956443 
108900 0.02956443 0.02956443 
109000 0.02956443 0.02956443 
109100 0.02956443 0.02956443 
109200 0.02956443 0.02956443 
109300 0.02956443 0.02956443 
109400 0.02956443 0.02956443 
109500 0.02956443 0.02956443 
109600 0.02956443 0.02956443 
109700 0.02956443 0.02956443 
109800 0.02956443 0.02956443 
109900 0.02956443 0.02956443 
110000 0.02956443 0.02956443 
110100 0.02956443 0.02956443 
110200 0.02956443 0.02956443 
110300 0.02956443 0.02956443 
110400 0.02956443 0.02956443 
110500 0.02956443 0.02956443 
110600 0.02956443 0.02956443 
110700 0.02956443 0.02956443 
110800 0.02956443 0.02956443 
110900 0.02956443 0.02956443 
111000 0.02956443 0.02956443 
111100 0.02956443 0.02956443 
111200 0.02956443 0.02956443 
111300 0.02956443 0.02956443 
111400 0.02956443 0.02956443 
111500 0.02956443 0.02956443 
111600 0.02956443 0.02956443 
111700 0.02956443 0.02956443 
111800 0.02956443 0.02956443 
111900 0.02956443 0.02956443 
112000 0.02956443 0.02956443 
112100 0.02956443 0.02956443 
112200 0.02956443 0.02956443 
112300 0.02956443 0.02956443 
112400 0.02956443 0.02956443 
112500 0.02956443 0.02956443 
112600 0.02956443 0.02956443 
112700 0.02956443 0.02956443 
112800 0.02956443 0.02956443 
112900 0.02956443 0.02956443 
113000 0.02956443 0.02956443 
113100 0.02956443 0.02956443 
113200 0.02956443 0.02956443 
113300 0.02956443 0.02956443 
113400 0.02956443 0.02956443 
113500 0.02956443 0.02956443 
113600 0.02956443 0.02956443 
113700 0.02956443 0.02956443 
113800 0.02956443 0.02956443 
113900 0.02956443 0.02956443 
114000 0.02956443 0.02956443 
114100 0.02956443 0.02956443 
114200 0.02956443 0.02956443 
114300 0.02956443 0.02956443 
114400 0.02956443 0.02956443 
114500 0.02956443 0.02956443 
114600 0.02956443 0.02956443 
114700 0.02956443 0.02956443 
114800 0.02956443 0.02956443 
114900 0.02956443 0.02956443 
115000 0.02956443 0.02956443 
115100 0.02956443 0.02956443 
115200 0.02956443 0.02956443 
115300 0.02956443 0.02956443 
115400 0.02956443 0.02956443 
115500 0.02956443 0.02956443 
115600 0.02956443 0.02956443 
115700 0.02956443 0.02956443 
115800 0.02956443 0.02956443 
115900 0.02956443 0.02956443 
116000 0.02956443 0.02956443 
116100 0.02956443 0.02956443 
116200 0.02956443 0.02956443 
116300 0.02956443 0.02956443 
116400 0.02956443 0.02956443 
116500 0.02956443 0.02956443 
116600 0.02956443 0.02956443 
116700 0.02956443 0.02956443 
116800 0.02956443 0.02956443 
116900 0.02956443 0.02956443 
117000 0.02956443 0.02956443 
117100 0.02956443 0.02956443 
117200 0.02956443 0.02956443 
117300 0.02956443 0.02956443 
117400 0.02956443 0.02956443 
117500 0.02956443 0.02956443 
117600 0.02956443 0.02956443 
117700 0.02956443 0.02956443 
117800 0.02956443 0.02956443 
117900 0.02956443 0.02956443 
118000 0.02956443 0.02956443 
118100 0.02956443 0.02956443 
118200 0.02956443 0.02956443 
118300 0.02956443 0.02956443 
118400 0.02956443 0.02956443 
118500 0.02956443 0.02956443 
118600 0.02953903 0.02953903 
118700 0.02953903 0.02953903 
118800 0.02953903 0.02953903 
118900 0.02953903 0.02953903 
119000 0.02953903 0.02953903 
119100 0.02953903 0.02953903 
119200 0.02953903 0.02953903 
119300 0.02953903 0.02953903 
119400 0.02953903 0.02953903 
119500 0.02953903 0.02953903 
119600 0.02953903 0.02953903 
119700 0.02953903 0.02953903 
119800 0.02953903 0.02953903 
119900 0.02953903 0.02953903 
120000 0.02953903 0.02953903 
120100 0.02953903 0.02953903 
120200 0.02953903 0.02953903 
120300 0.02953903 0.02953903 
120400 0.02953903 0.02953903 
120500 0.02953903 0.02953903 
120600 0.02953903 0.02953903 
120700 0.02953903 0.02953903 
120800 0.02953903 0.02953903 
120900 0.02953903 0.02953903 
121000 0.02953903 0.02953903 
121100 0.02953903 0.02953903 
121200 0.02953903 0.02953903 
121300 0.02953903 0.02953903 
121400 0.02953903 0.02953903 
121500 0.02953903 0.02953903 
121600 0.02953903 0.02953903 
121700 0.02953903 0.02953903 
121800 0.02953903 0.02953903 
121900 0.02953903 0.02953903 
122000 0.02953903 0.02953903 
122100 0.02953903 0.02953903 
122200 0.02953903 0.02953903 
122300 0.02953903 0.02953903 
122400 0.02953903 0.02953903 
122500 0.02953903 0.02953903 
122600 0.02953903 0.02953903 
122700 0.02953903 0.02953903 
122800 0.02953903 0.02953903 
122900 0.02953903 0.02953903 
123000 0.02953903 0.02953903 
123100 0.02953903 0.02953903 
123200 0.02953903 0.02953903 
123300 0.02953903 0.02953903 
123400 0.02953903 0.02953903 
123500 0.02953903 0.02953903 
123600 0.02953903 0.02953903 
123700 0.02953903 0.02953903 
123800 0.02953903 0.02953903 
123900 0.02953903 0.02953903 
124000 0.02953903 0.02953903 
124100 0.02953903 0.02953903 
124200 0.02953903 0.02953903 
124300 0.02953903 0.02953903 
124400 0.02953903 0.02953903 
124500 0.02953903 0.02953903 
124600 0.02953903 0.02953903 
124700 0.02953903 0.02953903 
124800 0.02953903 0.02953903 
124900 0.02953903 0.02953903 
125000 0.02953903 0.02953903 
125100 0.02953903 0.02953903 
125200 0.02953903 0.02953903 
125300 0.02953903 0.02953903 
125400 0.02953903 0.02953903 
125500 0.02953903 0.02953903 
125600 0.02953903 0.02953903 
125700 0.02953903 0.02953903 
125800 0.02953903 0.02953903 
125900 0.02953903 0.02953903 
126000 0.02953903 0.02953903 
126100 0.02953903 0.02953903 
126200 0.02953903 0.02953903 
126300 0.02953903 0.02953903 
126400 0.02953903 0.02953903 
126500 0.02953903 0.02953903 
126600 0.02953903 0.02953903 
126700 0.02953903 0.02953903 
126800 0.02953903 0.02953903 
126900 0.02953903 0.02953903 
127000 0.02953903 0.02953903 
127100 0.02953903 0.02953903 
127200 0.02953903 0.02953903 
127300 0.02953903 0.02953903 
127400 0.02953903 0.02953903 
127500 0.02953903 0.02953903 
127600 0.02953903 0.02953903 
127700 0.02953903 0.02953903 
127800 0.02953903 0.02953903 
127900 0.02953903 0.02953903 
128000 0.02953903 0.02953903 
128100 0.02953903 0.02953903 
128200 0.02953903 0.02953903 
128300 0.02953903 0.02953903 
128400 0.02953903 0.02953903 
128500 0.02953903 0.02953903 
128600 0.02953903 0.02953903 
128700 0.02953903 0.02953903 
128800 0.02953903 0.02953903 
128900 0.02953903 0.02953903 
129000 0.02953903 0.02953903 
129100 0.02953903 0.02953903 
129200 0.02953903 0.02953903 
129300 0.02953903 0.02953903 
129400 0.02953903 0.02953903 
129500 0.02953903 0.02953903 
129600 0.02953903 0.02953903 
129700 0.02953903 0.02953903 
129800 0.02953903 0.02953903 
129900 0.02953903 0.02953903 
130000 0.02953903 0.02953903 
130100 0.02953903 0.02953903 
130200 0.02953903 0.02953903 
130300 0.02953903 0.02953903 
130400 0.02953903 0.02953903 
130500 0.02953903 0.02953903 
130600 0.02953903 0.02953903 
130700 0.02953903 0.02953903 
130800 0.02953903 0.02953903 
130900 0.02953903 0.02953903 
131000 0.02953903 0.02953903 
131100 0.02953903 0.02953903 
131200 0.02953903 0.02953903 
131300 0.02953903 0.02953903 
131400 0.02953903 0.02953903 
131500 0.02953903 0.02953903 
131600 0.02953903 0.02953903 
131700 0.02953903 0.02953903 
131800 0.02953903 0.02953903 
131900 0.02953903 0.02953903 
132000 0.02953903 0.02953903 
132100 0.02953903 0.02953903 
132200 0.02953903 0.02953903 
132300 0.02953903 0.02953903 
132400 0.02953903 0.02953903 
132500 0.02953903 0.02953903 
132600 0.02953903 0.02953903 
132700 0.02953903 0.02953903 
132800 0.02953903 0.02953903 
132900 0.02953903 0.02953903 
133000 0.02953903 0.02953903 
133100 0.02953903 0.02953903 
133200 0.02953903 0.02953903 
133300 0.02953903 0.02953903 
133400 0.02953903 0.02953903 
133500 0.02953903 0.02953903 
133600 0.02953903 0.02953903 
133700 0.02953903 0.02953903 
133800 0.02953903 0.02953903 
133900 0.02953903 0.02953903 
134000 0.02953903 0.02953903 
134100 0.02953903 0.02953903 
134200 0.02953903 0.02953903 
134300 0.02953903 0.02953903 
134400 0.02953903 0.02953903 
134500 0.02953903 0.02953903 
134600 0.02953903 0.02953903 
134700 0.02953903 0.02953903 
134800 0.02953903 0.02953903 
134900 0.02953903 0.02953903 
135000 0.02953903 0.02953903 
135100 0.02953903 0.02953903 
135200 0.02953903 0.02953903 
135300 0.02953903 0.02953903 
135400 0.02953903 0.02953903 
135500 0.02953903 0.02953903 
135600 0.02953903 0.02953903 
135700 0.02953903 0.02953903 
135800 0.02953903 0.02953903 
135900 0.02953903 0.02953903 
136000 0.02953903 0.02953903 
136100 0.02953903 0.02953903 
136200 0.02953903 0.02953903 
136300 0.02953903 0.02953903 
136400 0.02953903 0.02953903 
136500 0.02953903 0.02953903 
136600 0.02953903 0.02953903 
136700 0.02953903 0.02953903 
136800 0.02953903 0.02953903 
136900 0.02953903 0.02953903 
137000 0.02953903 0.02953903 
137100 0.02953903 0.02953903 
137200 0.02953903 0.02953903 
137300 0.02953903 0.02953903 
137400 0.02953903 0.02953903 
137500 0.02953903 0.02953903 
137600 0.02953903 0.02953903 
137700 0.02953903 0.02953903 
137800 0.02953903 0.02953903 
137900 0.02953903 0.02953903 
138000 0.02953903 0.02953903 
138100 0.02953903 0.02953903 
138200 0.02953903 0.02953903 
138300 0.02953903 0.02953903 
138400 0.02953903 0.02953903 
138500 0.02953903 0.02953903 
138600 0.02953903 0.02953903 
138700 0.02953903 0.02953903 
138800 0.02953903 0.02953903 
138900 0.02953903 0.02953903 
139000 0.02953903 0.02953903 
139100 0.02953903 0.02953903 
139200 0.02953903 0.02953903 
139300 0.02953903 0.02953903 
139400 0.02953903 0.02953903 
139500 0.02953903 0.02953903 
139600 0.02953903 0.02953903 
139700 0.02953903 0.02953903 
139800 0.02953903 0.02953903 
139900 0.02953903 0.02953903 
140000 0.02953903 0.02953903 
140100 0.02953903 0.02953903 
140200 0.02953903 0.02953903 
140300 0.02953903 0.02953903 
140400 0.02953903 0.02953903 
140500 0.02953903 0.02953903 
140600 0.02953903 0.02953903 
140700 0.02953903 0.02953903 
140800 0.02953903 0.02953903 
140900 0.02953903 0.02953903 
141000 0.02953903 0.02953903 
141100 0.02953903 0.02953903 
141200 0.02953903 0.02953903 
141300 0.02953903 0.02953903 
141400 0.02953903 0.02953903 
141500 0.02953903 0.02953903 
141600 0.02953903 0.02953903 
141700 0.02953903 0.02953903 
141800 0.02953903 0.02953903 
141900 0.02953903 0.02953903 
142000 0.02953903 0.02953903 
142100 0.02953903 0.02953903 
142200 0.02953903 0.02953903 
142300 0.02953903 0.02953903 
142400 0.02953903 0.02953903 
142500 0.02953903 0.02953903 
142600 0.02953903 0.02953903 
142700 0.02953903 0.02953903 
142800 0.02953903 0.02953903 
142900 0.02953903 0.02953903 
143000 0.02953903 0.02953903 
143100 0.02953903 0.02953903 
143200 0.02953903 0.02953903 
143300 0.02953903 0.02953903 
143400 0.02953903 0.02953903 
143500 0.02953903 0.02953903 
143600 0.02953903 0.02953903 
143700 0.02953903 0.02953903 
143800 0.02953903 0.02953903 
143900 0.02953903 0.02953903 
144000 0.02953903 0.02953903 
144100 0.02953903 0.02953903 
144200 0.02953903 0.02953903 
144300 0.02953903 0.02953903 
144400 0.02953903 0.02953903 
144500 0.02953903 0.02953903 
144600 0.02953903 0.02953903 
144700 0.02953903 0.02953903 
144800 0.02953903 0.02953903 
144900 0.02953903 0.02953903 
145000 0.02953903 0.02953903 
145100 0.02953903 0.02953903 
145200 0.02953903 0.02953903 
145300 0.02953903 0.02953903 
145400 0.02953903 0.02953903 
145500 0.02953903 0.02953903 
145600 0.02953903 0.02953903 
145700 0.02953903 0.02953903 
145800 0.02953903 0.02953903 
145900 0.02953903 0.02953903 
146000 0.02953903 0.02953903 
146100 0.02953903 0.02953903 
146200 0.02953903 0.02953903 
146300 0.02953903 0.02953903 
146400 0.02953903 0.02953903 
146500 0.02953903 0.02953903 
146600 0.02953903 0.02953903 
146700 0.02953903 0.02953903 
146800 0.02953903 0.02953903 
146900 0.02953903 0.02953903 
147000 0.02953903 0.02953903 
147100 0.02953903 0.02953903 
147200 0.02953903 0.02953903 
147300 0.02953903 0.02953903 
147400 0.02953903 0.02953903 
147500 0.02953903 0.02953903 
147600 0.02953903 0.02953903 
147700 0.02953903 0.02953903 
147800 0.02953903 0.02953903 
147900 0.02953903 0.02953903 
148000 0.02953903 0.02953903 
148100 0.02953903 0.02953903 
148200 0.02953903 0.02953903 
148300 0.02953903 0.02953903 
148400 0.02953903 0.02953903 
148500 0.02953903 0.02953903 
148600 0.02953903 0.02953903 
148700 0.02953903 0.02953903 
148800 0.02953903 0.02953903 
148900 0.02953903 0.02953903 
149000 0.02953903 0.02953903 
149100 0.02953903 0.02953903 
149200 0.02953903 0.02953903 
149300 0.02953903 0.02953903 
149400 0.02953903 0.02953903 
149500 0.02953903 0.02953903 
149600 0.02953903 0.02953903 
149700 0.02953903 0.02953903 
149800 0.02953903 0.02953903 
149900 0.02953903 0.02953903 
150000 0.02953903 0.02953903 
150100 0.02953903 0.02953903 
150200 0.02953903 0.02953903 
150300 0.02953903 0.02953903 
150400 0.02953903 0.02953903 
150500 0.02953903 0.02953903 
150600 0.02953903 0.02953903 
150700 0.02953903 0.02953903 
150800 0.02953903 0.02953903 
150900 0.02953903 0.02953903 
151000 0.02953903 0.02953903 
151100 0.02953903 0.02953903 
151200 0.02953903 0.02953903 
151300 0.02953903 0.02953903 
151400 0.02953903 0.02953903 
151500 0.02953903 0.02953903 
151600 0.02953903 0.02953903 
151700 0.02953903 0.02953903 
151800 0.02953903 0.02953903 
151900 0.02953903 0.02953903 
152000 0.02953903 0.02953903 
152100 0.02953903 0.02953903 
152200 0.02953903 0.02953903 
152300 0.02953903 0.02953903 
152400 0.02953903 0.02953903 
152500 0.02953903 0.02953903 
152600 0.02953903 0.02953903 
152700 0.02953903 0.02953903 
152800 0.02953903 0.02953903 
152900 0.02953903 0.02953903 
153000 0.02953903 0.02953903 
153100 0.02953903 0.02953903 
153200 0.02953903 0.02953903 
153300 0.02953903 0.02953903 
153400 0.02953903 0.02953903 
153500 0.02953903 0.02953903 
153600 0.02953903 0.02953903 
153700 0.02953903 0.02953903 
153800 0.02953903 0.02953903 
153900 0.02953903 0.02953903 
154000 0.02953903 0.02953903 
154100 0.02953903 0.02953903 
154200 0.02953903 0.02953903 
154300 0.02953903 0.02953903 
154400 0.02953903 0.02953903 
154500 0.02953903 0.02953903 
154600 0.02953903 0.02953903 
154700 0.02953903 0.02953903 
154800 0.02953903 0.02953903 
154900 0.02953903 0.02953903 
155000 0.02953903 0.02953903 
155100 0.02953903 0.02953903 
155200 0.02953903 0.02953903 
155300 0.02953903 0.02953903 
155400 0.02953903 0.02953903 
155500 0.02953903 0.02953903 
155600 0.02953903 0.02953903 
155700 0.02953903 0.02953903 
155800 0.02953903 0.02953903 
155900 0.02953903 0.02953903 
156000 0.02953903 0.02953903 
156100 0.02953903 0.02953903 
156200 0.02953903 0.02953903 
156300 0.02953903 0.02953903 
156400 0.02953903 0.02953903 
156500 0.02953903 0.02953903 
156600 0.02953903 0.02953903 
156700 0.02953903 0.02953903 
156800 0.02953903 0.02953903 
156900 0.02953903 0.02953903 
157000 0.02953903 0.02953903 
157100 0.02953903 0.02953903 
157200 0.02953903 0.02953903 
157300 0.02953903 0.02953903 
157400 0.02953903 0.02953903 
157500 0.02953903 0.02953903 
157600 0.02953903 0.02953903 
157700 0.02953903 0.02953903 
157800 0.02953903 0.02953903 
157900 0.02953903 0.02953903 
158000 0.02953903 0.02953903 
158100 0.02953903 0.02953903 
158200 0.02953903 0.02953903 
158300 0.02953903 0.02953903 
158400 0.02953903 0.02953903 
158500 0.02953903 0.02953903 
158600 0.02953903 0.02953903 
158700 0.02953903 0.02953903 
158800 0.02953903 0.02953903 
158900 0.02953903 0.02953903 
159000 0.02953903 0.02953903 
159100 0.02953903 0.02953903 
159200 0.02953903 0.02953903 
159300 0.02953903 0.02953903 
159400 0.02953903 0.02953903 
159500 0.02953903 0.02953903 
159600 0.02953903 0.02953903 
159700 0.02953903 0.02953903 
159800 0.02953903 0.02953903 
159900 0.02953903 0.02953903 
160000 0.02953903 0.02953903 
160100 0.02953903 0.02953903 
160200 0.02953903 0.02953903 
160300 0.02953903 0.02953903 
160400 0.02953903 0.02953903 
160500 0.02953903 0.02953903 
160600 0.02953903 0.02953903 
160700 0.02953903 0.02953903 
160800 0.02953903 0.02953903 
160900 0.02953903 0.02953903 
161000 0.02953903 0.02953903 
161100 0.02953903 0.02953903 
161200 0.02953903 0.02953903 
161300 0.02953903 0.02953903 
161400 0.02953903 0.02953903 
161500 0.02953903 0.02953903 
161600 0.02953903 0.02953903 
161700 0.02953903 0.02953903 
161800 0.02953903 0.02953903 
161900 0.02953903 0.02953903 
162000 0.02953903 0.02953903 
162100 0.02953903 0.02953903 
162200 0.02953903 0.02953903 
162300 0.02953903 0.02953903 
162400 0.02953903 0.02953903 
162500 0.02953903 0.02953903 
162600 0.02953903 0.02953903 
162700 0.02953903 0.02953903 
162800 0.02953903 0.02953903 
162900 0.02953903 0.02953903 
163000 0.02953903 0.02953903 
163100 0.02953903 0.02953903 
163200 0.02953903 0.02953903 
163300 0.02953903 0.02953903 
163400 0.02953903 0.02953903 
163500 0.02953903 0.02953903 
163600 0.02953903 0.02953903 
163700 0.02953903 0.02953903 
163800 0.02953903 0.02953903 
163900 0.02953903 0.02953903 
164000 0.02953903 0.02953903 
164100 0.02953903 0.02953903 
164200 0.02953903 0.02953903 
164300 0.02953903 0.02953903 
164400 0.02953903 0.02953903 
164500 0.02953903 0.02953903 
164600 0.02953903 0.02953903 
164700 0.02953903 0.02953903 
164800 0.02953903 0.02953903 
164900 0.02953903 0.02953903 
165000 0.02953903 0.02953903 
165100 0.02953903 0.02953903 
165200 0.02953903 0.02953903 
165300 0.02953903 0.02953903 
165400 0.02953903 0.02953903 
165500 0.02953903 0.02953903 
165600 0.02953903 0.02953903 
165700 0.02953903 0.02953903 
165800 0.02953903 0.02953903 
165900 0.02953903 0.02953903 
166000 0.02953903 0.02953903 
166100 0.02953903 0.02953903 
166200 0.02953903 0.02953903 
166300 0.02953903 0.02953903 
166400 0.02953903 0.02953903 
166500 0.02953903 0.02953903 
166600 0.02953903 0.02953903 
166700 0.02953903 0.02953903 
166800 0.02953903 0.02953903 
166900 0.02953903 0.02953903 
167000 0.02953903 0.02953903 
167100 0.02953903 0.02953903 
167200 0.02953903 0.02953903 
167300 0.02953903 0.02953903 
167400 0.02953903 0.02953903 
167500 0.02953903 0.02953903 
167600 0.02953903 0.02953903 
167700 0.02953903 0.02953903 
167800 0.02953903 0.02953903 
167900 0.02953903 0.02953903 
168000 0.02953903 0.02953903 
168100 0.02953903 0.02953903 
168200 0.02953903 0.02953903 
168300 0.02953903 0.02953903 
168400 0.02953903 0.02953903 
168500 0.02953903 0.02953903 
168600 0.02953903 0.02953903 
168700 0.02953903 0.02953903 
168800 0.02953903 0.02953903 
168900 0.02953903 0.02953903 
169000 0.02953903 0.02953903 
169100 0.02953903 0.02953903 
169200 0.02953903 0.02953903 
169300 0.02953903 0.02953903 
169400 0.02953903 0.02953903 
169500 0.02953903 0.02953903 
169600 0.02953903 0.02953903 
169700 0.02953903 0.02953903 
169800 0.02953903 0.02953903 
169900 0.02953903 0.02953903 
170000 0.02953903 0.02953903 
170100 0.02953903 0.02953903 
170200 0.02953903 0.02953903 
170300 0.02953903 0.02953903 
170400 0.02953903 0.02953903 
170500 0.02953903 0.02953903 
170600 0.02953903 0.02953903 
170700 0.02953903 0.02953903 
170800 0.02953903 0.02953903 
170900 0.02953903 0.02953903 
171000 0.02953903 0.02953903 
171100 0.02953903 0.02953903 
171200 0.02953903 0.02953903 
171300 0.02953903 0.02953903 
171400 0.02953903 0.02953903 
171500 0.02953903 0.02953903 
171600 0.02953903 0.02953903 
171700 0.02953903 0.02953903 
171800 0.02953903 0.02953903 
171900 0.02953903 0.02953903 
172000 0.02953903 0.02953903 
172100 0.02953903 0.02953903 
172200 0.02953903 0.02953903 
172300 0.02953903 0.02953903 
172400 0.02953903 0.02953903 
172500 0.02953903 0.02953903 
172600 0.02953903 0.02953903 
172700 0.02953903 0.02953903 
172800 0.02953903 0.02953903 
172900 0.02953903 0.02953903 
173000 0.02953903 0.02953903 
173100 0.02953903 0.02953903 
173200 0.02953903 0.02953903 
173300 0.02953903 0.02953903 
173400 0.02953903 0.02953903 
173500 0.02953903 0.02953903 
173600 0.02953903 0.02953903 
173700 0.02953903 0.02953903 
173800 0.02953903 0.02953903 
173900 0.02953903 0.02953903 
174000 0.02953903 0.02953903 
174100 0.02953903 0.02953903 
174200 0.02953903 0.02953903 
174300 0.02953903 0.02953903 
174400 0.02953903 0.02953903 
174500 0.02953903 0.02953903 
174600 0.02953903 0.02953903 
174700 0.02953903 0.02953903 
174800 0.02953903 0.02953903 
174900 0.02953903 0.02953903 
175000 0.02953903 0.02953903 
175100 0.02953903 0.02953903 
175200 0.02953903 0.02953903 
175300 0.02953903 0.02953903 
175400 0.02953903 0.02953903 
175500 0.02953903 0.02953903 
175600 0.02953903 0.02953903 
175700 0.02953903 0.02953903 
175800 0.02953903 0.02953903 
175900 0.02953903 0.02953903 
176000 0.02953903 0.02953903 
176100 0.02953903 0.02953903 
176200 0.02953903 0.02953903 
176300 0.02953903 0.02953903 
176400 0.02953903 0.02953903 
176500 0.02953903 0.02953903 
176600 0.02953903 0.02953903 
176700 0.02953903 0.02953903 
176800 0.02953903 0.02953903 
176900 0.02953903 0.02953903 
177000 0.02953903 0.02953903 
177100 0.02953903 0.02953903 
177200 0.02953903 0.02953903 
177300 0.02953903 0.02953903 
177400 0.02953903 0.02953903 
177500 0.02953903 0.02953903 
177600 0.02953903 0.02953903 
177700 0.02953903 0.02953903 
177800 0.02953903 0.02953903 
177900 0.02953903 0.02953903 
178000 0.02953903 0.02953903 
178100 0.02953903 0.02953903 
178200 0.02953903 0.02953903 
178300 0.02953903 0.02953903 
178400 0.02953903 0.02953903 
178500 0.02953903 0.02953903 
178600 0.02953903 0.02953903 
178700 0.02953903 0.02953903 
178800 0.02953903 0.02953903 
178900 0.02953903 0.02953903 
179000 0.02953903 0.02953903 
179100 0.02953903 0.02953903 
179200 0.02953903 0.02953903 
179300 0.02953903 0.02953903 
179400 0.02953903 0.02953903 
179500 0.02953903 0.02953903 
179600 0.02953903 0.02953903 
179700 0.02953903 0.02953903 
179800 0.02953903 0.02953903 
179900 0.02953903 0.02953903 
180000 0.02953903 0.02953903 
180100 0.02953903 0.02953903 
180200 0.02953903 0.02953903 
180300 0.02953903 0.02953903 
180400 0.02953903 0.02953903 
180500 0.02953903 0.02953903 
180600 0.02953903 0.02953903 
180700 0.02953903 0.02953903 
180800 0.02953903 0.02953903 
180900 0.02953903 0.02953903 
181000 0.02953903 0.02953903 
181100 0.02953903 0.02953903 
181200 0.02952372 0.02952372 
181300 0.02952372 0.02952372 
181400 0.02952372 0.02952372 
181500 0.02952372 0.02952372 
181600 0.02952372 0.02952372 
181700 0.02952372 0.02952372 
181800 0.02952372 0.02952372 
181900 0.02952372 0.02952372 
182000 0.02952372 0.02952372 
182100 0.02952372 0.02952372 
182200 0.02952372 0.02952372 
182300 0.02952372 0.02952372 
182400 0.02952372 0.02952372 
182500 0.02952372 0.02952372 
182600 0.02952372 0.02952372 
182700 0.02952372 0.02952372 
182800 0.02952372 0.02952372 
182900 0.02952372 0.02952372 
183000 0.02952372 0.02952372 
183100 0.02952372 0.02952372 
183200 0.02952372 0.02952372 
183300 0.02952372 0.02952372 
183400 0.02952372 0.02952372 
183500 0.02952372 0.02952372 
183600 0.02952372 0.02952372 
183700 0.02952372 0.02952372 
183800 0.02952372 0.02952372 
183900 0.02952372 0.02952372 
184000 0.02952372 0.02952372 
184100 0.02952372 0.02952372 
184200 0.02952372 0.02952372 
184300 0.02952372 0.02952372 
184400 0.02952372 0.02952372 
184500 0.02952372 0.02952372 
184600 0.02952372 0.02952372 
184700 0.02952372 0.02952372 
184800 0.02952372 0.02952372 
184900 0.02952372 0.02952372 
185000 0.02952372 0.02952372 
185100 0.02952372 0.02952372 
185200 0.02952372 0.02952372 
185300 0.02952372 0.02952372 
185400 0.02952372 0.02952372 
185500 0.02952372 0.02952372 
185600 0.02952372 0.02952372 
185700 0.02952372 0.02952372 
185800 0.02952372 0.02952372 
185900 0.02952372 0.02952372 
186000 0.02952372 0.02952372 
186100 0.02952372 0.02952372 
186200 0.02952372 0.02952372 
186300 0.02952372 0.02952372 
186400 0.02952372 0.02952372 
186500 0.02952372 0.02952372 
186600 0.02952372 0.02952372 
186700 0.02952372 0.02952372 
186800 0.02952372 0.02952372 
186900 0.02952372 0.02952372 
187000 0.02952372 0.02952372 
187100 0.02952372 0.02952372 
187200 0.02952372 0.02952372 
187300 0.02952372 0.02952372 
187400 0.02952372 0.02952372 
187500 0.02952372 0.02952372 
187600 0.02952372 0.02952372 
187700 0.02952372 0.02952372 
187800 0.02952372 0.02952372 
187900 0.02952372 0.02952372 
188000 0.02952372 0.02952372 
188100 0.02952372 0.02952372 
188200 0.02952372 0.02952372 
188300 0.02952372 0.02952372 
188400 0.02952372 0.02952372 
188500 0.02952372 0.02952372 
188600 0.02952372 0.02952372 
188700 0.02952372 0.02952372 
188800 0.02952372 0.02952372 
188900 0.02952372 0.02952372 
189000 0.02952372 0.02952372 
189100 0.02952372 0.02952372 
189200 0.02952372 0.02952372 
189300 0.02952372 0.02952372 
189400 0.02952372 0.02952372 
189500 0.02952372 0.02952372 
189600 0.02952372 0.02952372 
189700 0.02952372 0.02952372 
189800 0.02952372 0.02952372 
189900 0.02952372 0.02952372 
190000 0.02952372 0.02952372 
190100 0.02952372 0.02952372 
190200 0.02952372 0.02952372 
190300 0.02952372 0.02952372 
190400 0.02952372 0.02952372 
190500 0.02952372 0.02952372 
190600 0.02952372 0.02952372 
190700 0.02952372 0.02952372 
190800 0.02952372 0.02952372 
190900 0.02952372 0.02952372 
191000 0.02952372 0.02952372 
191100 0.02952372 0.02952372 
191200 0.02952372 0.02952372 
191300 0.02952297 0.02952297 
191400 0.02952297 0.02952297 
191500 0.02952297 0.02952297 
191600 0.02952297 0.02952297 
191700 0.02952297 0.02952297 
191800 0.02952297 0.02952297 
191900 0.02952297 0.02952297 
192000 0.02952297 0.02952297 
192100 0.02952297 0.02952297 
192200 0.02952297 0.02952297 
192300 0.02952297 0.02952297 
192400 0.02952297 0.02952297 
192500 0.02952297 0.02952297 
192600 0.02952297 0.02952297 
192700 0.02952297 0.02952297 
192800 0.02952297 0.02952297 
192900 0.02952297 0.02952297 
193000 0.02952297 0.02952297 
193100 0.02952297 0.02952297 
193200 0.02952297 0.02952297 
193300 0.02952297 0.02952297 
193400 0.02952297 0.02952297 
193500 0.02952297 0.02952297 
193600 0.02952297 0.02952297 
193700 0.02952297 0.02952297 
193800 0.02952297 0.02952297 
193900 0.02952297 0.02952297 
194000 0.02952297 0.02952297 
194100 0.02952297 0.02952297 
194200 0.02952297 0.02952297 
194300 0.02952297 0.02952297 
194400 0.02952297 0.02952297 
194500 0.02952297 0.02952297 
194600 0.02952297 0.02952297 
194700 0.02952297 0.02952297 
194800 0.02952297 0.02952297 
194900 0.02952297 0.02952297 
195000 0.02952297 0.02952297 
195100 0.02952297 0.02952297 
195200 0.02952297 0.02952297 
195300 0.02952297 0.02952297 
195400 0.02952297 0.02952297 
195500 0.02952297 0.02952297 
195600 0.02952297 0.02952297 
195700 0.02952297 0.02952297 
195800 0.02952297 0.02952297 
195900 0.02952297 0.02952297 
196000 0.02952297 0.02952297 
196100 0.02952297 0.02952297 
196200 0.02952297 0.02952297 
196300 0.02952297 0.02952297 
196400 0.02952297 0.02952297 
196500 0.02952297 0.02952297 
196600 0.02952297 0.02952297 
196700 0.02952297 0.02952297 
196800 0.02952297 0.02952297 
196900 0.02952297 0.02952297 
197000 0.02952297 0.02952297 
197100 0.02952297 0.02952297 
197200 0.02952297 0.02952297 
197300 0.02952297 0.02952297 
197400 0.02952297 0.02952297 
197500 0.02952297 0.02952297 
197600 0.02952297 0.02952297 
197700 0.02952297 0.02952297 
197800 0.02952297 0.02952297 
197900 0.02952297 0.02952297 
198000 0.02952297 0.02952297 
198100 0.02952297 0.02952297 
198200 0.02952297 0.02952297 
198300 0.02952297 0.02952297 
198400 0.02952297 0.02952297 
198500 0.02952297 0.02952297 
198600 0.02952297 0.02952297 
198700 0.02952297 0.02952297 
198800 0.02952297 0.02952297 
198900 0.02952297 0.02952297 
199000 0.02952297 0.02952297 
199100 0.02952297 0.02952297 
199200 0.02952297 0.02952297 
199300 0.02952297 0.02952297 
199400 0.02952297 0.02952297 
199500 0.02952297 0.02952297 
199600 0.02952297 0.02952297 
199700 0.02952297 0.02952297 
199800 0.02952297 0.02952297 
199900 0.02952297 0.02952297 
200000 0.02952297 0.02952297 
200100 0.02952297 0.02952297 
200200 0.02952297 0.02952297 
200300 0.02952297 0.02952297 
200400 0.02952297 0.02952297 
200500 0.02952297 0.02952297 
200600 0.02952297 0.02952297 
200700 0.02952297 0.02952297 
200800 0.02952297 0.02952297 
200900 0.02952297 0.02952297 
201000 0.02952297 0.02952297 
201100 0.02952297 0.02952297 
201200 0.02952297 0.02952297 
201300 0.02952297 0.02952297 
201400 0.02952297 0.02952297 
201500 0.02952297 0.02952297 
201600 0.02952297 0.02952297 
201700 0.02952297 0.02952297 
201800 0.02952297 0.02952297 
201900 0.02952297 0.02952297 
202000 0.02952297 0.02952297 
202100 0.02952297 0.02952297 
202200 0.02952297 0.02952297 
202300 0.02952297 0.02952297 
202400 0.02952297 0.02952297 
202500 0.02952297 0.02952297 
202600 0.02952297 0.02952297 
202700 0.02952297 0.02952297 
202800 0.02952297 0.02952297 
202900 0.02952297 0.02952297 
203000 0.02952297 0.02952297 
203100 0.02952297 0.02952297 
203200 0.02952297 0.02952297 
203300 0.02952297 0.02952297 
203400 0.02952297 0.02952297 
203500 0.02952297 0.02952297 
203600 0.02952297 0.02952297 
203700 0.02952297 0.02952297 
203800 0.02952297 0.02952297 
203900 0.02952297 0.02952297 
204000 0.02952297 0.02952297 
204100 0.02952297 0.02952297 
204200 0.02952297 0.02952297 
204300 0.02952297 0.02952297 
204400 0.02952297 0.02952297 
204500 0.02952297 0.02952297 
204600 0.02952297 0.02952297 
204700 0.02952297 0.02952297 
204800 0.02952297 0.02952297 
204900 0.02952297 0.02952297 
205000 0.02952297 0.02952297 
205100 0.02952297 0.02952297 
205200 0.02952297 0.02952297 
205300 0.02952297 0.02952297 
205400 0.02952297 0.02952297 
205500 0.02952297 0.02952297 
205600 0.02952297 0.02952297 
205700 0.02952297 0.02952297 
205800 0.02952297 0.02952297 
205900 0.02952297 0.02952297 
206000 0.02952297 0.02952297 
206100 0.02952297 0.02952297 
206200 0.02952297 0.02952297 
206300 0.02952297 0.02952297 
206400 0.02952297 0.02952297 
206500 0.02952297 0.02952297 
206600 0.02952297 0.02952297 
206700 0.02952297 0.02952297 
206800 0.02952297 0.02952297 
206900 0.02952297 0.02952297 
207000 0.02952297 0.02952297 
207100 0.02952297 0.02952297 
207200 0.02952297 0.02952297 
207300 0.02952297 0.02952297 
207400 0.02952297 0.02952297 
207500 0.02952297 0.02952297 
207600 0.02952297 0.02952297 
207700 0.02952297 0.02952297 
207800 0.02952297 0.02952297 
207900 0.02952297 0.02952297 
208000 0.02952297 0.02952297 
208100 0.02952297 0.02952297 
208200 0.02952297 0.02952297 
208300 0.02952297 0.02952297 
208400 0.02952297 0.02952297 
208500 0.02952297 0.02952297 
208600 0.02952297 0.02952297 
208700 0.02952297 0.02952297 
208800 0.02952297 0.02952297 
208900 0.02952297 0.02952297 
209000 0.02952297 0.02952297 
209100 0.02952297 0.02952297 
209200 0.02952297 0.02952297 
209300 0.02952297 0.02952297 
209400 0.02952297 0.02952297 
209500 0.02952297 0.02952297 
209600 0.02952297 0.02952297 
209700 0.02952297 0.02952297 
209800 0.02952297 0.02952297 
209900 0.02952297 0.02952297 
210000 0.02952297 0.02952297 
210100 0.02952297 0.02952297 
210200 0.02952297 0.02952297 
210300 0.02952297 0.02952297 
210400 0.02952297 0.02952297 
210500 0.02952297 0.02952297 
210600 0.02952297 0.02952297 
210700 0.02952297 0.02952297 
210800 0.02952297 0.02952297 
210900 0.02952297 0.02952297 
211000 0.02952297 0.02952297 
211100 0.02952297 0.02952297 
211200 0.02952297 0.02952297 
211300 0.02952297 0.02952297 
211400 0.02952297 0.02952297 
211500 0.02952297 0.02952297 
211600 0.02952297 0.02952297 
211700 0.02952297 0.02952297 
211800 0.02952297 0.02952297 
211900 0.02952297 0.02952297 
212000 0.02952297 0.02952297 
212100 0.02952297 0.02952297 
212200 0.02952297 0.02952297 
212300 0.02952297 0.02952297 
212400 0.02952297 0.02952297 
212500 0.02952297 0.02952297 
212600 0.02952297 0.02952297 
212700 0.02952297 0.02952297 
212800 0.02952297 0.02952297 
212900 0.02952297 0.02952297 
213000 0.02952297 0.02952297 
213100 0.02952297 0.02952297 
213200 0.02952297 0.02952297 
213300 0.02952297 0.02952297 
213400 0.02952297 0.02952297 
213500 0.02952297 0.02952297 
213600 0.02952297 0.02952297 
213700 0.02952297 0.02952297 
213800 0.02952297 0.02952297 
213900 0.02952297 0.02952297 
214000 0.02952297 0.02952297 
214100 0.02952297 0.02952297 
214200 0.02952297 0.02952297 
214300 0.02952297 0.02952297 
214400 0.02952297 0.02952297 
214500 0.02952297 0.02952297 
214600 0.02952297 0.02952297 
214700 0.02952297 0.02952297 
214800 0.02952297 0.02952297 
214900 0.02952297 0.02952297 
215000 0.02952297 0.02952297 
215100 0.02952297 0.02952297 
215200 0.02952297 0.02952297 
215300 0.02952297 0.02952297 
215400 0.02952297 0.02952297 
215500 0.02952297 0.02952297 
215600 0.02952297 0.02952297 
215700 0.02952297 0.02952297 
215800 0.02952297 0.02952297 
215900 0.02952297 0.02952297 
216000 0.02952297 0.02952297 
216100 0.02952297 0.02952297 
216200 0.02952297 0.02952297 
216300 0.02952297 0.02952297 
216400 0.02952297 0.02952297 
216500 0.02952297 0.02952297 
216600 0.02952297 0.02952297 
216700 0.02952297 0.02952297 
216800 0.02952297 0.02952297 
216900 0.02952297 0.02952297 
217000 0.02952297 0.02952297 
217100 0.02952297 0.02952297 
217200 0.02952297 0.02952297 
217300 0.02952297 0.02952297 
217400 0.02952297 0.02952297 
217500 0.02952297 0.02952297 
217600 0.02952297 0.02952297 
217700 0.02952297 0.02952297 
217800 0.02952297 0.02952297 
217900 0.02952297 0.02952297 
218000 0.02952297 0.02952297 
218100 0.02952297 0.02952297 
218200 0.02952297 0.02952297 
218300 0.02952297 0.02952297 
218400 0.02952297 0.02952297 
218500 0.02952297 0.02952297 
218600 0.02952297 0.02952297 
218700 0.02952297 0.02952297 
218800 0.02952297 0.02952297 
218900 0.02952297 0.02952297 
219000 0.02952297 0.02952297 
219100 0.02952297 0.02952297 
219200 0.02952297 0.02952297 
219300 0.02952297 0.02952297 
219400 0.02952297 0.02952297 
219500 0.02952297 0.02952297 
219600 0.02952297 0.02952297 
219700 0.02952297 0.02952297 
219800 0.02952297 0.02952297 
219900 0.02952297 0.02952297 
220000 0.02952297 0.02952297 
220100 0.02952297 0.02952297 
220200 0.02952297 0.02952297 
220300 0.02952297 0.02952297 
220400 0.02952297 0.02952297 
220500 0.02952297 0.02952297 
220600 0.02952297 0.02952297 
220700 0.02952297 0.02952297 
220800 0.02952297 0.02952297 
220900 0.02952297 0.02952297 
221000 0.02952297 0.02952297 
221100 0.02952297 0.02952297 
221200 0.02952297 0.02952297 
221300 0.02952297 0.02952297 
221400 0.02952297 0.02952297 
221500 0.02952297 0.02952297 
221600 0.02952297 0.02952297 
221700 0.02952297 0.02952297 
221800 0.02952297 0.02952297 
221900 0.02952297 0.02952297 
222000 0.02952297 0.02952297 
222100 0.02952297 0.02952297 
222200 0.02952297 0.02952297 
222300 0.02952297 0.02952297 
222400 0.02952297 0.02952297 
222500 0.02952297 0.02952297 
222600 0.02952297 0.02952297 
222700 0.02952297 0.02952297 
222800 0.02952297 0.02952297 
222900 0.02952297 0.02952297 
223000 0.02952297 0.02952297 
223100 0.02952297 0.02952297 
223200 0.02952297 0.02952297 
223300 0.02952297 0.02952297 
223400 0.02952297 0.02952297 
223500 0.02952297 0.02952297 
223600 0.02952297 0.02952297 
223700 0.02952297 0.02952297 
223800 0.02952297 0.02952297 
223900 0.02952297 0.02952297 
224000 0.02952297 0.02952297 
224100 0.02952297 0.02952297 
224200 0.02952297 0.02952297 
224300 0.02952297 0.02952297 
224400 0.02952297 0.02952297 
224500 0.02952297 0.02952297 
224600 0.02952297 0.02952297 
224700 0.02952297 0.02952297 
224800 0.02952297 0.02952297 
224900 0.02952297 0.02952297 
225000 0.02952297 0.02952297 
225100 0.02952297 0.02952297 
225200 0.02952297 0.02952297 
225300 0.02952297 0.02952297 
225400 0.02952297 0.02952297 
225500 0.02952297 0.02952297 
225600 0.02952297 0.02952297 
225700 0.02952297 0.02952297 
225800 0.02952297 0.02952297 
225900 0.02952297 0.02952297 
226000 0.02952297 0.02952297 
226100 0.02952297 0.02952297 
226200 0.02952297 0.02952297 
226300 0.02952297 0.02952297 
226400 0.02952297 0.02952297 
226500 0.02952297 0.02952297 
226600 0.02952297 0.02952297 
226700 0.02952297 0.02952297 
226800 0.02952297 0.02952297 
226900 0.02952297 0.02952297 
227000 0.02952297 0.02952297 
227100 0.02952297 0.02952297 
227200 0.02952297 0.02952297 
227300 0.02952297 0.02952297 
227400 0.02952297 0.02952297 
227500 0.02952297 0.02952297 
227600 0.02952297 0.02952297 
227700 0.02952297 0.02952297 
227800 0.02952297 0.02952297 
227900 0.02952297 0.02952297 
228000 0.02952297 0.02952297 
228100 0.02952297 0.02952297 
228200 0.02952297 0.02952297 
228300 0.02952297 0.02952297 
228400 0.02952297 0.02952297 
228500 0.02952297 0.02952297 
228600 0.02952297 0.02952297 
228700 0.02952297 0.02952297 
228800 0.02952297 0.02952297 
228900 0.02952297 0.02952297 
229000 0.02952297 0.02952297 
229100 0.02952297 0.02952297 
229200 0.02952297 0.02952297 
229300 0.02952297 0.02952297 
229400 0.02952297 0.02952297 
229500 0.02952297 0.02952297 
229600 0.02952297 0.02952297 
229700 0.02952297 0.02952297 
229800 0.02952297 0.02952297 
229900 0.02952297 0.02952297 
230000 0.02952297 0.02952297 
230100 0.02952297 0.02952297 
230200 0.02952297 0.02952297 
230300 0.02952297 0.02952297 
230400 0.02952297 0.02952297 
230500 0.02952297 0.02952297 
230600 0.02952297 0.02952297 
230700 0.02952297 0.02952297 
230800 0.02952297 0.02952297 
230900 0.02952297 0.02952297 
231000 0.02952297 0.02952297 
231100 0.02952297 0.02952297 
231200 0.02952297 0.02952297 
231300 0.02952297 0.02952297 
231400 0.02952297 0.02952297 
231500 0.02952297 0.02952297 
231600 0.02952297 0.02952297 
231700 0.02952297 0.02952297 
231800 0.02952297 0.02952297 
231900 0.02952297 0.02952297 
232000 0.02952297 0.02952297 
232100 0.02952297 0.02952297 
232200 0.02952297 0.02952297 
232300 0.02952297 0.02952297 
232400 0.02952297 0.02952297 
232500 0.02952297 0.02952297 
232600 0.02952297 0.02952297 
232700 0.02952297 0.02952297 
232800 0.02952297 0.02952297 
232900 0.02952297 0.02952297 
233000 0.02952297 0.02952297 
233100 0.02952297 0.02952297 
233200 0.02952297 0.02952297 
233300 0.02952297 0.02952297 
233400 0.02952297 0.02952297 
233500 0.02952297 0.02952297 
233600 0.02952297 0.02952297 
233700 0.02952297 0.02952297 
233800 0.02952297 0.02952297 
233900 0.02952297 0.02952297 
234000 0.02952297 0.02952297 
234100 0.02952297 0.02952297 
234200 0.02952297 0.02952297 
234300 0.02952297 0.02952297 
234400 0.02952297 0.02952297 
234500 0.02952297 0.02952297 
234600 0.02952297 0.02952297 
234700 0.02952297 0.02952297 
234800 0.02952297 0.02952297 
234900 0.02952297 0.02952297 
235000 0.02952297 0.02952297 
235100 0.02952297 0.02952297 
235200 0.02952297 0.02952297 
235300 0.02952297 0.02952297 
235400 0.02952297 0.02952297 
235500 0.02952297 0.02952297 
235600 0.02952297 0.02952297 
235700 0.02952297 0.02952297 
235800 0.02952297 0.02952297 
235900 0.02952297 0.02952297 
236000 0.02952297 0.02952297 
236100 0.02952297 0.02952297 
236200 0.02952297 0.02952297 
236300 0.02952297 0.02952297 
236400 0.02952297 0.02952297 
236500 0.02952297 0.02952297 
236600 0.02952297 0.02952297 
236700 0.02952297 0.02952297 
236800 0.02952297 0.02952297 
236900 0.02952297 0.02952297 
237000 0.02952297 0.02952297 
237100 0.02952297 0.02952297 
237200 0.02952297 0.02952297 
237300 0.02952297 0.02952297 
237400 0.02952297 0.02952297 
237500 0.02952297 0.02952297 
237600 0.02952297 0.02952297 
237700 0.02952297 0.02952297 
237800 0.02952297 0.02952297 
237900 0.02952297 0.02952297 
238000 0.02952297 0.02952297 
238100 0.02952297 0.02952297 
238200 0.02952297 0.02952297 
238300 0.02952297 0.02952297 
238400 0.02952297 0.02952297 
238500 0.02952297 0.02952297 
238600 0.02952297 0.02952297 
238700 0.02952297 0.02952297 
238800 0.02952297 0.02952297 
238900 0.02952297 0.02952297 
239000 0.02952297 0.02952297 
239100 0.02952297 0.02952297 
239200 0.02952297 0.02952297 
239300 0.02952297 0.02952297 
239400 0.02952297 0.02952297 
239500 0.02952297 0.02952297 
239600 0.02952297 0.02952297 
239700 0.02952297 0.02952297 
239800 0.02952297 0.02952297 
239900 0.02952297 0.02952297 
240000 0.02952297 0.02952297 
240100 0.02952297 0.02952297 
240200 0.02952297 0.02952297 
240300 0.02952297 0.02952297 
240400 0.02952297 0.02952297 
240500 0.02952297 0.02952297 
240600 0.02952297 0.02952297 
240700 0.02952297 0.02952297 
240800 0.02952297 0.02952297 
240900 0.02952297 0.02952297 
241000 0.02952297 0.02952297 
241100 0.02952297 0.02952297 
241200 0.02952297 0.02952297 
241300 0.02952297 0.02952297 
241400 0.02952297 0.02952297 
241500 0.02952297 0.02952297 
241600 0.02952297 0.02952297 
241700 0.02952297 0.02952297 
241800 0.02952297 0.02952297 
241900 0.02952297 0.02952297 
242000 0.02952297 0.02952297 
242100 0.02952297 0.02952297 
242200 0.02952297 0.02952297 
242300 0.02952297 0.02952297 
242400 0.02952297 0.02952297 
242500 0.02952297 0.02952297 
242600 0.02952297 0.02952297 
242700 0.02952297 0.02952297 
242800 0.02952297 0.02952297 
242900 0.02952297 0.02952297 
243000 0.02952297 0.02952297 
243100 0.02952297 0.02952297 
243200 0.02952297 0.02952297 
243300 0.02952297 0.02952297 
243400 0.02952297 0.02952297 
243500 0.02952297 0.02952297 
243600 0.02952297 0.02952297 
243700 0.02952297 0.02952297 
243800 0.02952297 0.02952297 
243900 0.02952297 0.02952297 
244000 0.02952297 0.02952297 
244100 0.02952297 0.02952297 
244200 0.02952297 0.02952297 
244300 0.02952297 0.02952297 
244400 0.02952297 0.02952297 
244500 0.02952297 0.02952297 
244600 0.02952297 0.02952297 
244700 0.02952297 0.02952297 
244800 0.02952297 0.02952297 
244900 0.02952297 0.02952297 
245000 0.02952297 0.02952297 
245100 0.02952297 0.02952297 
245200 0.02952297 0.02952297 
245300 0.02952297 0.02952297 
245400 0.02952297 0.02952297 
245500 0.02952297 0.02952297 
245600 0.02952297 0.02952297 
245700 0.02952297 0.02952297 
245800 0.02952297 0.02952297 
245900 0.02952297 0.02952297 
246000 0.02952297 0.02952297 
246100 0.02952297 0.02952297 
246200 0.02952297 0.02952297 
246300 0.02952297 0.02952297 
246400 0.02952297 0.02952297 
246500 0.02952297 0.02952297 
246600 0.02952297 0.02952297 
246700 0.02952297 0.02952297 
246800 0.02952297 0.02952297 
246900 0.02952297 0.02952297 
247000 0.02952297 0.02952297 
247100 0.02952297 0.02952297 
247200 0.02952297 0.02952297 
247300 0.02952297 0.02952297 
247400 0.02952297 0.02952297 
247500 0.02952297 0.02952297 
247600 0.02952297 0.02952297 
247700 0.02952297 0.02952297 
247800 0.02952297 0.02952297 
247900 0.02952297 0.02952297 
248000 0.02952297 0.02952297 
248100 0.02952297 0.02952297 
248200 0.02952297 0.02952297 
248300 0.02952297 0.02952297 
248400 0.02952297 0.02952297 
248500 0.02952297 0.02952297 
248600 0.02952297 0.02952297 
248700 0.02952297 0.02952297 
248800 0.02952297 0.02952297 
248900 0.02952297 0.02952297 
249000 0.02952297 0.02952297 
249100 0.02952297 0.02952297 
249200 0.02952297 0.02952297 
249300 0.02952297 0.02952297 
249400 0.02952297 0.02952297 
249500 0.02952297 0.02952297 
249600 0.02952297 0.02952297 
249700 0.02952297 0.02952297 
249800 0.02952297 0.02952297 
249900 0.02952297 0.02952297 
250000 0.02952297 0.02952297 
250100 0.02952297 0.02952297 
250200 0.02952297 0.02952297 
250300 0.02952297 0.02952297 
250400 0.02952297 0.02952297 
250500 0.02952297 0.02952297 
250600 0.02952297 0.02952297 
250700 0.02952297 0.02952297 
250800 0.02952297 0.02952297 
250900 0.02952297 0.02952297 
251000 0.02952297 0.02952297 
251100 0.02952297 0.02952297 
251200 0.02952297 0.02952297 
251300 0.02952297 0.02952297 
251400 0.02952297 0.02952297 
251500 0.02952297 0.02952297 
251600 0.02952297 0.02952297 
251700 0.02952297 0.02952297 
251800 0.02952297 0.02952297 
251900 0.02952297 0.02952297 
252000 0.02952297 0.02952297 
252100 0.02952297 0.02952297 
252200 0.02952297 0.02952297 
252300 0.02952297 0.02952297 
252400 0.02952297 0.02952297 
252500 0.02952297 0.02952297 
252600 0.02952297 0.02952297 
252700 0.02952297 0.02952297 
252800 0.02952297 0.02952297 
252900 0.02952297 0.02952297 
253000 0.02952297 0.02952297 
253100 0.02952297 0.02952297 
253200 0.02952297 0.02952297 
253300 0.02952297 0.02952297 
253400 0.02952297 0.02952297 
253500 0.02952297 0.02952297 
253600 0.02952297 0.02952297 
253700 0.02952297 0.02952297 
253800 0.02952297 0.02952297 
253900 0.02952297 0.02952297 
254000 0.02952297 0.02952297 
254100 0.02952297 0.02952297 
254200 0.02952297 0.02952297 
254300 0.02952297 0.02952297 
254400 0.02952297 0.02952297 
254500 0.02952297 0.02952297 
254600 0.02952297 0.02952297 
254700 0.02952297 0.02952297 
254800 0.02952297 0.02952297 
254900 0.02952297 0.02952297 
255000 0.02952297 0.02952297 
255100 0.02952297 0.02952297 
255200 0.02952297 0.02952297 
255300 0.02952297 0.02952297 
255400 0.02952297 0.02952297 
255500 0.02952297 0.02952297 
255600 0.02952297 0.02952297 
255700 0.02952297 0.02952297 
255800 0.02952297 0.02952297 
255900 0.02952297 0.02952297 
256000 0.02952297 0.02952297 
256100 0.02952297 0.02952297 
256200 0.02952297 0.02952297 
256300 0.02952297 0.02952297 
256400 0.02952297 0.02952297 
256500 0.02952297 0.02952297 
256600 0.02952297 0.02952297 
256700 0.02952297 0.02952297 
256800 0.02952297 0.02952297 
256900 0.02952297 0.02952297 
257000 0.02952297 0.02952297 
257100 0.02952297 0.02952297 
257200 0.02952297 0.02952297 
257300 0.02952297 0.02952297 
257400 0.02952297 0.02952297 
257500 0.02952297 0.02952297 
257600 0.02952297 0.02952297 
257700 0.02952297 0.02952297 
257800 0.02952297 0.02952297 
257900 0.02952297 0.02952297 
258000 0.02952297 0.02952297 
258100 0.02952297 0.02952297 
258200 0.02952297 0.02952297 
258300 0.02952297 0.02952297 
258400 0.02952297 0.02952297 
258500 0.02952297 0.02952297 
258600 0.02952297 0.02952297 
258700 0.02952297 0.02952297 
258800 0.02952297 0.02952297 
258900 0.02952297 0.02952297 
259000 0.02952297 0.02952297 
259100 0.02952297 0.02952297 
259200 0.02952297 0.02952297 
259300 0.02952297 0.02952297 
259400 0.02952297 0.02952297 
259500 0.02952297 0.02952297 
259600 0.02952297 0.02952297 
259700 0.02952297 0.02952297 
259800 0.02952297 0.02952297 
259900 0.02952297 0.02952297 
260000 0.02952297 0.02952297 
260100 0.02952297 0.02952297 
260200 0.02952297 0.02952297 
260300 0.02952297 0.02952297 
260400 0.02952297 0.02952297 
260500 0.02952297 0.02952297 
260600 0.02952297 0.02952297 
260700 0.02952297 0.02952297 
260800 0.02952297 0.02952297 
260900 0.02952297 0.02952297 
261000 0.02952297 0.02952297 
261100 0.02952297 0.02952297 
261200 0.02952297 0.02952297 
261300 0.02952297 0.02952297 
261400 0.02952297 0.02952297 
261500 0.02952297 0.02952297 
261600 0.02952297 0.02952297 
261700 0.02952297 0.02952297 
261800 0.02952297 0.02952297 
261900 0.02952297 0.02952297 
262000 0.02952297 0.02952297 
262100 0.02952297 0.02952297 
262200 0.02952297 0.02952297 
262300 0.02952297 0.02952297 
262400 0.02952297 0.02952297 
262500 0.02952297 0.02952297 
262600 0.02952297 0.02952297 
262700 0.02952297 0.02952297 
262800 0.02952297 0.02952297 
262900 0.02952297 0.02952297 
263000 0.02952297 0.02952297 
263100 0.02952297 0.02952297 
263200 0.02952297 0.02952297 
263300 0.02952297 0.02952297 
263400 0.02952297 0.02952297 
263500 0.02952297 0.02952297 
263600 0.02952297 0.02952297 
263700 0.02952297 0.02952297 
263800 0.02952297 0.02952297 
263900 0.02952297 0.02952297 
264000 0.02952297 0.02952297 
264100 0.02952297 0.02952297 
264200 0.02952297 0.02952297 
264300 0.02952297 0.02952297 
264400 0.02952297 0.02952297 
264500 0.02952297 0.02952297 
264600 0.02952297 0.02952297 
264700 0.02952297 0.02952297 
264800 0.02952297 0.02952297 
264900 0.02952297 0.02952297 
265000 0.02952297 0.02952297 
265100 0.02952297 0.02952297 
265200 0.02952297 0.02952297 
265300 0.02952297 0.02952297 
265400 0.02952297 0.02952297 
265500 0.02952297 0.02952297 
265600 0.02952297 0.02952297 
265700 0.02952297 0.02952297 
265800 0.02952297 0.02952297 
265900 0.02952297 0.02952297 
266000 0.02952297 0.02952297 
266100 0.02952297 0.02952297 
266200 0.02952297 0.02952297 
266300 0.02952297 0.02952297 
266400 0.02952297 0.02952297 
266500 0.02952297 0.02952297 
266600 0.02952297 0.02952297 
266700 0.02952297 0.02952297 
266800 0.02952297 0.02952297 
266900 0.02952297 0.02952297 
267000 0.02952297 0.02952297 
267100 0.02952297 0.02952297 
267200 0.02952297 0.02952297 
267300 0.02952297 0.02952297 
267400 0.02952297 0.02952297 
267500 0.02952297 0.02952297 
267600 0.02952297 0.02952297 
267700 0.02952297 0.02952297 
267800 0.02952297 0.02952297 
267900 0.02952297 0.02952297 
268000 0.02952297 0.02952297 
268100 0.02952297 0.02952297 
268200 0.02952297 0.02952297 
268300 0.02952297 0.02952297 
268400 0.02952297 0.02952297 
268500 0.02952297 0.02952297 
268600 0.02952297 0.02952297 
268700 0.02952297 0.02952297 
268800 0.02952297 0.02952297 
268900 0.02952297 0.02952297 
269000 0.02952297 0.02952297 
269100 0.02952297 0.02952297 
269200 0.02952297 0.02952297 
269300 0.02952297 0.02952297 
269400 0.02952297 0.02952297 
269500 0.02952297 0.02952297 
269600 0.02952297 0.02952297 
269700 0.02952297 0.02952297 
269800 0.02952297 0.02952297 
269900 0.02952297 0.02952297 
270000 0.02952297 0.02952297 
270100 0.02952297 0.02952297 
270200 0.02952297 0.02952297 
270300 0.02952297 0.02952297 
270400 0.02952297 0.02952297 
270500 0.02952297 0.02952297 
270600 0.02952297 0.02952297 
270700 0.02952297 0.02952297 
270800 0.02952297 0.02952297 
270900 0.02952297 0.02952297 
271000 0.02952297 0.02952297 
271100 0.02952297 0.02952297 
271200 0.02952297 0.02952297 
271300 0.02952297 0.02952297 
271400 0.02952297 0.02952297 
271500 0.02952297 0.02952297 
271600 0.02952297 0.02952297 
271700 0.02952297 0.02952297 
271800 0.02952297 0.02952297 
271900 0.02952297 0.02952297 
272000 0.02952297 0.02952297 
272100 0.02952297 0.02952297 
272200 0.02952297 0.02952297 
272300 0.02952297 0.02952297 
272400 0.02952297 0.02952297 
272500 0.02952297 0.02952297 
272600 0.02952297 0.02952297 
272700 0.02952297 0.02952297 
272800 0.02952297 0.02952297 
272900 0.02952297 0.02952297 
273000 0.02952297 0.02952297 
273100 0.02952297 0.02952297 
273200 0.02952297 0.02952297 
273300 0.02952297 0.02952297 
273400 0.02952297 0.02952297 
273500 0.02952297 0.02952297 
273600 0.02952297 0.02952297 
273700 0.02952297 0.02952297 
273800 0.02952297 0.02952297 
273900 0.02952297 0.02952297 
274000 0.02952297 0.02952297 
274100 0.02952297 0.02952297 
274200 0.02952297 0.02952297 
274300 0.02952297 0.02952297 
274400 0.02952297 0.02952297 
274500 0.02952297 0.02952297 
274600 0.02952297 0.02952297 
274700 0.02952297 0.02952297 
274800 0.02952297 0.02952297 
274900 0.02952297 0.02952297 
275000 0.02952297 0.02952297 
275100 0.02952297 0.02952297 
275200 0.02952297 0.02952297 
275300 0.02952297 0.02952297 
275400 0.02952297 0.02952297 
275500 0.02952297 0.02952297 
275600 0.02952297 0.02952297 
275700 0.02952297 0.02952297 
275800 0.02952297 0.02952297 
275900 0.02952297 0.02952297 
276000 0.02952297 0.02952297 
276100 0.02952297 0.02952297 
276200 0.02952297 0.02952297 
276300 0.02952297 0.02952297 
276400 0.02952297 0.02952297 
276500 0.02952297 0.02952297 
276600 0.02952297 0.02952297 
276700 0.02952297 0.02952297 
276800 0.02952297 0.02952297 
276900 0.02952297 0.02952297 
277000 0.02952297 0.02952297 
277100 0.02952297 0.02952297 
277200 0.02952297 0.02952297 
277300 0.02952297 0.02952297 
277400 0.02952297 0.02952297 
277500 0.02952297 0.02952297 
277600 0.02952297 0.02952297 
277700 0.02952297 0.02952297 
277800 0.02952297 0.02952297 
277900 0.02952297 0.02952297 
278000 0.02952297 0.02952297 
278100 0.02952297 0.02952297 
278200 0.02952297 0.02952297 
278300 0.02952297 0.02952297 
278400 0.02952297 0.02952297 
278500 0.02952297 0.02952297 
278600 0.02952297 0.02952297 
278700 0.02952297 0.02952297 
278800 0.02952297 0.02952297 
278900 0.02952297 0.02952297 
279000 0.02952297 0.02952297 
279100 0.02952297 0.02952297 
279200 0.02952297 0.02952297 
279300 0.02952297 0.02952297 
279400 0.02952297 0.02952297 
279500 0.02952297 0.02952297 
279600 0.02952297 0.02952297 
279700 0.02952297 0.02952297 
279800 0.02952297 0.02952297 
279900 0.02952297 0.02952297 
280000 0.02952297 0.02952297 
280100 0.02952297 0.02952297 
280200 0.02952297 0.02952297 
280300 0.02952297 0.02952297 
280400 0.02952297 0.02952297 
280500 0.02952297 0.02952297 
280600 0.02952297 0.02952297 
280700 0.02952297 0.02952297 
280800 0.02952297 0.02952297 
280900 0.02952297 0.02952297 
281000 0.02952297 0.02952297 
281100 0.02952297 0.02952297 
281200 0.02952297 0.02952297 
281300 0.02952297 0.02952297 
281400 0.02952297 0.02952297 
281500 0.02952297 0.02952297 
281600 0.02952297 0.02952297 
281700 0.02952297 0.02952297 
281800 0.02952297 0.02952297 
281900 0.02952297 0.02952297 
282000 0.02952297 0.02952297 
282100 0.02952297 0.02952297 
282200 0.02952297 0.02952297 
282300 0.02952297 0.02952297 
282400 0.02952297 0.02952297 
282500 0.02952297 0.02952297 
282600 0.02952297 0.02952297 
282700 0.02952297 0.02952297 
282800 0.02952297 0.02952297 
282900 0.02952297 0.02952297 
283000 0.02952297 0.02952297 
283100 0.02952297 0.02952297 
283200 0.02952297 0.02952297 
283300 0.02952297 0.02952297 
283400 0.02952297 0.02952297 
283500 0.02952297 0.02952297 
283600 0.02952297 0.02952297 
283700 0.02952297 0.02952297 
283800 0.02952297 0.02952297 
283900 0.02952297 0.02952297 
284000 0.02952297 0.02952297 
284100 0.02952297 0.02952297 
284200 0.02952297 0.02952297 
284300 0.02952297 0.02952297 
284400 0.02952297 0.02952297 
284500 0.02952297 0.02952297 
284600 0.02952297 0.02952297 
284700 0.02952297 0.02952297 
284800 0.02952297 0.02952297 
284900 0.02952297 0.02952297 
285000 0.02952297 0.02952297 
285100 0.02952297 0.02952297 
285200 0.02952297 0.02952297 
285300 0.02952297 0.02952297 
285400 0.02952297 0.02952297 
285500 0.02952297 0.02952297 
285600 0.02952297 0.02952297 
285700 0.02952297 0.02952297 
285800 0.02952297 0.02952297 
285900 0.02952297 0.02952297 
286000 0.02952297 0.02952297 
286100 0.02952297 0.02952297 
286200 0.02952297 0.02952297 
286300 0.02952297 0.02952297 
286400 0.02952297 0.02952297 
286500 0.02952297 0.02952297 
286600 0.02952297 0.02952297 
286700 0.02952297 0.02952297 
286800 0.02952297 0.02952297 
286900 0.02952297 0.02952297 
287000 0.02952297 0.02952297 
287100 0.02952297 0.02952297 
287200 0.02952297 0.02952297 
287300 0.02952297 0.02952297 
287400 0.02952297 0.02952297 
287500 0.02952297 0.02952297 
287600 0.02952297 0.02952297 
287700 0.02952297 0.02952297 
287800 0.02952297 0.02952297 
287900 0.02952297 0.02952297 
288000 0.02952297 0.02952297 
288100 0.02952297 0.02952297 
288200 0.02952297 0.02952297 
288300 0.02952297 0.02952297 
288400 0.02952297 0.02952297 
288500 0.02952297 0.02952297 
288600 0.02952297 0.02952297 
288700 0.02952297 0.02952297 
288800 0.02952297 0.02952297 
288900 0.02952297 0.02952297 
289000 0.02952297 0.02952297 
289100 0.02952297 0.02952297 
289200 0.02952297 0.02952297 
289300 0.02952297 0.02952297 
289400 0.02952297 0.02952297 
289500 0.02952297 0.02952297 
289600 0.02952297 0.02952297 
289700 0.02952297 0.02952297 
289800 0.02952297 0.02952297 
289900 0.02952297 0.02952297 
290000 0.02952297 0.02952297 
290100 0.02952297 0.02952297 
290200 0.02952297 0.02952297 
290300 0.02952297 0.02952297 
290400 0.02952297 0.02952297 
290500 0.02952297 0.02952297 
290600 0.02952297 0.02952297 
290700 0.02952297 0.02952297 
290800 0.02952297 0.02952297 
290900 0.02952297 0.02952297 
291000 0.02952297 0.02952297 
291100 0.02952297 0.02952297 
291200 0.02952297 0.02952297 
291300 0.02952297 0.02952297 
291400 0.02952297 0.02952297 
291500 0.02952297 0.02952297 
291600 0.02952297 0.02952297 
291700 0.02952297 0.02952297 
291800 0.02952297 0.02952297 
291900 0.02952297 0.02952297 
292000 0.02952297 0.02952297 
292100 0.02952297 0.02952297 
292200 0.02952297 0.02952297 
292300 0.02952297 0.02952297 
292400 0.02952297 0.02952297 
292500 0.02952297 0.02952297 
292600 0.02952297 0.02952297 
292700 0.02952297 0.02952297 
292800 0.02952297 0.02952297 
292900 0.02952297 0.02952297 
293000 0.02952297 0.02952297 
293100 0.02952297 0.02952297 
293200 0.02952297 0.02952297 
293300 0.02952297 0.02952297 
293400 0.02952297 0.02952297 
293500 0.02952297 0.02952297 
293600 0.02952297 0.02952297 
293700 0.02952297 0.02952297 
293800 0.02952297 0.02952297 
293900 0.02952297 0.02952297 
294000 0.02952297 0.02952297 
294100 0.02952297 0.02952297 
294200 0.02952297 0.02952297 
294300 0.02952297 0.02952297 
294400 0.02952297 0.02952297 
294500 0.02952297 0.02952297 
294600 0.02952297 0.02952297 
294700 0.02952297 0.02952297 
294800 0.02952297 0.02952297 
294900 0.02952297 0.02952297 
295000 0.02863670 0.02863670 
295100 0.02863670 0.02863670 
295200 0.02863670 0.02863670 
295300 0.02863670 0.02863670 
295400 0.02863670 0.02863670 
295500 0.02863670 0.02863670 
295600 0.02863670 0.02863670 
295700 0.02863670 0.02863670 
295800 0.02863670 0.02863670 
295900 0.02863670 0.02863670 
296000 0.02863670 0.02863670 
296100 0.02863670 0.02863670 
296200 0.02863670 0.02863670 
296300 0.02863670 0.02863670 
296400 0.02863670 0.02863670 
296500 0.02863670 0.02863670 
296600 0.02863670 0.02863670 
296700 0.02863670 0.02863670 
296800 0.02863670 0.02863670 
296900 0.02863670 0.02863670 
297000 0.02863670 0.02863670 
297100 0.02863670 0.02863670 
297200 0.02863670 0.02863670 
297300 0.02863670 0.02863670 
297400 0.02863670 0.02863670 
297500 0.02863670 0.02863670 
297600 0.02863670 0.02863670 
297700 0.02863670 0.02863670 
297800 0.02863670 0.02863670 
297900 0.02863670 0.02863670 
298000 0.02863670 0.02863670 
298100 0.02863670 0.02863670 
298200 0.02863670 0.02863670 
298300 0.02863670 0.02863670 
298400 0.02863670 0.02863670 
298500 0.02863670 0.02863670 
298600 0.02863670 0.02863670 
298700 0.02863670 0.02863670 
298800 0.02095194 0.02095194 
298900 0.02095194 0.02095194 
299000 0.02095194 0.02095194 
299100 0.02095194 0.02095194 
299200 0.02095194 0.02095194 
299300 0.02095194 0.02095194 
299400 0.02095194 0.02095194 
299500 0.02095194 0.02095194 
299600 0.02095194 0.02095194 
299700 0.02095194 0.02095194 
299800 0.02095194 0.02095194 
299900 0.02095194 0.02095194 
300000 0.02095194 0.02095194 
