200 0.22434920 0.22434920 
400 0.22434920 0.22434920 
600 0.22434920 0.22434920 
800 0.21728009 0.21728009 
1000 0.21728009 0.21728009 
1200 0.21024838 0.21024838 
1400 0.21024838 0.21024838 
1600 0.20638153 0.20638153 
1800 0.20638153 0.20638153 
2000 0.17961275 0.17961275 
2200 0.17961275 0.17961275 
2400 0.17961275 0.17961275 
2600 0.17961275 0.17961275 
2800 0.17961275 0.17961275 
3000 0.17961275 0.17961275 
3200 0.17961275 0.17961275 
3400 0.17961275 0.17961275 
3600 0.17961275 0.17961275 
3800 0.17961275 0.17961275 
4000 0.17961275 0.17961275 
4200 0.17961275 0.17961275 
4400 0.17961275 0.17961275 
4600 0.16924736 0.16924736 
4800 0.16924736 0.16924736 
5000 0.16924736 0.16924736 
5200 0.16924736 0.16924736 
5400 0.16924736 0.16924736 
5600 0.16924736 0.16924736 
5800 0.16924736 0.16924736 
6000 0.16814879 0.16814879 
6200 0.16814879 0.16814879 
6400 0.16762704 0.16762704 
6600 0.10212547 0.10212547 
6800 0.10212547 0.10212547 
7000 0.10212547 0.10212547 
7200 0.10212547 0.10212547 
7400 0.10212547 0.10212547 
7600 0.10212547 0.10212547 
7800 0.10212547 0.10212547 
8000 0.10212547 0.10212547 
8200 0.10212547 0.10212547 
8400 0.08475669 0.08475669 
8600 0.07616635 0.07616635 
8800 0.07616635 0.07616635 
9000 0.07616635 0.07616635 
9200 0.07616635 0.07616635 
9400 0.07616635 0.07616635 
9600 0.07616635 0.07616635 
9800 0.07616635 0.07616635 
10000 0.07616635 0.07616635 
10200 0.07616635 0.07616635 
10400 0.07616635 0.07616635 
10600 0.04835256 0.04835256 
10800 0.04835256 0.04835256 
11000 0.02285775 0.02285775 
11200 0.02285775 0.02285775 
11400 0.02285775 0.02285775 
11600 0.02285775 0.02285775 
11800 0.02285775 0.02285775 
12000 0.02285775 0.02285775 
12200 0.02285775 0.02285775 
12400 0.02285775 0.02285775 
12600 0.02285775 0.02285775 
12800 0.02285775 0.02285775 
13000 0.02285775 0.02285775 
13200 0.02285775 0.02285775 
13400 0.02285775 0.02285775 
13600 0.02285775 0.02285775 
13800 0.02285775 0.02285775 
14000 0.02285775 0.02285775 
14200 0.02285775 0.02285775 
14400 0.02285775 0.02285775 
14600 0.02285775 0.02285775 
14800 0.02285775 0.02285775 
15000 0.02285775 0.02285775 
15200 0.02285775 0.02285775 
15400 0.02285775 0.02285775 
15600 0.02285775 0.02285775 
15800 0.02285775 0.02285775 
16000 0.02285775 0.02285775 
16200 0.02285775 0.02285775 
16400 0.02285775 0.02285775 
16600 0.02285775 0.02285775 
16800 0.02285775 0.02285775 
17000 0.02285775 0.02285775 
17200 0.02285775 0.02285775 
17400 0.01754899 0.01754899 
17600 0.01754899 0.01754899 
17800 0.01754899 0.01754899 
18000 0.01754899 0.01754899 
18200 0.01388017 0.01388017 
18400 0.01388017 0.01388017 
18600 0.01388017 0.01388017 
18800 0.01388017 0.01388017 
19000 0.01388017 0.01388017 
19200 0.01388017 0.01388017 
19400 0.01388017 0.01388017 
19600 0.01388017 0.01388017 
19800 0.01388017 0.01388017 
20000 0.01388017 0.01388017 
20200 0.01388017 0.01388017 
20400 0.01388017 0.01388017 
20600 0.01388017 0.01388017 
20800 0.01388017 0.01388017 
21000 0.01388017 0.01388017 
21200 0.01388017 0.01388017 
21400 0.01388017 0.01388017 
21600 0.01388017 0.01388017 
21800 0.01388017 0.01388017 
22000 0.01388017 0.01388017 
22200 0.01388017 0.01388017 
22400 0.01388017 0.01388017 
22600 0.01388017 0.01388017 
22800 0.01388017 0.01388017 
23000 0.01388017 0.01388017 
23200 0.01388017 0.01388017 
23400 0.01388017 0.01388017 
23600 0.01388017 0.01388017 
23800 0.01388017 0.01388017 
24000 0.01388017 0.01388017 
24200 0.01388017 0.01388017 
24400 0.01388017 0.01388017 
24600 0.01388017 0.01388017 
24800 0.01388017 0.01388017 
25000 0.01388017 0.01388017 
25200 0.01388017 0.01388017 
25400 0.01388017 0.01388017 
25600 0.01388017 0.01388017 
25800 0.01388017 0.01388017 
26000 0.01388017 0.01388017 
26200 0.01367505 0.01367505 
26400 0.01367505 0.01367505 
26600 0.01367505 0.01367505 
26800 0.01367505 0.01367505 
27000 0.01367505 0.01367505 
27200 0.01367505 0.01367505 
27400 0.01367505 0.01367505 
27600 0.01367505 0.01367505 
27800 0.01367505 0.01367505 
28000 0.01367505 0.01367505 
28200 0.01367505 0.01367505 
28400 0.01367505 0.01367505 
28600 0.01367505 0.01367505 
28800 0.01367505 0.01367505 
29000 0.01367505 0.01367505 
29200 0.01367505 0.01367505 
29400 0.01367505 0.01367505 
29600 0.01367505 0.01367505 
29800 0.01367505 0.01367505 
30000 0.01367505 0.01367505 
30200 0.01367505 0.01367505 
30400 0.01367505 0.01367505 
30600 0.01367505 0.01367505 
30800 0.01367505 0.01367505 
31000 0.01254520 0.01254520 
31200 0.01254520 0.01254520 
31400 0.01254520 0.01254520 
31600 0.01254520 0.01254520 
31800 0.01254520 0.01254520 
32000 0.01254520 0.01254520 
32200 0.01254520 0.01254520 
32400 0.01254520 0.01254520 
32600 0.01254520 0.01254520 
32800 0.01254520 0.01254520 
33000 0.01254520 0.01254520 
33200 0.01254520 0.01254520 
33400 0.01254520 0.01254520 
33600 0.01254520 0.01254520 
33800 0.01254520 0.01254520 
34000 0.01254520 0.01254520 
34200 0.01254520 0.01254520 
34400 0.01254520 0.01254520 
34600 0.01254520 0.01254520 
34800 0.01254520 0.01254520 
35000 0.01054472 0.01054472 
35200 0.01054472 0.01054472 
35400 0.01054472 0.01054472 
35600 0.01054472 0.01054472 
35800 0.01054472 0.01054472 
36000 0.01054472 0.01054472 
36200 0.01054472 0.01054472 
36400 0.01054472 0.01054472 
36600 0.01054472 0.01054472 
36800 0.01054472 0.01054472 
37000 0.01054472 0.01054472 
37200 0.01054472 0.01054472 
37400 0.01054472 0.01054472 
37600 0.01054472 0.01054472 
37800 0.01054472 0.01054472 
38000 0.01054472 0.01054472 
38200 0.01054472 0.01054472 
38400 0.01054472 0.01054472 
38600 0.01054472 0.01054472 
38800 0.01054472 0.01054472 
39000 0.01054472 0.01054472 
39200 0.01054472 0.01054472 
39400 0.01054472 0.01054472 
39600 0.01054472 0.01054472 
39800 0.01054472 0.01054472 
40000 0.01054472 0.01054472 
40200 0.01054472 0.01054472 
40400 0.01025845 0.01025845 
40600 0.01025845 0.01025845 
40800 0.01025845 0.01025845 
41000 0.01025845 0.01025845 
41200 0.01025845 0.01025845 
41400 0.01025845 0.01025845 
41600 0.00779609 0.00779609 
41800 0.00779609 0.00779609 
42000 0.00779609 0.00779609 
42200 0.00779609 0.00779609 
42400 0.00779609 0.00779609 
42600 0.00634895 0.00634895 
42800 0.00634895 0.00634895 
43000 0.00634895 0.00634895 
43200 0.00634895 0.00634895 
43400 0.00634895 0.00634895 
43600 0.00634895 0.00634895 
43800 0.00634895 0.00634895 
44000 0.00634895 0.00634895 
44200 0.00634895 0.00634895 
44400 0.00634895 0.00634895 
44600 0.00634895 0.00634895 
44800 0.00634895 0.00634895 
45000 0.00634895 0.00634895 
45200 0.00634895 0.00634895 
45400 0.00634895 0.00634895 
45600 0.00634895 0.00634895 
45800 0.00634895 0.00634895 
46000 0.00634895 0.00634895 
46200 0.00634895 0.00634895 
46400 0.00634895 0.00634895 
46600 0.00634895 0.00634895 
46800 0.00634895 0.00634895 
47000 0.00634895 0.00634895 
47200 0.00634895 0.00634895 
47400 0.00634895 0.00634895 
47600 0.00634895 0.00634895 
47800 0.00634895 0.00634895 
48000 0.00634895 0.00634895 
48200 0.00634895 0.00634895 
48400 0.00634895 0.00634895 
48600 0.00634895 0.00634895 
48800 0.00634895 0.00634895 
49000 0.00634895 0.00634895 
49200 0.00634895 0.00634895 
49400 0.00634895 0.00634895 
49600 0.00634895 0.00634895 
49800 0.00634895 0.00634895 
50000 0.00634895 0.00634895 
50200 0.00634895 0.00634895 
50400 0.00634895 0.00634895 
50600 0.00634895 0.00634895 
50800 0.00634895 0.00634895 
51000 0.00634895 0.00634895 
51200 0.00634895 0.00634895 
51400 0.00634895 0.00634895 
51600 0.00634895 0.00634895 
51800 0.00634895 0.00634895 
52000 0.00634895 0.00634895 
52200 0.00634895 0.00634895 
52400 0.00634895 0.00634895 
52600 0.00634895 0.00634895 
52800 0.00634895 0.00634895 
53000 0.00634895 0.00634895 
53200 0.00634895 0.00634895 
53400 0.00634895 0.00634895 
53600 0.00634895 0.00634895 
53800 0.00634895 0.00634895 
54000 0.00634895 0.00634895 
54200 0.00634895 0.00634895 
54400 0.00634895 0.00634895 
54600 0.00634895 0.00634895 
54800 0.00634895 0.00634895 
55000 0.00634895 0.00634895 
55200 0.00634895 0.00634895 
55400 0.00634895 0.00634895 
55600 0.00634895 0.00634895 
55800 0.00634895 0.00634895 
56000 0.00634895 0.00634895 
56200 0.00634895 0.00634895 
56400 0.00634895 0.00634895 
56600 0.00634895 0.00634895 
56800 0.00634895 0.00634895 
57000 0.00634895 0.00634895 
57200 0.00634895 0.00634895 
57400 0.00634895 0.00634895 
57600 0.00634895 0.00634895 
57800 0.00366038 0.00366038 
58000 0.00366038 0.00366038 
58200 0.00366038 0.00366038 
58400 0.00366038 0.00366038 
58600 0.00366038 0.00366038 
58800 0.00366038 0.00366038 
59000 0.00366038 0.00366038 
59200 0.00366038 0.00366038 
59400 0.00366038 0.00366038 
59600 0.00366038 0.00366038 
59800 0.00366038 0.00366038 
60000 0.00366038 0.00366038 
60200 0.00366038 0.00366038 
60400 0.00366038 0.00366038 
60600 0.00366038 0.00366038 
60800 0.00366038 0.00366038 
61000 0.00366038 0.00366038 
61200 0.00366038 0.00366038 
61400 0.00366038 0.00366038 
61600 0.00366038 0.00366038 
61800 0.00366038 0.00366038 
62000 0.00366038 0.00366038 
62200 0.00366038 0.00366038 
62400 0.00366038 0.00366038 
62600 0.00366038 0.00366038 
62800 0.00366038 0.00366038 
63000 0.00366038 0.00366038 
63200 0.00366038 0.00366038 
63400 0.00366038 0.00366038 
63600 0.00366038 0.00366038 
63800 0.00366038 0.00366038 
64000 0.00366038 0.00366038 
64200 0.00366038 0.00366038 
64400 0.00366038 0.00366038 
64600 0.00366038 0.00366038 
64800 0.00366038 0.00366038 
65000 0.00366038 0.00366038 
65200 0.00366038 0.00366038 
65400 0.00366038 0.00366038 
65600 0.00366038 0.00366038 
65800 0.00366038 0.00366038 
66000 0.00366038 0.00366038 
66200 0.00366038 0.00366038 
66400 0.00366038 0.00366038 
66600 0.00366038 0.00366038 
66800 0.00366038 0.00366038 
67000 0.00366038 0.00366038 
67200 0.00366038 0.00366038 
67400 0.00366038 0.00366038 
67600 0.00366038 0.00366038 
67800 0.00366038 0.00366038 
68000 0.00366038 0.00366038 
68200 0.00366038 0.00366038 
68400 0.00366038 0.00366038 
68600 0.00366038 0.00366038 
68800 0.00366038 0.00366038 
69000 0.00366038 0.00366038 
69200 0.00366038 0.00366038 
69400 0.00366038 0.00366038 
69600 0.00366038 0.00366038 
69800 0.00366038 0.00366038 
70000 0.00366038 0.00366038 
70200 0.00366038 0.00366038 
70400 0.00366038 0.00366038 
70600 0.00359272 0.00359272 
70800 0.00359272 0.00359272 
71000 0.00359272 0.00359272 
71200 0.00359272 0.00359272 
71400 0.00359272 0.00359272 
71600 0.00327800 0.00327800 
71800 0.00327800 0.00327800 
72000 0.00327800 0.00327800 
72200 0.00327800 0.00327800 
72400 0.00327800 0.00327800 
72600 0.00327800 0.00327800 
72800 0.00327800 0.00327800 
73000 0.00327800 0.00327800 
73200 0.00327800 0.00327800 
73400 0.00327800 0.00327800 
73600 0.00327800 0.00327800 
73800 0.00327800 0.00327800 
74000 0.00327800 0.00327800 
74200 0.00327800 0.00327800 
74400 0.00327800 0.00327800 
74600 0.00327800 0.00327800 
74800 0.00327800 0.00327800 
75000 0.00327800 0.00327800 
75200 0.00327800 0.00327800 
75400 0.00327800 0.00327800 
75600 0.00327800 0.00327800 
75800 0.00327800 0.00327800 
76000 0.00327800 0.00327800 
76200 0.00327800 0.00327800 
76400 0.00327800 0.00327800 
76600 0.00327800 0.00327800 
76800 0.00327800 0.00327800 
77000 0.00327800 0.00327800 
77200 0.00327800 0.00327800 
77400 0.00327800 0.00327800 
77600 0.00327800 0.00327800 
77800 0.00327800 0.00327800 
78000 0.00327800 0.00327800 
78200 0.00327800 0.00327800 
78400 0.00327800 0.00327800 
78600 0.00327800 0.00327800 
78800 0.00327800 0.00327800 
79000 0.00327800 0.00327800 
79200 0.00327800 0.00327800 
79400 0.00327800 0.00327800 
79600 0.00327800 0.00327800 
79800 0.00327800 0.00327800 
80000 0.00327800 0.00327800 
80200 0.00327800 0.00327800 
80400 0.00327800 0.00327800 
80600 0.00327800 0.00327800 
80800 0.00327800 0.00327800 
81000 0.00327800 0.00327800 
81200 0.00327800 0.00327800 
81400 0.00327800 0.00327800 
81600 0.00327800 0.00327800 
81800 0.00327800 0.00327800 
82000 0.00327800 0.00327800 
82200 0.00327800 0.00327800 
82400 0.00327800 0.00327800 
82600 0.00327800 0.00327800 
82800 0.00327800 0.00327800 
83000 0.00327800 0.00327800 
83200 0.00327800 0.00327800 
83400 0.00327800 0.00327800 
83600 0.00327800 0.00327800 
83800 0.00327800 0.00327800 
84000 0.00327800 0.00327800 
84200 0.00327800 0.00327800 
84400 0.00327800 0.00327800 
84600 0.00327800 0.00327800 
84800 0.00327800 0.00327800 
85000 0.00327800 0.00327800 
85200 0.00327800 0.00327800 
85400 0.00327800 0.00327800 
85600 0.00327800 0.00327800 
85800 0.00327800 0.00327800 
86000 0.00327800 0.00327800 
86200 0.00327800 0.00327800 
86400 0.00326135 0.00326135 
86600 0.00326135 0.00326135 
86800 0.00326135 0.00326135 
87000 0.00326135 0.00326135 
87200 0.00326135 0.00326135 
87400 0.00326135 0.00326135 
87600 0.00326135 0.00326135 
87800 0.00326135 0.00326135 
88000 0.00326135 0.00326135 
88200 0.00326135 0.00326135 
88400 0.00326135 0.00326135 
88600 0.00326135 0.00326135 
88800 0.00326135 0.00326135 
89000 0.00326135 0.00326135 
89200 0.00326135 0.00326135 
89400 0.00326135 0.00326135 
89600 0.00326135 0.00326135 
89800 0.00326135 0.00326135 
90000 0.00326135 0.00326135 
90200 0.00326135 0.00326135 
90400 0.00326135 0.00326135 
90600 0.00326135 0.00326135 
90800 0.00326135 0.00326135 
91000 0.00326135 0.00326135 
91200 0.00326135 0.00326135 
91400 0.00326135 0.00326135 
91600 0.00326135 0.00326135 
91800 0.00326135 0.00326135 
92000 0.00326135 0.00326135 
92200 0.00326135 0.00326135 
92400 0.00326135 0.00326135 
92600 0.00326135 0.00326135 
92800 0.00326135 0.00326135 
93000 0.00322679 0.00322679 
93200 0.00322679 0.00322679 
93400 0.00322679 0.00322679 
93600 0.00322679 0.00322679 
93800 0.00322679 0.00322679 
94000 0.00322679 0.00322679 
94200 0.00322679 0.00322679 
94400 0.00322679 0.00322679 
94600 0.00322679 0.00322679 
94800 0.00322679 0.00322679 
95000 0.00322679 0.00322679 
95200 0.00322679 0.00322679 
95400 0.00322679 0.00322679 
95600 0.00322679 0.00322679 
95800 0.00322679 0.00322679 
96000 0.00322679 0.00322679 
96200 0.00322679 0.00322679 
96400 0.00322679 0.00322679 
96600 0.00322679 0.00322679 
96800 0.00322679 0.00322679 
97000 0.00322679 0.00322679 
97200 0.00322679 0.00322679 
97400 0.00322679 0.00322679 
97600 0.00322679 0.00322679 
97800 0.00322679 0.00322679 
98000 0.00322679 0.00322679 
98200 0.00322679 0.00322679 
98400 0.00322679 0.00322679 
98600 0.00322679 0.00322679 
98800 0.00322679 0.00322679 
99000 0.00322679 0.00322679 
99200 0.00322679 0.00322679 
99400 0.00322679 0.00322679 
99600 0.00322679 0.00322679 
99800 0.00322679 0.00322679 
100000 0.00322679 0.00322679 
100200 0.00322679 0.00322679 
100400 0.00322679 0.00322679 
100600 0.00322679 0.00322679 
100800 0.00322679 0.00322679 
101000 0.00322679 0.00322679 
101200 0.00322679 0.00322679 
101400 0.00322679 0.00322679 
101600 0.00322679 0.00322679 
101800 0.00322679 0.00322679 
102000 0.00322679 0.00322679 
102200 0.00322679 0.00322679 
102400 0.00322679 0.00322679 
102600 0.00322679 0.00322679 
102800 0.00322679 0.00322679 
103000 0.00322679 0.00322679 
103200 0.00322679 0.00322679 
103400 0.00322679 0.00322679 
103600 0.00322679 0.00322679 
103800 0.00322679 0.00322679 
104000 0.00322679 0.00322679 
104200 0.00322679 0.00322679 
104400 0.00322679 0.00322679 
104600 0.00322679 0.00322679 
104800 0.00322679 0.00322679 
105000 0.00322679 0.00322679 
105200 0.00322679 0.00322679 
105400 0.00322679 0.00322679 
105600 0.00322679 0.00322679 
105800 0.00322679 0.00322679 
106000 0.00322679 0.00322679 
106200 0.00322679 0.00322679 
106400 0.00322679 0.00322679 
106600 0.00322679 0.00322679 
106800 0.00322679 0.00322679 
107000 0.00322679 0.00322679 
107200 0.00322679 0.00322679 
107400 0.00322679 0.00322679 
107600 0.00322679 0.00322679 
107800 0.00322679 0.00322679 
108000 0.00322679 0.00322679 
108200 0.00322679 0.00322679 
108400 0.00322679 0.00322679 
108600 0.00322679 0.00322679 
108800 0.00322679 0.00322679 
109000 0.00322679 0.00322679 
109200 0.00322679 0.00322679 
109400 0.00322679 0.00322679 
109600 0.00322679 0.00322679 
109800 0.00322679 0.00322679 
110000 0.00322679 0.00322679 
110200 0.00322679 0.00322679 
110400 0.00322679 0.00322679 
110600 0.00322679 0.00322679 
110800 0.00322679 0.00322679 
111000 0.00322679 0.00322679 
111200 0.00322679 0.00322679 
111400 0.00322679 0.00322679 
111600 0.00322679 0.00322679 
111800 0.00322679 0.00322679 
112000 0.00322679 0.00322679 
112200 0.00322679 0.00322679 
112400 0.00322679 0.00322679 
112600 0.00322679 0.00322679 
112800 0.00322679 0.00322679 
113000 0.00322679 0.00322679 
113200 0.00322679 0.00322679 
113400 0.00322679 0.00322679 
113600 0.00322679 0.00322679 
113800 0.00322679 0.00322679 
114000 0.00322679 0.00322679 
114200 0.00322679 0.00322679 
114400 0.00322679 0.00322679 
114600 0.00322679 0.00322679 
114800 0.00322679 0.00322679 
115000 0.00322679 0.00322679 
115200 0.00322679 0.00322679 
115400 0.00322679 0.00322679 
115600 0.00322679 0.00322679 
115800 0.00322679 0.00322679 
116000 0.00322679 0.00322679 
116200 0.00322679 0.00322679 
116400 0.00322679 0.00322679 
116600 0.00322679 0.00322679 
116800 0.00322679 0.00322679 
117000 0.00322679 0.00322679 
117200 0.00322679 0.00322679 
117400 0.00322679 0.00322679 
117600 0.00322679 0.00322679 
117800 0.00322679 0.00322679 
118000 0.00322679 0.00322679 
118200 0.00322679 0.00322679 
118400 0.00322679 0.00322679 
118600 0.00322679 0.00322679 
118800 0.00322679 0.00322679 
119000 0.00322679 0.00322679 
119200 0.00322679 0.00322679 
119400 0.00322679 0.00322679 
119600 0.00322679 0.00322679 
119800 0.00322679 0.00322679 
120000 0.00322679 0.00322679 
120200 0.00322679 0.00322679 
120400 0.00322679 0.00322679 
120600 0.00322679 0.00322679 
120800 0.00322679 0.00322679 
121000 0.00322679 0.00322679 
121200 0.00322679 0.00322679 
121400 0.00322679 0.00322679 
121600 0.00322679 0.00322679 
121800 0.00322679 0.00322679 
122000 0.00322679 0.00322679 
122200 0.00322679 0.00322679 
122400 0.00322679 0.00322679 
122600 0.00322679 0.00322679 
122800 0.00322679 0.00322679 
123000 0.00322679 0.00322679 
123200 0.00319922 0.00319922 
123400 0.00319922 0.00319922 
123600 0.00319922 0.00319922 
123800 0.00319922 0.00319922 
124000 0.00319922 0.00319922 
124200 0.00319922 0.00319922 
124400 0.00319922 0.00319922 
124600 0.00319922 0.00319922 
124800 0.00319922 0.00319922 
125000 0.00319922 0.00319922 
125200 0.00319922 0.00319922 
125400 0.00319922 0.00319922 
125600 0.00319922 0.00319922 
125800 0.00319922 0.00319922 
126000 0.00319922 0.00319922 
126200 0.00319922 0.00319922 
126400 0.00319922 0.00319922 
126600 0.00319922 0.00319922 
126800 0.00319922 0.00319922 
127000 0.00319922 0.00319922 
127200 0.00319922 0.00319922 
127400 0.00319922 0.00319922 
127600 0.00319922 0.00319922 
127800 0.00319922 0.00319922 
128000 0.00319922 0.00319922 
128200 0.00319922 0.00319922 
128400 0.00319922 0.00319922 
128600 0.00319922 0.00319922 
128800 0.00319922 0.00319922 
129000 0.00319922 0.00319922 
129200 0.00319922 0.00319922 
129400 0.00319922 0.00319922 
129600 0.00319922 0.00319922 
129800 0.00319922 0.00319922 
130000 0.00319922 0.00319922 
130200 0.00319922 0.00319922 
130400 0.00319922 0.00319922 
130600 0.00319922 0.00319922 
130800 0.00319922 0.00319922 
131000 0.00319922 0.00319922 
131200 0.00319922 0.00319922 
131400 0.00319922 0.00319922 
131600 0.00319922 0.00319922 
131800 0.00319922 0.00319922 
132000 0.00319922 0.00319922 
132200 0.00319922 0.00319922 
132400 0.00319922 0.00319922 
132600 0.00319922 0.00319922 
132800 0.00319922 0.00319922 
133000 0.00319922 0.00319922 
133200 0.00319922 0.00319922 
133400 0.00319922 0.00319922 
133600 0.00319922 0.00319922 
133800 0.00319922 0.00319922 
134000 0.00319922 0.00319922 
134200 0.00319922 0.00319922 
134400 0.00319922 0.00319922 
134600 0.00319922 0.00319922 
134800 0.00319922 0.00319922 
135000 0.00319922 0.00319922 
135200 0.00319922 0.00319922 
135400 0.00319922 0.00319922 
135600 0.00319922 0.00319922 
135800 0.00319922 0.00319922 
136000 0.00319922 0.00319922 
136200 0.00319922 0.00319922 
136400 0.00319922 0.00319922 
136600 0.00319922 0.00319922 
136800 0.00319922 0.00319922 
137000 0.00319922 0.00319922 
137200 0.00319922 0.00319922 
137400 0.00319922 0.00319922 
137600 0.00319922 0.00319922 
137800 0.00319922 0.00319922 
138000 0.00319922 0.00319922 
138200 0.00319922 0.00319922 
138400 0.00319922 0.00319922 
138600 0.00319922 0.00319922 
138800 0.00319922 0.00319922 
139000 0.00319922 0.00319922 
139200 0.00319922 0.00319922 
139400 0.00319922 0.00319922 
139600 0.00319922 0.00319922 
139800 0.00319922 0.00319922 
140000 0.00319922 0.00319922 
140200 0.00319922 0.00319922 
140400 0.00319922 0.00319922 
140600 0.00319922 0.00319922 
140800 0.00319922 0.00319922 
141000 0.00319922 0.00319922 
141200 0.00319922 0.00319922 
141400 0.00319922 0.00319922 
141600 0.00319922 0.00319922 
141800 0.00319922 0.00319922 
142000 0.00319922 0.00319922 
142200 0.00319922 0.00319922 
142400 0.00319922 0.00319922 
142600 0.00319922 0.00319922 
142800 0.00319922 0.00319922 
143000 0.00319922 0.00319922 
143200 0.00319922 0.00319922 
143400 0.00319922 0.00319922 
143600 0.00319922 0.00319922 
143800 0.00319922 0.00319922 
144000 0.00319922 0.00319922 
144200 0.00319922 0.00319922 
144400 0.00319922 0.00319922 
144600 0.00319922 0.00319922 
144800 0.00319922 0.00319922 
145000 0.00319922 0.00319922 
145200 0.00319922 0.00319922 
145400 0.00319922 0.00319922 
145600 0.00319922 0.00319922 
145800 0.00319922 0.00319922 
146000 0.00319922 0.00319922 
146200 0.00319922 0.00319922 
146400 0.00319922 0.00319922 
146600 0.00319922 0.00319922 
146800 0.00319922 0.00319922 
147000 0.00319922 0.00319922 
147200 0.00319922 0.00319922 
147400 0.00319922 0.00319922 
147600 0.00319922 0.00319922 
147800 0.00319922 0.00319922 
148000 0.00319922 0.00319922 
148200 0.00319922 0.00319922 
148400 0.00319922 0.00319922 
148600 0.00319922 0.00319922 
148800 0.00319922 0.00319922 
149000 0.00319922 0.00319922 
149200 0.00319922 0.00319922 
149400 0.00319922 0.00319922 
149600 0.00319922 0.00319922 
149800 0.00319922 0.00319922 
150000 0.00319922 0.00319922 
150200 0.00319922 0.00319922 
150400 0.00319922 0.00319922 
150600 0.00319922 0.00319922 
150800 0.00319922 0.00319922 
151000 0.00319922 0.00319922 
151200 0.00319922 0.00319922 
151400 0.00319922 0.00319922 
151600 0.00319922 0.00319922 
151800 0.00319922 0.00319922 
152000 0.00319922 0.00319922 
152200 0.00319922 0.00319922 
152400 0.00319922 0.00319922 
152600 0.00319922 0.00319922 
152800 0.00319922 0.00319922 
153000 0.00319922 0.00319922 
153200 0.00319922 0.00319922 
153400 0.00319922 0.00319922 
153600 0.00319922 0.00319922 
153800 0.00319922 0.00319922 
154000 0.00319922 0.00319922 
154200 0.00319922 0.00319922 
154400 0.00319922 0.00319922 
154600 0.00319922 0.00319922 
154800 0.00319922 0.00319922 
155000 0.00319922 0.00319922 
155200 0.00319922 0.00319922 
155400 0.00319922 0.00319922 
155600 0.00319922 0.00319922 
155800 0.00319922 0.00319922 
156000 0.00319922 0.00319922 
156200 0.00319922 0.00319922 
156400 0.00319922 0.00319922 
156600 0.00319922 0.00319922 
156800 0.00319922 0.00319922 
157000 0.00319922 0.00319922 
157200 0.00319922 0.00319922 
157400 0.00319922 0.00319922 
157600 0.00319922 0.00319922 
157800 0.00319922 0.00319922 
158000 0.00319922 0.00319922 
158200 0.00319922 0.00319922 
158400 0.00319922 0.00319922 
158600 0.00319922 0.00319922 
158800 0.00319922 0.00319922 
159000 0.00319922 0.00319922 
159200 0.00319922 0.00319922 
159400 0.00319922 0.00319922 
159600 0.00319922 0.00319922 
159800 0.00319922 0.00319922 
160000 0.00319922 0.00319922 
160200 0.00319922 0.00319922 
160400 0.00319922 0.00319922 
160600 0.00319922 0.00319922 
160800 0.00319922 0.00319922 
161000 0.00319922 0.00319922 
161200 0.00319922 0.00319922 
161400 0.00319922 0.00319922 
161600 0.00319922 0.00319922 
161800 0.00319922 0.00319922 
162000 0.00319922 0.00319922 
162200 0.00319922 0.00319922 
162400 0.00319922 0.00319922 
162600 0.00319922 0.00319922 
162800 0.00319922 0.00319922 
163000 0.00319922 0.00319922 
163200 0.00319922 0.00319922 
163400 0.00319922 0.00319922 
163600 0.00319922 0.00319922 
163800 0.00319922 0.00319922 
164000 0.00319922 0.00319922 
164200 0.00319922 0.00319922 
164400 0.00319922 0.00319922 
164600 0.00319922 0.00319922 
164800 0.00319922 0.00319922 
165000 0.00319922 0.00319922 
165200 0.00319922 0.00319922 
165400 0.00319922 0.00319922 
165600 0.00319922 0.00319922 
165800 0.00319922 0.00319922 
166000 0.00319922 0.00319922 
166200 0.00319922 0.00319922 
166400 0.00319922 0.00319922 
166600 0.00319922 0.00319922 
166800 0.00319922 0.00319922 
167000 0.00319922 0.00319922 
167200 0.00319922 0.00319922 
167400 0.00319922 0.00319922 
167600 0.00319922 0.00319922 
167800 0.00319922 0.00319922 
168000 0.00319922 0.00319922 
168200 0.00319922 0.00319922 
168400 0.00319922 0.00319922 
168600 0.00319922 0.00319922 
168800 0.00319922 0.00319922 
169000 0.00319922 0.00319922 
169200 0.00319922 0.00319922 
169400 0.00319922 0.00319922 
169600 0.00319922 0.00319922 
169800 0.00319922 0.00319922 
170000 0.00319922 0.00319922 
170200 0.00319922 0.00319922 
170400 0.00319922 0.00319922 
170600 0.00319922 0.00319922 
170800 0.00319922 0.00319922 
171000 0.00319922 0.00319922 
171200 0.00319922 0.00319922 
171400 0.00319922 0.00319922 
171600 0.00319922 0.00319922 
171800 0.00319922 0.00319922 
172000 0.00319922 0.00319922 
172200 0.00319922 0.00319922 
172400 0.00319922 0.00319922 
172600 0.00319922 0.00319922 
172800 0.00319922 0.00319922 
173000 0.00319922 0.00319922 
173200 0.00319922 0.00319922 
173400 0.00319922 0.00319922 
173600 0.00319922 0.00319922 
173800 0.00319922 0.00319922 
174000 0.00319922 0.00319922 
174200 0.00319922 0.00319922 
174400 0.00319922 0.00319922 
174600 0.00319922 0.00319922 
174800 0.00319922 0.00319922 
175000 0.00319922 0.00319922 
175200 0.00319922 0.00319922 
175400 0.00319922 0.00319922 
175600 0.00319922 0.00319922 
175800 0.00319922 0.00319922 
176000 0.00319922 0.00319922 
176200 0.00319922 0.00319922 
176400 0.00319922 0.00319922 
176600 0.00319922 0.00319922 
176800 0.00319922 0.00319922 
177000 0.00319922 0.00319922 
177200 0.00319922 0.00319922 
177400 0.00319922 0.00319922 
177600 0.00319922 0.00319922 
177800 0.00319922 0.00319922 
178000 0.00319922 0.00319922 
178200 0.00319922 0.00319922 
178400 0.00319922 0.00319922 
178600 0.00319922 0.00319922 
178800 0.00319922 0.00319922 
179000 0.00319922 0.00319922 
179200 0.00319922 0.00319922 
179400 0.00319922 0.00319922 
179600 0.00319922 0.00319922 
179800 0.00319922 0.00319922 
180000 0.00319922 0.00319922 
180200 0.00319922 0.00319922 
180400 0.00319922 0.00319922 
180600 0.00319922 0.00319922 
180800 0.00319922 0.00319922 
181000 0.00319922 0.00319922 
181200 0.00319922 0.00319922 
181400 0.00319922 0.00319922 
181600 0.00319922 0.00319922 
181800 0.00319922 0.00319922 
182000 0.00319922 0.00319922 
182200 0.00319922 0.00319922 
182400 0.00319922 0.00319922 
182600 0.00319922 0.00319922 
182800 0.00319922 0.00319922 
183000 0.00319922 0.00319922 
183200 0.00319922 0.00319922 
183400 0.00319922 0.00319922 
183600 0.00319922 0.00319922 
183800 0.00319922 0.00319922 
184000 0.00319922 0.00319922 
184200 0.00319922 0.00319922 
184400 0.00319922 0.00319922 
184600 0.00319922 0.00319922 
184800 0.00319922 0.00319922 
185000 0.00319922 0.00319922 
185200 0.00319922 0.00319922 
185400 0.00319922 0.00319922 
185600 0.00319922 0.00319922 
185800 0.00319922 0.00319922 
186000 0.00319922 0.00319922 
186200 0.00319922 0.00319922 
186400 0.00319922 0.00319922 
186600 0.00319922 0.00319922 
186800 0.00319922 0.00319922 
187000 0.00319922 0.00319922 
187200 0.00319922 0.00319922 
187400 0.00319922 0.00319922 
187600 0.00319922 0.00319922 
187800 0.00319922 0.00319922 
188000 0.00319922 0.00319922 
188200 0.00319922 0.00319922 
188400 0.00319922 0.00319922 
188600 0.00319922 0.00319922 
188800 0.00319922 0.00319922 
189000 0.00319922 0.00319922 
189200 0.00319922 0.00319922 
189400 0.00319922 0.00319922 
189600 0.00319922 0.00319922 
189800 0.00319922 0.00319922 
190000 0.00319922 0.00319922 
190200 0.00319922 0.00319922 
190400 0.00319922 0.00319922 
190600 0.00319922 0.00319922 
190800 0.00319922 0.00319922 
191000 0.00319922 0.00319922 
191200 0.00319922 0.00319922 
191400 0.00319922 0.00319922 
191600 0.00319922 0.00319922 
191800 0.00319922 0.00319922 
192000 0.00319922 0.00319922 
192200 0.00319922 0.00319922 
192400 0.00319922 0.00319922 
192600 0.00319922 0.00319922 
192800 0.00319922 0.00319922 
193000 0.00319922 0.00319922 
193200 0.00319922 0.00319922 
193400 0.00319922 0.00319922 
193600 0.00319922 0.00319922 
193800 0.00319922 0.00319922 
194000 0.00319922 0.00319922 
194200 0.00319922 0.00319922 
194400 0.00319922 0.00319922 
194600 0.00319922 0.00319922 
194800 0.00319922 0.00319922 
195000 0.00319922 0.00319922 
195200 0.00319922 0.00319922 
195400 0.00319922 0.00319922 
195600 0.00319922 0.00319922 
195800 0.00319922 0.00319922 
196000 0.00319922 0.00319922 
196200 0.00319922 0.00319922 
196400 0.00319922 0.00319922 
196600 0.00319922 0.00319922 
196800 0.00319922 0.00319922 
197000 0.00319922 0.00319922 
197200 0.00319922 0.00319922 
197400 0.00319922 0.00319922 
197600 0.00319922 0.00319922 
197800 0.00319922 0.00319922 
198000 0.00319922 0.00319922 
198200 0.00319922 0.00319922 
198400 0.00319922 0.00319922 
198600 0.00319922 0.00319922 
198800 0.00319922 0.00319922 
199000 0.00319922 0.00319922 
199200 0.00319922 0.00319922 
199400 0.00319922 0.00319922 
199600 0.00319922 0.00319922 
199800 0.00319922 0.00319922 
200000 0.00319922 0.00319922 
200200 0.00319922 0.00319922 
200400 0.00319922 0.00319922 
200600 0.00319922 0.00319922 
200800 0.00319922 0.00319922 
201000 0.00319922 0.00319922 
201200 0.00319922 0.00319922 
201400 0.00319922 0.00319922 
201600 0.00319922 0.00319922 
201800 0.00319922 0.00319922 
202000 0.00319922 0.00319922 
202200 0.00319922 0.00319922 
202400 0.00319922 0.00319922 
202600 0.00319922 0.00319922 
202800 0.00319922 0.00319922 
203000 0.00319922 0.00319922 
203200 0.00319922 0.00319922 
203400 0.00319922 0.00319922 
203600 0.00319922 0.00319922 
203800 0.00319922 0.00319922 
204000 0.00319922 0.00319922 
204200 0.00319922 0.00319922 
204400 0.00319922 0.00319922 
204600 0.00319922 0.00319922 
204800 0.00319922 0.00319922 
205000 0.00319922 0.00319922 
205200 0.00319922 0.00319922 
205400 0.00319922 0.00319922 
205600 0.00319922 0.00319922 
205800 0.00319922 0.00319922 
206000 0.00319922 0.00319922 
206200 0.00319922 0.00319922 
206400 0.00319922 0.00319922 
206600 0.00319922 0.00319922 
206800 0.00319922 0.00319922 
207000 0.00319922 0.00319922 
207200 0.00319922 0.00319922 
207400 0.00319922 0.00319922 
207600 0.00319922 0.00319922 
207800 0.00319922 0.00319922 
208000 0.00319922 0.00319922 
208200 0.00319922 0.00319922 
208400 0.00319922 0.00319922 
208600 0.00319922 0.00319922 
208800 0.00319922 0.00319922 
209000 0.00319922 0.00319922 
209200 0.00319922 0.00319922 
209400 0.00319922 0.00319922 
209600 0.00319922 0.00319922 
209800 0.00319922 0.00319922 
210000 0.00319922 0.00319922 
210200 0.00319922 0.00319922 
210400 0.00319922 0.00319922 
210600 0.00319922 0.00319922 
210800 0.00319922 0.00319922 
211000 0.00319922 0.00319922 
211200 0.00319922 0.00319922 
211400 0.00319922 0.00319922 
211600 0.00319922 0.00319922 
211800 0.00319922 0.00319922 
212000 0.00319922 0.00319922 
212200 0.00319922 0.00319922 
212400 0.00319922 0.00319922 
212600 0.00319922 0.00319922 
212800 0.00319922 0.00319922 
213000 0.00319922 0.00319922 
213200 0.00319922 0.00319922 
213400 0.00319922 0.00319922 
213600 0.00319922 0.00319922 
213800 0.00319922 0.00319922 
214000 0.00319922 0.00319922 
214200 0.00319922 0.00319922 
214400 0.00319922 0.00319922 
214600 0.00319922 0.00319922 
214800 0.00319922 0.00319922 
215000 0.00319922 0.00319922 
215200 0.00319922 0.00319922 
215400 0.00319922 0.00319922 
215600 0.00319922 0.00319922 
215800 0.00319922 0.00319922 
216000 0.00319922 0.00319922 
216200 0.00319922 0.00319922 
216400 0.00319922 0.00319922 
216600 0.00319922 0.00319922 
216800 0.00319922 0.00319922 
217000 0.00319922 0.00319922 
217200 0.00319922 0.00319922 
217400 0.00319922 0.00319922 
217600 0.00319922 0.00319922 
217800 0.00319922 0.00319922 
218000 0.00319922 0.00319922 
218200 0.00319922 0.00319922 
218400 0.00319922 0.00319922 
218600 0.00319922 0.00319922 
218800 0.00319922 0.00319922 
219000 0.00319922 0.00319922 
219200 0.00319922 0.00319922 
219400 0.00319922 0.00319922 
219600 0.00319922 0.00319922 
219800 0.00319922 0.00319922 
220000 0.00319922 0.00319922 
220200 0.00319922 0.00319922 
220400 0.00319922 0.00319922 
220600 0.00319922 0.00319922 
220800 0.00319922 0.00319922 
221000 0.00319922 0.00319922 
221200 0.00319922 0.00319922 
221400 0.00319922 0.00319922 
221600 0.00319922 0.00319922 
221800 0.00319922 0.00319922 
222000 0.00319922 0.00319922 
222200 0.00319922 0.00319922 
222400 0.00319922 0.00319922 
222600 0.00319922 0.00319922 
222800 0.00319922 0.00319922 
223000 0.00319922 0.00319922 
223200 0.00319922 0.00319922 
223400 0.00319922 0.00319922 
223600 0.00319922 0.00319922 
223800 0.00319922 0.00319922 
224000 0.00319922 0.00319922 
224200 0.00319922 0.00319922 
224400 0.00319922 0.00319922 
224600 0.00319922 0.00319922 
224800 0.00319922 0.00319922 
225000 0.00319922 0.00319922 
225200 0.00319922 0.00319922 
225400 0.00319922 0.00319922 
225600 0.00319922 0.00319922 
225800 0.00319922 0.00319922 
226000 0.00319922 0.00319922 
226200 0.00319922 0.00319922 
226400 0.00319922 0.00319922 
226600 0.00319922 0.00319922 
226800 0.00319922 0.00319922 
227000 0.00319922 0.00319922 
227200 0.00319922 0.00319922 
227400 0.00319922 0.00319922 
227600 0.00319922 0.00319922 
227800 0.00319922 0.00319922 
228000 0.00319922 0.00319922 
228200 0.00319922 0.00319922 
228400 0.00319922 0.00319922 
228600 0.00319922 0.00319922 
228800 0.00319922 0.00319922 
229000 0.00319922 0.00319922 
229200 0.00319922 0.00319922 
229400 0.00319922 0.00319922 
229600 0.00319922 0.00319922 
229800 0.00319922 0.00319922 
230000 0.00319922 0.00319922 
230200 0.00319922 0.00319922 
230400 0.00319922 0.00319922 
230600 0.00319922 0.00319922 
230800 0.00319922 0.00319922 
231000 0.00319922 0.00319922 
231200 0.00319922 0.00319922 
231400 0.00319922 0.00319922 
231600 0.00319922 0.00319922 
231800 0.00319922 0.00319922 
232000 0.00319922 0.00319922 
232200 0.00319922 0.00319922 
232400 0.00319922 0.00319922 
232600 0.00319922 0.00319922 
232800 0.00319922 0.00319922 
233000 0.00319922 0.00319922 
233200 0.00319922 0.00319922 
233400 0.00319922 0.00319922 
233600 0.00319922 0.00319922 
233800 0.00319922 0.00319922 
234000 0.00319922 0.00319922 
234200 0.00319922 0.00319922 
234400 0.00319922 0.00319922 
234600 0.00319922 0.00319922 
234800 0.00319922 0.00319922 
235000 0.00319922 0.00319922 
235200 0.00319922 0.00319922 
235400 0.00319922 0.00319922 
235600 0.00319922 0.00319922 
235800 0.00319922 0.00319922 
236000 0.00319922 0.00319922 
236200 0.00319922 0.00319922 
236400 0.00319922 0.00319922 
236600 0.00319922 0.00319922 
236800 0.00319922 0.00319922 
237000 0.00319922 0.00319922 
237200 0.00319922 0.00319922 
237400 0.00319922 0.00319922 
237600 0.00319922 0.00319922 
237800 0.00319922 0.00319922 
238000 0.00319922 0.00319922 
238200 0.00319922 0.00319922 
238400 0.00319922 0.00319922 
238600 0.00319922 0.00319922 
238800 0.00319922 0.00319922 
239000 0.00319922 0.00319922 
239200 0.00319922 0.00319922 
239400 0.00319922 0.00319922 
239600 0.00319922 0.00319922 
239800 0.00319922 0.00319922 
240000 0.00319922 0.00319922 
240200 0.00319922 0.00319922 
240400 0.00319922 0.00319922 
240600 0.00319922 0.00319922 
240800 0.00319922 0.00319922 
241000 0.00319922 0.00319922 
241200 0.00319922 0.00319922 
241400 0.00319922 0.00319922 
241600 0.00319922 0.00319922 
241800 0.00319922 0.00319922 
242000 0.00319922 0.00319922 
242200 0.00319922 0.00319922 
242400 0.00319922 0.00319922 
242600 0.00319922 0.00319922 
242800 0.00319922 0.00319922 
243000 0.00319922 0.00319922 
243200 0.00319922 0.00319922 
243400 0.00319922 0.00319922 
243600 0.00319922 0.00319922 
243800 0.00319922 0.00319922 
244000 0.00319922 0.00319922 
244200 0.00319922 0.00319922 
244400 0.00319922 0.00319922 
244600 0.00319922 0.00319922 
244800 0.00319922 0.00319922 
245000 0.00319922 0.00319922 
245200 0.00319922 0.00319922 
245400 0.00319922 0.00319922 
245600 0.00319922 0.00319922 
245800 0.00319922 0.00319922 
246000 0.00319922 0.00319922 
246200 0.00319922 0.00319922 
246400 0.00319922 0.00319922 
246600 0.00319922 0.00319922 
246800 0.00319922 0.00319922 
247000 0.00319922 0.00319922 
247200 0.00319922 0.00319922 
247400 0.00319922 0.00319922 
247600 0.00319922 0.00319922 
247800 0.00319922 0.00319922 
248000 0.00319922 0.00319922 
248200 0.00319922 0.00319922 
248400 0.00319922 0.00319922 
248600 0.00319922 0.00319922 
248800 0.00319922 0.00319922 
249000 0.00319922 0.00319922 
249200 0.00319922 0.00319922 
249400 0.00319922 0.00319922 
249600 0.00319922 0.00319922 
249800 0.00319922 0.00319922 
250000 0.00319922 0.00319922 
250200 0.00319922 0.00319922 
250400 0.00319922 0.00319922 
250600 0.00319922 0.00319922 
250800 0.00319922 0.00319922 
251000 0.00319922 0.00319922 
251200 0.00319922 0.00319922 
251400 0.00319922 0.00319922 
251600 0.00319922 0.00319922 
251800 0.00319922 0.00319922 
252000 0.00319922 0.00319922 
252200 0.00319922 0.00319922 
252400 0.00319922 0.00319922 
252600 0.00319922 0.00319922 
252800 0.00319922 0.00319922 
253000 0.00319922 0.00319922 
253200 0.00319922 0.00319922 
253400 0.00319922 0.00319922 
253600 0.00319922 0.00319922 
253800 0.00319922 0.00319922 
254000 0.00319922 0.00319922 
254200 0.00319922 0.00319922 
254400 0.00319922 0.00319922 
254600 0.00319922 0.00319922 
254800 0.00319922 0.00319922 
255000 0.00319922 0.00319922 
255200 0.00319922 0.00319922 
255400 0.00319922 0.00319922 
255600 0.00319922 0.00319922 
255800 0.00319922 0.00319922 
256000 0.00319922 0.00319922 
256200 0.00319922 0.00319922 
256400 0.00319922 0.00319922 
256600 0.00319922 0.00319922 
256800 0.00319922 0.00319922 
257000 0.00319922 0.00319922 
257200 0.00319922 0.00319922 
257400 0.00319922 0.00319922 
257600 0.00319922 0.00319922 
257800 0.00319922 0.00319922 
258000 0.00319922 0.00319922 
258200 0.00319922 0.00319922 
258400 0.00319922 0.00319922 
258600 0.00319922 0.00319922 
258800 0.00319922 0.00319922 
259000 0.00319922 0.00319922 
259200 0.00319922 0.00319922 
259400 0.00319922 0.00319922 
259600 0.00319922 0.00319922 
259800 0.00319922 0.00319922 
260000 0.00319922 0.00319922 
260200 0.00319922 0.00319922 
260400 0.00319922 0.00319922 
260600 0.00319922 0.00319922 
260800 0.00319922 0.00319922 
261000 0.00319922 0.00319922 
261200 0.00319922 0.00319922 
261400 0.00319922 0.00319922 
261600 0.00319922 0.00319922 
261800 0.00319922 0.00319922 
262000 0.00319922 0.00319922 
262200 0.00319922 0.00319922 
262400 0.00319922 0.00319922 
262600 0.00319922 0.00319922 
262800 0.00319922 0.00319922 
263000 0.00319922 0.00319922 
263200 0.00319922 0.00319922 
263400 0.00319922 0.00319922 
263600 0.00319922 0.00319922 
263800 0.00319922 0.00319922 
264000 0.00319922 0.00319922 
264200 0.00319922 0.00319922 
264400 0.00319922 0.00319922 
264600 0.00319922 0.00319922 
264800 0.00319922 0.00319922 
265000 0.00319922 0.00319922 
265200 0.00319922 0.00319922 
265400 0.00319922 0.00319922 
265600 0.00319922 0.00319922 
265800 0.00319922 0.00319922 
266000 0.00319922 0.00319922 
266200 0.00319922 0.00319922 
266400 0.00319922 0.00319922 
266600 0.00319922 0.00319922 
266800 0.00319922 0.00319922 
267000 0.00319922 0.00319922 
267200 0.00319922 0.00319922 
267400 0.00319922 0.00319922 
267600 0.00319922 0.00319922 
267800 0.00319922 0.00319922 
268000 0.00319922 0.00319922 
268200 0.00319922 0.00319922 
268400 0.00319922 0.00319922 
268600 0.00319922 0.00319922 
268800 0.00319922 0.00319922 
269000 0.00319922 0.00319922 
269200 0.00319922 0.00319922 
269400 0.00319922 0.00319922 
269600 0.00319922 0.00319922 
269800 0.00319922 0.00319922 
270000 0.00319922 0.00319922 
270200 0.00319922 0.00319922 
270400 0.00319922 0.00319922 
270600 0.00319922 0.00319922 
270800 0.00319922 0.00319922 
271000 0.00319922 0.00319922 
271200 0.00319922 0.00319922 
271400 0.00319922 0.00319922 
271600 0.00319922 0.00319922 
271800 0.00319922 0.00319922 
272000 0.00319922 0.00319922 
272200 0.00319922 0.00319922 
272400 0.00319922 0.00319922 
272600 0.00319922 0.00319922 
272800 0.00319922 0.00319922 
273000 0.00319922 0.00319922 
273200 0.00319922 0.00319922 
273400 0.00319922 0.00319922 
273600 0.00319922 0.00319922 
273800 0.00319922 0.00319922 
274000 0.00319922 0.00319922 
274200 0.00319922 0.00319922 
274400 0.00319922 0.00319922 
274600 0.00319922 0.00319922 
274800 0.00319922 0.00319922 
275000 0.00319922 0.00319922 
275200 0.00319922 0.00319922 
275400 0.00319922 0.00319922 
275600 0.00319922 0.00319922 
275800 0.00319922 0.00319922 
276000 0.00319922 0.00319922 
276200 0.00319922 0.00319922 
276400 0.00319922 0.00319922 
276600 0.00319922 0.00319922 
276800 0.00319922 0.00319922 
277000 0.00319922 0.00319922 
277200 0.00319922 0.00319922 
277400 0.00319922 0.00319922 
277600 0.00319922 0.00319922 
277800 0.00319922 0.00319922 
278000 0.00319922 0.00319922 
278200 0.00319922 0.00319922 
278400 0.00319922 0.00319922 
278600 0.00319922 0.00319922 
278800 0.00319922 0.00319922 
279000 0.00319922 0.00319922 
279200 0.00319922 0.00319922 
279400 0.00319922 0.00319922 
279600 0.00319922 0.00319922 
279800 0.00319922 0.00319922 
280000 0.00319922 0.00319922 
280200 0.00319922 0.00319922 
280400 0.00319922 0.00319922 
280600 0.00319922 0.00319922 
280800 0.00319922 0.00319922 
281000 0.00319922 0.00319922 
281200 0.00319922 0.00319922 
281400 0.00319922 0.00319922 
281600 0.00319922 0.00319922 
281800 0.00319922 0.00319922 
282000 0.00319922 0.00319922 
282200 0.00319922 0.00319922 
282400 0.00319922 0.00319922 
282600 0.00319922 0.00319922 
282800 0.00319922 0.00319922 
283000 0.00319922 0.00319922 
283200 0.00319922 0.00319922 
283400 0.00319922 0.00319922 
283600 0.00319922 0.00319922 
283800 0.00319922 0.00319922 
284000 0.00319922 0.00319922 
284200 0.00319922 0.00319922 
284400 0.00319922 0.00319922 
284600 0.00319922 0.00319922 
284800 0.00319922 0.00319922 
285000 0.00319922 0.00319922 
285200 0.00319922 0.00319922 
285400 0.00319922 0.00319922 
285600 0.00319922 0.00319922 
285800 0.00319922 0.00319922 
286000 0.00319922 0.00319922 
286200 0.00319922 0.00319922 
286400 0.00319922 0.00319922 
286600 0.00319922 0.00319922 
286800 0.00319922 0.00319922 
287000 0.00319922 0.00319922 
287200 0.00319922 0.00319922 
287400 0.00319922 0.00319922 
287600 0.00319922 0.00319922 
287800 0.00319922 0.00319922 
288000 0.00319922 0.00319922 
288200 0.00319922 0.00319922 
288400 0.00319922 0.00319922 
288600 0.00319922 0.00319922 
288800 0.00319922 0.00319922 
289000 0.00319922 0.00319922 
289200 0.00319922 0.00319922 
289400 0.00319922 0.00319922 
289600 0.00319922 0.00319922 
289800 0.00319922 0.00319922 
290000 0.00319922 0.00319922 
290200 0.00319922 0.00319922 
290400 0.00319922 0.00319922 
290600 0.00319922 0.00319922 
290800 0.00319922 0.00319922 
291000 0.00319922 0.00319922 
291200 0.00319922 0.00319922 
291400 0.00319922 0.00319922 
291600 0.00319922 0.00319922 
291800 0.00319922 0.00319922 
292000 0.00319922 0.00319922 
292200 0.00319922 0.00319922 
292400 0.00319922 0.00319922 
292600 0.00319922 0.00319922 
292800 0.00319922 0.00319922 
293000 0.00319922 0.00319922 
293200 0.00319922 0.00319922 
293400 0.00319922 0.00319922 
293600 0.00319922 0.00319922 
293800 0.00319922 0.00319922 
294000 0.00319922 0.00319922 
294200 0.00319922 0.00319922 
294400 0.00319922 0.00319922 
294600 0.00319922 0.00319922 
294800 0.00319922 0.00319922 
295000 0.00319922 0.00319922 
295200 0.00319922 0.00319922 
295400 0.00319922 0.00319922 
295600 0.00319922 0.00319922 
295800 0.00319922 0.00319922 
296000 0.00319922 0.00319922 
296200 0.00319922 0.00319922 
296400 0.00319922 0.00319922 
296600 0.00319922 0.00319922 
296800 0.00319922 0.00319922 
297000 0.00319922 0.00319922 
297200 0.00319922 0.00319922 
297400 0.00319922 0.00319922 
297600 0.00319922 0.00319922 
297800 0.00319922 0.00319922 
298000 0.00319922 0.00319922 
298200 0.00319922 0.00319922 
298400 0.00319922 0.00319922 
298600 0.00319922 0.00319922 
298800 0.00319922 0.00319922 
299000 0.00319922 0.00319922 
299200 0.00319922 0.00319922 
299400 0.00319922 0.00319922 
299600 0.00319922 0.00319922 
299800 0.00319922 0.00319922 
300000 0.00319922 0.00319922 
