100 0.22434920 0.22434920 
200 0.22237181 0.22237181 
300 0.22196189 0.22196189 
400 0.22196189 0.22196189 
500 0.22165316 0.22165316 
600 0.21680179 0.21680179 
700 0.21680179 0.21680179 
800 0.21680179 0.21680179 
900 0.21489935 0.21489935 
1000 0.21489935 0.21489935 
1100 0.21489935 0.21489935 
1200 0.21489935 0.21489935 
1300 0.21414825 0.21414825 
1400 0.21414825 0.21414825 
1500 0.20556795 0.20556795 
1600 0.20556795 0.20556795 
1700 0.20556795 0.20556795 
1800 0.20556795 0.20556795 
1900 0.20556795 0.20556795 
2000 0.18014709 0.18014709 
2100 0.18014709 0.18014709 
2200 0.18014709 0.18014709 
2300 0.18014709 0.18014709 
2400 0.18014709 0.18014709 
2500 0.18014709 0.18014709 
2600 0.18014709 0.18014709 
2700 0.18014709 0.18014709 
2800 0.18014709 0.18014709 
2900 0.18014709 0.18014709 
3000 0.18014709 0.18014709 
3100 0.18014709 0.18014709 
3200 0.17365280 0.17365280 
3300 0.16200661 0.16200661 
3400 0.16200661 0.16200661 
3500 0.16200661 0.16200661 
3600 0.16200661 0.16200661 
3700 0.15524619 0.15524619 
3800 0.15524619 0.15524619 
3900 0.15524619 0.15524619 
4000 0.15473083 0.15473083 
4100 0.15273576 0.15273576 
4200 0.15273576 0.15273576 
4300 0.14791248 0.14791248 
4400 0.14718956 0.14718956 
4500 0.14718956 0.14718956 
4600 0.14718956 0.14718956 
4700 0.14718956 0.14718956 
4800 0.14718956 0.14718956 
4900 0.14551171 0.14551171 
5000 0.14551171 0.14551171 
5100 0.14551171 0.14551171 
5200 0.14394951 0.14394951 
5300 0.14394951 0.14394951 
5400 0.14394951 0.14394951 
5500 0.14394951 0.14394951 
5600 0.14394951 0.14394951 
5700 0.14394951 0.14394951 
5800 0.14394951 0.14394951 
5900 0.14394951 0.14394951 
6000 0.14394951 0.14394951 
6100 0.14394951 0.14394951 
6200 0.14394951 0.14394951 
6300 0.14394951 0.14394951 
6400 0.14394951 0.14394951 
6500 0.14394951 0.14394951 
6600 0.14394951 0.14394951 
6700 0.14394951 0.14394951 
6800 0.14394951 0.14394951 
6900 0.14394951 0.14394951 
7000 0.14394951 0.14394951 
7100 0.09782206 0.09782206 
7200 0.09739783 0.09739783 
7300 0.09739783 0.09739783 
7400 0.09739783 0.09739783 
7500 0.09739783 0.09739783 
7600 0.09739783 0.09739783 
7700 0.09739783 0.09739783 
7800 0.09739783 0.09739783 
7900 0.09739783 0.09739783 
8000 0.09739783 0.09739783 
8100 0.09739783 0.09739783 
8200 0.09739783 0.09739783 
8300 0.09739783 0.09739783 
8400 0.09590811 0.09590811 
8500 0.09590811 0.09590811 
8600 0.09074952 0.09074952 
8700 0.09074952 0.09074952 
8800 0.08475995 0.08475995 
8900 0.08475995 0.08475995 
9000 0.08238558 0.08238558 
9100 0.08238558 0.08238558 
9200 0.08238558 0.08238558 
9300 0.08238558 0.08238558 
9400 0.08238558 0.08238558 
9500 0.08238558 0.08238558 
9600 0.08238558 0.08238558 
9700 0.08238558 0.08238558 
9800 0.08238558 0.08238558 
9900 0.08238558 0.08238558 
10000 0.08058118 0.08058118 
10100 0.06824600 0.06824600 
10200 0.06824600 0.06824600 
10300 0.06824600 0.06824600 
10400 0.06824600 0.06824600 
10500 0.06824600 0.06824600 
10600 0.06824600 0.06824600 
10700 0.06824600 0.06824600 
10800 0.06824600 0.06824600 
10900 0.06614909 0.06614909 
11000 0.06614909 0.06614909 
11100 0.06614909 0.06614909 
11200 0.06614909 0.06614909 
11300 0.05430649 0.05430649 
11400 0.05430649 0.05430649 
11500 0.05430649 0.05430649 
11600 0.05430649 0.05430649 
11700 0.05430649 0.05430649 
11800 0.05430649 0.05430649 
11900 0.05430649 0.05430649 
12000 0.05430649 0.05430649 
12100 0.05430649 0.05430649 
12200 0.05430649 0.05430649 
12300 0.05430649 0.05430649 
12400 0.05430649 0.05430649 
12500 0.05430649 0.05430649 
12600 0.04909117 0.04909117 
12700 0.04909117 0.04909117 
12800 0.04909117 0.04909117 
12900 0.04909117 0.04909117 
13000 0.04909117 0.04909117 
13100 0.04909117 0.04909117 
13200 0.04909117 0.04909117 
13300 0.04909117 0.04909117 
13400 0.04909117 0.04909117 
13500 0.04909117 0.04909117 
13600 0.04909117 0.04909117 
13700 0.04909117 0.04909117 
13800 0.04909117 0.04909117 
13900 0.04909117 0.04909117 
14000 0.04909117 0.04909117 
14100 0.04909117 0.04909117 
14200 0.04909117 0.04909117 
14300 0.04909117 0.04909117 
14400 0.04909117 0.04909117 
14500 0.04908446 0.04908446 
14600 0.04908446 0.04908446 
14700 0.04908446 0.04908446 
14800 0.04908446 0.04908446 
14900 0.04908446 0.04908446 
15000 0.04908446 0.04908446 
15100 0.04908446 0.04908446 
15200 0.04908446 0.04908446 
15300 0.04908446 0.04908446 
15400 0.02678706 0.02678706 
15500 0.02678706 0.02678706 
15600 0.02678706 0.02678706 
15700 0.02678706 0.02678706 
15800 0.02678706 0.02678706 
15900 0.02678706 0.02678706 
16000 0.01601426 0.01601426 
16100 0.01601426 0.01601426 
16200 0.01601426 0.01601426 
16300 0.01601426 0.01601426 
16400 0.01601426 0.01601426 
16500 0.01601426 0.01601426 
16600 0.01601426 0.01601426 
16700 0.01601426 0.01601426 
16800 0.01601426 0.01601426 
16900 0.01601426 0.01601426 
17000 0.01601426 0.01601426 
17100 0.01601426 0.01601426 
17200 0.01601426 0.01601426 
17300 0.01601426 0.01601426 
17400 0.01601426 0.01601426 
17500 0.01601426 0.01601426 
17600 0.01601426 0.01601426 
17700 0.01601426 0.01601426 
17800 0.01601426 0.01601426 
17900 0.01601426 0.01601426 
18000 0.01601426 0.01601426 
18100 0.01601426 0.01601426 
18200 0.01601426 0.01601426 
18300 0.01250382 0.01250382 
18400 0.01250382 0.01250382 
18500 0.01250382 0.01250382 
18600 0.01250382 0.01250382 
18700 0.01250382 0.01250382 
18800 0.01250382 0.01250382 
18900 0.01250382 0.01250382 
19000 0.00698377 0.00698377 
19100 0.00698377 0.00698377 
19200 0.00698377 0.00698377 
19300 0.00698377 0.00698377 
19400 0.00698377 0.00698377 
19500 0.00698377 0.00698377 
19600 0.00698377 0.00698377 
19700 0.00698377 0.00698377 
19800 0.00698377 0.00698377 
19900 0.00698377 0.00698377 
20000 0.00670359 0.00670359 
20100 0.00670359 0.00670359 
20200 0.00670359 0.00670359 
20300 0.00670359 0.00670359 
20400 0.00670359 0.00670359 
20500 0.00670359 0.00670359 
20600 0.00670359 0.00670359 
20700 0.00670359 0.00670359 
20800 0.00670359 0.00670359 
20900 0.00459633 0.00459633 
21000 0.00459633 0.00459633 
21100 0.00456119 0.00456119 
21200 0.00456119 0.00456119 
21300 0.00456119 0.00456119 
21400 0.00456119 0.00456119 
21500 0.00456119 0.00456119 
21600 0.00456119 0.00456119 
21700 0.00456119 0.00456119 
21800 0.00456119 0.00456119 
21900 0.00456119 0.00456119 
22000 0.00456119 0.00456119 
22100 0.00456119 0.00456119 
22200 0.00456119 0.00456119 
22300 0.00456119 0.00456119 
22400 0.00456119 0.00456119 
22500 0.00456119 0.00456119 
22600 0.00456119 0.00456119 
22700 0.00456119 0.00456119 
22800 0.00456119 0.00456119 
22900 0.00456119 0.00456119 
23000 0.00456119 0.00456119 
23100 0.00456119 0.00456119 
23200 0.00456119 0.00456119 
23300 0.00456119 0.00456119 
23400 0.00456119 0.00456119 
23500 0.00456119 0.00456119 
23600 0.00456119 0.00456119 
23700 0.00456119 0.00456119 
23800 0.00456119 0.00456119 
23900 0.00456119 0.00456119 
24000 0.00456119 0.00456119 
24100 0.00456119 0.00456119 
24200 0.00456119 0.00456119 
24300 0.00456119 0.00456119 
24400 0.00456119 0.00456119 
24500 0.00456119 0.00456119 
24600 0.00456119 0.00456119 
24700 0.00456119 0.00456119 
24800 0.00456119 0.00456119 
24900 0.00456119 0.00456119 
25000 0.00456119 0.00456119 
25100 0.00456119 0.00456119 
25200 0.00456119 0.00456119 
25300 0.00456119 0.00456119 
25400 0.00456119 0.00456119 
25500 0.00456119 0.00456119 
25600 0.00456119 0.00456119 
25700 0.00456119 0.00456119 
25800 0.00456119 0.00456119 
25900 0.00456119 0.00456119 
26000 0.00456119 0.00456119 
26100 0.00456119 0.00456119 
26200 0.00456119 0.00456119 
26300 0.00456119 0.00456119 
26400 0.00456119 0.00456119 
26500 0.00456119 0.00456119 
26600 0.00456119 0.00456119 
26700 0.00456119 0.00456119 
26800 0.00456119 0.00456119 
26900 0.00456119 0.00456119 
27000 0.00456119 0.00456119 
27100 0.00456119 0.00456119 
27200 0.00456119 0.00456119 
27300 0.00456119 0.00456119 
27400 0.00456119 0.00456119 
27500 0.00456119 0.00456119 
27600 0.00456119 0.00456119 
27700 0.00456119 0.00456119 
27800 0.00456119 0.00456119 
27900 0.00456119 0.00456119 
28000 0.00456119 0.00456119 
28100 0.00456119 0.00456119 
28200 0.00456119 0.00456119 
28300 0.00456119 0.00456119 
28400 0.00456119 0.00456119 
28500 0.00456119 0.00456119 
28600 0.00456119 0.00456119 
28700 0.00456119 0.00456119 
28800 0.00456119 0.00456119 
28900 0.00456119 0.00456119 
29000 0.00456119 0.00456119 
29100 0.00456119 0.00456119 
29200 0.00456119 0.00456119 
29300 0.00456119 0.00456119 
29400 0.00456119 0.00456119 
29500 0.00456119 0.00456119 
29600 0.00447918 0.00447918 
29700 0.00447918 0.00447918 
29800 0.00447918 0.00447918 
29900 0.00447918 0.00447918 
30000 0.00447918 0.00447918 
30100 0.00447918 0.00447918 
30200 0.00447918 0.00447918 
30300 0.00447918 0.00447918 
30400 0.00447918 0.00447918 
30500 0.00447918 0.00447918 
30600 0.00447918 0.00447918 
30700 0.00447918 0.00447918 
30800 0.00447918 0.00447918 
30900 0.00447918 0.00447918 
31000 0.00447918 0.00447918 
31100 0.00447918 0.00447918 
31200 0.00447918 0.00447918 
31300 0.00447918 0.00447918 
31400 0.00447918 0.00447918 
31500 0.00447918 0.00447918 
31600 0.00447918 0.00447918 
31700 0.00447918 0.00447918 
31800 0.00447918 0.00447918 
31900 0.00447918 0.00447918 
32000 0.00447918 0.00447918 
32100 0.00447918 0.00447918 
32200 0.00447918 0.00447918 
32300 0.00447918 0.00447918 
32400 0.00447918 0.00447918 
32500 0.00447918 0.00447918 
32600 0.00447918 0.00447918 
32700 0.00447918 0.00447918 
32800 0.00447918 0.00447918 
32900 0.00447918 0.00447918 
33000 0.00447918 0.00447918 
33100 0.00447918 0.00447918 
33200 0.00447918 0.00447918 
33300 0.00447918 0.00447918 
33400 0.00447918 0.00447918 
33500 0.00447918 0.00447918 
33600 0.00447918 0.00447918 
33700 0.00447918 0.00447918 
33800 0.00447918 0.00447918 
33900 0.00447918 0.00447918 
34000 0.00447918 0.00447918 
34100 0.00447918 0.00447918 
34200 0.00447918 0.00447918 
34300 0.00447918 0.00447918 
34400 0.00447918 0.00447918 
34500 0.00447918 0.00447918 
34600 0.00447918 0.00447918 
34700 0.00447918 0.00447918 
34800 0.00447918 0.00447918 
34900 0.00447918 0.00447918 
35000 0.00447918 0.00447918 
35100 0.00447918 0.00447918 
35200 0.00447918 0.00447918 
35300 0.00447918 0.00447918 
35400 0.00447918 0.00447918 
35500 0.00447918 0.00447918 
35600 0.00447918 0.00447918 
35700 0.00447918 0.00447918 
35800 0.00447918 0.00447918 
35900 0.00447918 0.00447918 
36000 0.00447918 0.00447918 
36100 0.00447918 0.00447918 
36200 0.00447918 0.00447918 
36300 0.00447918 0.00447918 
36400 0.00447918 0.00447918 
36500 0.00447918 0.00447918 
36600 0.00447918 0.00447918 
36700 0.00447918 0.00447918 
36800 0.00447918 0.00447918 
36900 0.00447918 0.00447918 
37000 0.00447918 0.00447918 
37100 0.00447918 0.00447918 
37200 0.00447918 0.00447918 
37300 0.00447918 0.00447918 
37400 0.00447918 0.00447918 
37500 0.00447918 0.00447918 
37600 0.00447918 0.00447918 
37700 0.00447918 0.00447918 
37800 0.00447918 0.00447918 
37900 0.00447918 0.00447918 
38000 0.00447918 0.00447918 
38100 0.00447918 0.00447918 
38200 0.00447918 0.00447918 
38300 0.00447918 0.00447918 
38400 0.00447918 0.00447918 
38500 0.00447918 0.00447918 
38600 0.00447918 0.00447918 
38700 0.00447918 0.00447918 
38800 0.00447918 0.00447918 
38900 0.00447918 0.00447918 
39000 0.00447918 0.00447918 
39100 0.00447918 0.00447918 
39200 0.00447918 0.00447918 
39300 0.00447918 0.00447918 
39400 0.00447918 0.00447918 
39500 0.00447918 0.00447918 
39600 0.00447918 0.00447918 
39700 0.00447918 0.00447918 
39800 0.00447918 0.00447918 
39900 0.00447918 0.00447918 
40000 0.00447918 0.00447918 
40100 0.00447918 0.00447918 
40200 0.00447918 0.00447918 
40300 0.00447918 0.00447918 
40400 0.00447918 0.00447918 
40500 0.00447918 0.00447918 
40600 0.00447918 0.00447918 
40700 0.00447918 0.00447918 
40800 0.00447918 0.00447918 
40900 0.00447918 0.00447918 
41000 0.00447918 0.00447918 
41100 0.00447918 0.00447918 
41200 0.00447918 0.00447918 
41300 0.00447918 0.00447918 
41400 0.00447918 0.00447918 
41500 0.00447918 0.00447918 
41600 0.00447918 0.00447918 
41700 0.00447918 0.00447918 
41800 0.00447918 0.00447918 
41900 0.00447918 0.00447918 
42000 0.00447918 0.00447918 
42100 0.00447918 0.00447918 
42200 0.00447918 0.00447918 
42300 0.00447918 0.00447918 
42400 0.00447918 0.00447918 
42500 0.00447918 0.00447918 
42600 0.00447918 0.00447918 
42700 0.00433081 0.00433081 
42800 0.00433081 0.00433081 
42900 0.00433081 0.00433081 
43000 0.00433081 0.00433081 
43100 0.00433081 0.00433081 
43200 0.00433081 0.00433081 
43300 0.00433081 0.00433081 
43400 0.00433081 0.00433081 
43500 0.00433081 0.00433081 
43600 0.00433081 0.00433081 
43700 0.00433081 0.00433081 
43800 0.00433081 0.00433081 
43900 0.00433081 0.00433081 
44000 0.00433081 0.00433081 
44100 0.00433081 0.00433081 
44200 0.00433081 0.00433081 
44300 0.00433081 0.00433081 
44400 0.00433081 0.00433081 
44500 0.00433081 0.00433081 
44600 0.00433081 0.00433081 
44700 0.00433081 0.00433081 
44800 0.00433081 0.00433081 
44900 0.00433081 0.00433081 
45000 0.00433081 0.00433081 
45100 0.00433081 0.00433081 
45200 0.00433081 0.00433081 
45300 0.00433081 0.00433081 
45400 0.00433081 0.00433081 
45500 0.00433081 0.00433081 
45600 0.00433081 0.00433081 
45700 0.00433081 0.00433081 
45800 0.00433081 0.00433081 
45900 0.00433081 0.00433081 
46000 0.00433081 0.00433081 
46100 0.00433081 0.00433081 
46200 0.00433081 0.00433081 
46300 0.00433081 0.00433081 
46400 0.00433081 0.00433081 
46500 0.00433081 0.00433081 
46600 0.00433081 0.00433081 
46700 0.00433081 0.00433081 
46800 0.00433081 0.00433081 
46900 0.00433081 0.00433081 
47000 0.00433081 0.00433081 
47100 0.00433081 0.00433081 
47200 0.00433081 0.00433081 
47300 0.00433081 0.00433081 
47400 0.00433081 0.00433081 
47500 0.00433081 0.00433081 
47600 0.00433081 0.00433081 
47700 0.00433081 0.00433081 
47800 0.00433081 0.00433081 
47900 0.00433081 0.00433081 
48000 0.00433081 0.00433081 
48100 0.00433081 0.00433081 
48200 0.00433081 0.00433081 
48300 0.00433081 0.00433081 
48400 0.00433081 0.00433081 
48500 0.00433081 0.00433081 
48600 0.00433081 0.00433081 
48700 0.00433081 0.00433081 
48800 0.00433081 0.00433081 
48900 0.00433081 0.00433081 
49000 0.00433081 0.00433081 
49100 0.00433081 0.00433081 
49200 0.00433081 0.00433081 
49300 0.00433081 0.00433081 
49400 0.00433081 0.00433081 
49500 0.00433081 0.00433081 
49600 0.00433081 0.00433081 
49700 0.00433081 0.00433081 
49800 0.00433081 0.00433081 
49900 0.00433081 0.00433081 
50000 0.00433081 0.00433081 
50100 0.00433081 0.00433081 
50200 0.00433081 0.00433081 
50300 0.00433081 0.00433081 
50400 0.00347167 0.00347167 
50500 0.00347167 0.00347167 
50600 0.00347167 0.00347167 
50700 0.00347167 0.00347167 
50800 0.00336132 0.00336132 
50900 0.00336132 0.00336132 
51000 0.00336132 0.00336132 
51100 0.00336132 0.00336132 
51200 0.00336132 0.00336132 
51300 0.00336132 0.00336132 
51400 0.00336132 0.00336132 
51500 0.00336132 0.00336132 
51600 0.00336132 0.00336132 
51700 0.00336132 0.00336132 
51800 0.00336132 0.00336132 
51900 0.00336132 0.00336132 
52000 0.00336132 0.00336132 
52100 0.00336132 0.00336132 
52200 0.00336132 0.00336132 
52300 0.00336132 0.00336132 
52400 0.00327800 0.00327800 
52500 0.00327800 0.00327800 
52600 0.00320110 0.00320110 
52700 0.00320110 0.00320110 
52800 0.00320110 0.00320110 
52900 0.00320110 0.00320110 
53000 0.00320110 0.00320110 
53100 0.00319904 0.00319904 
53200 0.00319904 0.00319904 
53300 0.00319904 0.00319904 
53400 0.00319904 0.00319904 
53500 0.00319904 0.00319904 
53600 0.00319904 0.00319904 
53700 0.00319904 0.00319904 
53800 0.00319904 0.00319904 
53900 0.00319904 0.00319904 
54000 0.00319904 0.00319904 
54100 0.00319904 0.00319904 
54200 0.00319904 0.00319904 
54300 0.00319904 0.00319904 
54400 0.00319904 0.00319904 
54500 0.00319904 0.00319904 
54600 0.00319904 0.00319904 
54700 0.00319904 0.00319904 
54800 0.00319904 0.00319904 
54900 0.00319904 0.00319904 
55000 0.00319904 0.00319904 
55100 0.00319904 0.00319904 
55200 0.00319904 0.00319904 
55300 0.00319904 0.00319904 
55400 0.00319904 0.00319904 
55500 0.00319904 0.00319904 
55600 0.00319904 0.00319904 
55700 0.00319904 0.00319904 
55800 0.00319904 0.00319904 
55900 0.00319904 0.00319904 
56000 0.00319904 0.00319904 
56100 0.00319904 0.00319904 
56200 0.00319904 0.00319904 
56300 0.00319904 0.00319904 
56400 0.00319904 0.00319904 
56500 0.00319904 0.00319904 
56600 0.00319904 0.00319904 
56700 0.00319904 0.00319904 
56800 0.00319904 0.00319904 
56900 0.00319904 0.00319904 
57000 0.00319904 0.00319904 
57100 0.00319904 0.00319904 
57200 0.00319904 0.00319904 
57300 0.00319904 0.00319904 
57400 0.00319904 0.00319904 
57500 0.00319904 0.00319904 
57600 0.00319904 0.00319904 
57700 0.00319904 0.00319904 
57800 0.00319904 0.00319904 
57900 0.00319904 0.00319904 
58000 0.00319904 0.00319904 
58100 0.00319904 0.00319904 
58200 0.00319904 0.00319904 
58300 0.00319904 0.00319904 
58400 0.00319904 0.00319904 
58500 0.00319904 0.00319904 
58600 0.00319904 0.00319904 
58700 0.00319904 0.00319904 
58800 0.00319904 0.00319904 
58900 0.00319904 0.00319904 
59000 0.00319904 0.00319904 
59100 0.00319904 0.00319904 
59200 0.00319904 0.00319904 
59300 0.00319904 0.00319904 
59400 0.00319904 0.00319904 
59500 0.00319904 0.00319904 
59600 0.00319904 0.00319904 
59700 0.00319904 0.00319904 
59800 0.00319904 0.00319904 
59900 0.00319904 0.00319904 
60000 0.00319904 0.00319904 
60100 0.00319904 0.00319904 
60200 0.00319904 0.00319904 
60300 0.00319904 0.00319904 
60400 0.00319904 0.00319904 
60500 0.00319904 0.00319904 
60600 0.00319904 0.00319904 
60700 0.00319904 0.00319904 
60800 0.00319904 0.00319904 
60900 0.00319904 0.00319904 
61000 0.00319904 0.00319904 
61100 0.00319904 0.00319904 
61200 0.00319904 0.00319904 
61300 0.00319904 0.00319904 
61400 0.00319904 0.00319904 
61500 0.00319904 0.00319904 
61600 0.00319904 0.00319904 
61700 0.00319904 0.00319904 
61800 0.00319904 0.00319904 
61900 0.00319904 0.00319904 
62000 0.00319904 0.00319904 
62100 0.00319904 0.00319904 
62200 0.00319904 0.00319904 
62300 0.00319904 0.00319904 
62400 0.00319904 0.00319904 
62500 0.00319904 0.00319904 
62600 0.00319904 0.00319904 
62700 0.00319904 0.00319904 
62800 0.00319904 0.00319904 
62900 0.00319904 0.00319904 
63000 0.00319904 0.00319904 
63100 0.00319904 0.00319904 
63200 0.00319904 0.00319904 
63300 0.00319904 0.00319904 
63400 0.00319904 0.00319904 
63500 0.00319904 0.00319904 
63600 0.00319904 0.00319904 
63700 0.00319904 0.00319904 
63800 0.00319904 0.00319904 
63900 0.00319904 0.00319904 
64000 0.00319904 0.00319904 
64100 0.00319904 0.00319904 
64200 0.00319904 0.00319904 
64300 0.00319904 0.00319904 
64400 0.00319904 0.00319904 
64500 0.00319904 0.00319904 
64600 0.00319904 0.00319904 
64700 0.00319904 0.00319904 
64800 0.00319904 0.00319904 
64900 0.00319904 0.00319904 
65000 0.00319904 0.00319904 
65100 0.00319904 0.00319904 
65200 0.00319904 0.00319904 
65300 0.00319904 0.00319904 
65400 0.00319904 0.00319904 
65500 0.00319904 0.00319904 
65600 0.00319904 0.00319904 
65700 0.00319904 0.00319904 
65800 0.00319904 0.00319904 
65900 0.00319904 0.00319904 
66000 0.00319904 0.00319904 
66100 0.00319904 0.00319904 
66200 0.00319904 0.00319904 
66300 0.00319904 0.00319904 
66400 0.00319904 0.00319904 
66500 0.00319904 0.00319904 
66600 0.00319904 0.00319904 
66700 0.00319904 0.00319904 
66800 0.00319904 0.00319904 
66900 0.00319904 0.00319904 
67000 0.00319904 0.00319904 
67100 0.00319904 0.00319904 
67200 0.00319904 0.00319904 
67300 0.00319904 0.00319904 
67400 0.00319904 0.00319904 
67500 0.00319904 0.00319904 
67600 0.00319904 0.00319904 
67700 0.00319904 0.00319904 
67800 0.00319904 0.00319904 
67900 0.00319904 0.00319904 
68000 0.00319904 0.00319904 
68100 0.00319904 0.00319904 
68200 0.00319904 0.00319904 
68300 0.00319904 0.00319904 
68400 0.00319904 0.00319904 
68500 0.00319904 0.00319904 
68600 0.00319904 0.00319904 
68700 0.00319904 0.00319904 
68800 0.00319904 0.00319904 
68900 0.00319904 0.00319904 
69000 0.00319904 0.00319904 
69100 0.00319904 0.00319904 
69200 0.00319904 0.00319904 
69300 0.00319904 0.00319904 
69400 0.00319904 0.00319904 
69500 0.00319904 0.00319904 
69600 0.00319904 0.00319904 
69700 0.00319904 0.00319904 
69800 0.00319904 0.00319904 
69900 0.00319904 0.00319904 
70000 0.00319904 0.00319904 
70100 0.00319904 0.00319904 
70200 0.00319904 0.00319904 
70300 0.00319904 0.00319904 
70400 0.00319904 0.00319904 
70500 0.00319904 0.00319904 
70600 0.00319904 0.00319904 
70700 0.00319904 0.00319904 
70800 0.00319904 0.00319904 
70900 0.00319904 0.00319904 
71000 0.00319904 0.00319904 
71100 0.00319904 0.00319904 
71200 0.00319904 0.00319904 
71300 0.00319904 0.00319904 
71400 0.00319904 0.00319904 
71500 0.00319904 0.00319904 
71600 0.00319904 0.00319904 
71700 0.00319904 0.00319904 
71800 0.00319904 0.00319904 
71900 0.00319904 0.00319904 
72000 0.00319904 0.00319904 
72100 0.00319904 0.00319904 
72200 0.00319904 0.00319904 
72300 0.00319904 0.00319904 
72400 0.00319904 0.00319904 
72500 0.00319904 0.00319904 
72600 0.00319904 0.00319904 
72700 0.00319904 0.00319904 
72800 0.00319904 0.00319904 
72900 0.00319904 0.00319904 
73000 0.00319904 0.00319904 
73100 0.00319904 0.00319904 
73200 0.00319904 0.00319904 
73300 0.00319904 0.00319904 
73400 0.00319904 0.00319904 
73500 0.00319904 0.00319904 
73600 0.00319904 0.00319904 
73700 0.00319904 0.00319904 
73800 0.00319904 0.00319904 
73900 0.00319904 0.00319904 
74000 0.00319904 0.00319904 
74100 0.00319904 0.00319904 
74200 0.00319904 0.00319904 
74300 0.00319904 0.00319904 
74400 0.00319904 0.00319904 
74500 0.00319904 0.00319904 
74600 0.00319904 0.00319904 
74700 0.00319904 0.00319904 
74800 0.00319904 0.00319904 
74900 0.00319904 0.00319904 
75000 0.00319904 0.00319904 
75100 0.00319904 0.00319904 
75200 0.00319904 0.00319904 
75300 0.00319904 0.00319904 
75400 0.00319904 0.00319904 
75500 0.00319904 0.00319904 
75600 0.00319904 0.00319904 
75700 0.00319904 0.00319904 
75800 0.00319904 0.00319904 
75900 0.00319904 0.00319904 
76000 0.00319904 0.00319904 
76100 0.00319904 0.00319904 
76200 0.00319904 0.00319904 
76300 0.00319904 0.00319904 
76400 0.00319904 0.00319904 
76500 0.00319904 0.00319904 
76600 0.00319904 0.00319904 
76700 0.00319904 0.00319904 
76800 0.00319904 0.00319904 
76900 0.00319904 0.00319904 
77000 0.00319904 0.00319904 
77100 0.00319904 0.00319904 
77200 0.00319904 0.00319904 
77300 0.00319904 0.00319904 
77400 0.00319904 0.00319904 
77500 0.00319904 0.00319904 
77600 0.00319904 0.00319904 
77700 0.00319904 0.00319904 
77800 0.00319904 0.00319904 
77900 0.00319904 0.00319904 
78000 0.00319904 0.00319904 
78100 0.00319904 0.00319904 
78200 0.00319904 0.00319904 
78300 0.00319904 0.00319904 
78400 0.00319904 0.00319904 
78500 0.00319904 0.00319904 
78600 0.00319904 0.00319904 
78700 0.00319904 0.00319904 
78800 0.00319904 0.00319904 
78900 0.00319904 0.00319904 
79000 0.00319904 0.00319904 
79100 0.00319904 0.00319904 
79200 0.00319904 0.00319904 
79300 0.00319904 0.00319904 
79400 0.00319904 0.00319904 
79500 0.00319904 0.00319904 
79600 0.00319904 0.00319904 
79700 0.00319904 0.00319904 
79800 0.00319904 0.00319904 
79900 0.00319904 0.00319904 
80000 0.00319904 0.00319904 
80100 0.00319904 0.00319904 
80200 0.00319904 0.00319904 
80300 0.00319904 0.00319904 
80400 0.00319904 0.00319904 
80500 0.00319904 0.00319904 
80600 0.00319904 0.00319904 
80700 0.00319904 0.00319904 
80800 0.00319904 0.00319904 
80900 0.00319904 0.00319904 
81000 0.00319904 0.00319904 
81100 0.00319904 0.00319904 
81200 0.00319904 0.00319904 
81300 0.00319904 0.00319904 
81400 0.00319904 0.00319904 
81500 0.00319904 0.00319904 
81600 0.00319904 0.00319904 
81700 0.00319904 0.00319904 
81800 0.00319904 0.00319904 
81900 0.00319904 0.00319904 
82000 0.00319904 0.00319904 
82100 0.00319904 0.00319904 
82200 0.00319904 0.00319904 
82300 0.00319904 0.00319904 
82400 0.00319904 0.00319904 
82500 0.00319904 0.00319904 
82600 0.00319904 0.00319904 
82700 0.00319904 0.00319904 
82800 0.00319904 0.00319904 
82900 0.00319904 0.00319904 
83000 0.00319904 0.00319904 
83100 0.00319904 0.00319904 
83200 0.00319904 0.00319904 
83300 0.00319904 0.00319904 
83400 0.00319904 0.00319904 
83500 0.00319904 0.00319904 
83600 0.00319904 0.00319904 
83700 0.00319904 0.00319904 
83800 0.00319904 0.00319904 
83900 0.00319904 0.00319904 
84000 0.00319904 0.00319904 
84100 0.00319904 0.00319904 
84200 0.00319904 0.00319904 
84300 0.00319904 0.00319904 
84400 0.00319904 0.00319904 
84500 0.00319904 0.00319904 
84600 0.00319904 0.00319904 
84700 0.00319904 0.00319904 
84800 0.00319904 0.00319904 
84900 0.00319904 0.00319904 
85000 0.00319904 0.00319904 
85100 0.00319904 0.00319904 
85200 0.00319904 0.00319904 
85300 0.00319904 0.00319904 
85400 0.00319904 0.00319904 
85500 0.00319904 0.00319904 
85600 0.00319904 0.00319904 
85700 0.00319904 0.00319904 
85800 0.00319904 0.00319904 
85900 0.00319904 0.00319904 
86000 0.00319904 0.00319904 
86100 0.00319904 0.00319904 
86200 0.00319904 0.00319904 
86300 0.00319904 0.00319904 
86400 0.00319904 0.00319904 
86500 0.00319904 0.00319904 
86600 0.00319904 0.00319904 
86700 0.00319904 0.00319904 
86800 0.00319904 0.00319904 
86900 0.00319904 0.00319904 
87000 0.00319904 0.00319904 
87100 0.00319904 0.00319904 
87200 0.00319904 0.00319904 
87300 0.00319904 0.00319904 
87400 0.00319904 0.00319904 
87500 0.00319904 0.00319904 
87600 0.00319904 0.00319904 
87700 0.00319904 0.00319904 
87800 0.00319904 0.00319904 
87900 0.00319904 0.00319904 
88000 0.00319904 0.00319904 
88100 0.00319904 0.00319904 
88200 0.00319904 0.00319904 
88300 0.00319904 0.00319904 
88400 0.00319904 0.00319904 
88500 0.00319904 0.00319904 
88600 0.00319904 0.00319904 
88700 0.00319904 0.00319904 
88800 0.00319904 0.00319904 
88900 0.00319904 0.00319904 
89000 0.00319904 0.00319904 
89100 0.00319904 0.00319904 
89200 0.00319904 0.00319904 
89300 0.00319904 0.00319904 
89400 0.00319904 0.00319904 
89500 0.00319904 0.00319904 
89600 0.00319904 0.00319904 
89700 0.00319904 0.00319904 
89800 0.00319904 0.00319904 
89900 0.00319904 0.00319904 
90000 0.00319904 0.00319904 
90100 0.00319904 0.00319904 
90200 0.00319904 0.00319904 
90300 0.00319904 0.00319904 
90400 0.00319904 0.00319904 
90500 0.00319904 0.00319904 
90600 0.00319904 0.00319904 
90700 0.00319904 0.00319904 
90800 0.00319904 0.00319904 
90900 0.00319904 0.00319904 
91000 0.00319904 0.00319904 
91100 0.00319904 0.00319904 
91200 0.00319904 0.00319904 
91300 0.00319904 0.00319904 
91400 0.00319904 0.00319904 
91500 0.00319904 0.00319904 
91600 0.00319904 0.00319904 
91700 0.00319904 0.00319904 
91800 0.00319904 0.00319904 
91900 0.00319904 0.00319904 
92000 0.00319904 0.00319904 
92100 0.00319904 0.00319904 
92200 0.00319904 0.00319904 
92300 0.00319904 0.00319904 
92400 0.00319904 0.00319904 
92500 0.00319904 0.00319904 
92600 0.00319904 0.00319904 
92700 0.00319904 0.00319904 
92800 0.00319904 0.00319904 
92900 0.00319904 0.00319904 
93000 0.00319904 0.00319904 
93100 0.00319904 0.00319904 
93200 0.00319904 0.00319904 
93300 0.00319904 0.00319904 
93400 0.00319904 0.00319904 
93500 0.00319904 0.00319904 
93600 0.00319904 0.00319904 
93700 0.00319904 0.00319904 
93800 0.00319904 0.00319904 
93900 0.00319904 0.00319904 
94000 0.00319904 0.00319904 
94100 0.00319904 0.00319904 
94200 0.00319904 0.00319904 
94300 0.00319904 0.00319904 
94400 0.00319904 0.00319904 
94500 0.00319904 0.00319904 
94600 0.00319904 0.00319904 
94700 0.00319904 0.00319904 
94800 0.00319904 0.00319904 
94900 0.00319904 0.00319904 
95000 0.00319904 0.00319904 
95100 0.00319904 0.00319904 
95200 0.00319904 0.00319904 
95300 0.00319904 0.00319904 
95400 0.00319904 0.00319904 
95500 0.00319904 0.00319904 
95600 0.00319904 0.00319904 
95700 0.00319904 0.00319904 
95800 0.00319904 0.00319904 
95900 0.00319904 0.00319904 
96000 0.00319904 0.00319904 
96100 0.00319904 0.00319904 
96200 0.00319904 0.00319904 
96300 0.00319904 0.00319904 
96400 0.00319904 0.00319904 
96500 0.00319904 0.00319904 
96600 0.00319904 0.00319904 
96700 0.00319904 0.00319904 
96800 0.00319904 0.00319904 
96900 0.00319904 0.00319904 
97000 0.00319904 0.00319904 
97100 0.00319904 0.00319904 
97200 0.00319904 0.00319904 
97300 0.00319904 0.00319904 
97400 0.00319904 0.00319904 
97500 0.00319904 0.00319904 
97600 0.00319904 0.00319904 
97700 0.00319904 0.00319904 
97800 0.00319904 0.00319904 
97900 0.00319904 0.00319904 
98000 0.00319904 0.00319904 
98100 0.00319904 0.00319904 
98200 0.00319904 0.00319904 
98300 0.00319904 0.00319904 
98400 0.00319904 0.00319904 
98500 0.00319904 0.00319904 
98600 0.00319904 0.00319904 
98700 0.00319904 0.00319904 
98800 0.00319904 0.00319904 
98900 0.00319904 0.00319904 
99000 0.00319904 0.00319904 
99100 0.00319904 0.00319904 
99200 0.00319904 0.00319904 
99300 0.00319904 0.00319904 
99400 0.00319904 0.00319904 
99500 0.00319904 0.00319904 
99600 0.00319904 0.00319904 
99700 0.00319904 0.00319904 
99800 0.00319904 0.00319904 
99900 0.00319904 0.00319904 
100000 0.00319904 0.00319904 
100100 0.00319904 0.00319904 
100200 0.00319904 0.00319904 
100300 0.00319904 0.00319904 
100400 0.00319904 0.00319904 
100500 0.00319904 0.00319904 
100600 0.00319904 0.00319904 
100700 0.00319904 0.00319904 
100800 0.00319904 0.00319904 
100900 0.00319904 0.00319904 
101000 0.00319904 0.00319904 
101100 0.00319904 0.00319904 
101200 0.00319904 0.00319904 
101300 0.00319904 0.00319904 
101400 0.00319904 0.00319904 
101500 0.00319904 0.00319904 
101600 0.00319904 0.00319904 
101700 0.00319904 0.00319904 
101800 0.00319904 0.00319904 
101900 0.00319904 0.00319904 
102000 0.00319904 0.00319904 
102100 0.00319904 0.00319904 
102200 0.00319904 0.00319904 
102300 0.00319904 0.00319904 
102400 0.00319904 0.00319904 
102500 0.00319904 0.00319904 
102600 0.00319904 0.00319904 
102700 0.00319904 0.00319904 
102800 0.00319904 0.00319904 
102900 0.00319904 0.00319904 
103000 0.00319904 0.00319904 
103100 0.00319904 0.00319904 
103200 0.00319904 0.00319904 
103300 0.00319904 0.00319904 
103400 0.00319904 0.00319904 
103500 0.00319904 0.00319904 
103600 0.00319904 0.00319904 
103700 0.00319904 0.00319904 
103800 0.00319904 0.00319904 
103900 0.00319904 0.00319904 
104000 0.00319904 0.00319904 
104100 0.00319904 0.00319904 
104200 0.00319904 0.00319904 
104300 0.00319904 0.00319904 
104400 0.00319904 0.00319904 
104500 0.00319904 0.00319904 
104600 0.00319904 0.00319904 
104700 0.00319904 0.00319904 
104800 0.00319904 0.00319904 
104900 0.00319904 0.00319904 
105000 0.00319904 0.00319904 
105100 0.00319904 0.00319904 
105200 0.00319904 0.00319904 
105300 0.00319904 0.00319904 
105400 0.00319904 0.00319904 
105500 0.00319904 0.00319904 
105600 0.00319904 0.00319904 
105700 0.00319904 0.00319904 
105800 0.00319904 0.00319904 
105900 0.00319904 0.00319904 
106000 0.00319904 0.00319904 
106100 0.00319904 0.00319904 
106200 0.00319904 0.00319904 
106300 0.00319904 0.00319904 
106400 0.00319904 0.00319904 
106500 0.00319904 0.00319904 
106600 0.00319904 0.00319904 
106700 0.00319904 0.00319904 
106800 0.00319904 0.00319904 
106900 0.00319904 0.00319904 
107000 0.00319904 0.00319904 
107100 0.00319904 0.00319904 
107200 0.00319904 0.00319904 
107300 0.00319904 0.00319904 
107400 0.00319843 0.00319843 
107500 0.00319843 0.00319843 
107600 0.00319843 0.00319843 
107700 0.00319843 0.00319843 
107800 0.00319843 0.00319843 
107900 0.00319843 0.00319843 
108000 0.00319843 0.00319843 
108100 0.00319843 0.00319843 
108200 0.00319843 0.00319843 
108300 0.00319843 0.00319843 
108400 0.00319843 0.00319843 
108500 0.00319843 0.00319843 
108600 0.00319843 0.00319843 
108700 0.00319843 0.00319843 
108800 0.00319843 0.00319843 
108900 0.00319843 0.00319843 
109000 0.00319843 0.00319843 
109100 0.00319843 0.00319843 
109200 0.00319843 0.00319843 
109300 0.00319843 0.00319843 
109400 0.00319843 0.00319843 
109500 0.00319843 0.00319843 
109600 0.00319843 0.00319843 
109700 0.00319843 0.00319843 
109800 0.00319843 0.00319843 
109900 0.00319843 0.00319843 
110000 0.00319843 0.00319843 
110100 0.00319843 0.00319843 
110200 0.00319843 0.00319843 
110300 0.00319843 0.00319843 
110400 0.00319843 0.00319843 
110500 0.00319843 0.00319843 
110600 0.00319843 0.00319843 
110700 0.00319843 0.00319843 
110800 0.00319843 0.00319843 
110900 0.00319843 0.00319843 
111000 0.00319843 0.00319843 
111100 0.00319843 0.00319843 
111200 0.00319843 0.00319843 
111300 0.00319843 0.00319843 
111400 0.00319843 0.00319843 
111500 0.00319843 0.00319843 
111600 0.00319843 0.00319843 
111700 0.00319843 0.00319843 
111800 0.00319843 0.00319843 
111900 0.00319843 0.00319843 
112000 0.00319843 0.00319843 
112100 0.00319843 0.00319843 
112200 0.00319843 0.00319843 
112300 0.00319843 0.00319843 
112400 0.00319843 0.00319843 
112500 0.00319843 0.00319843 
112600 0.00319843 0.00319843 
112700 0.00319843 0.00319843 
112800 0.00319843 0.00319843 
112900 0.00319843 0.00319843 
113000 0.00319843 0.00319843 
113100 0.00319843 0.00319843 
113200 0.00319843 0.00319843 
113300 0.00319843 0.00319843 
113400 0.00319843 0.00319843 
113500 0.00319843 0.00319843 
113600 0.00319843 0.00319843 
113700 0.00319843 0.00319843 
113800 0.00319843 0.00319843 
113900 0.00319843 0.00319843 
114000 0.00319843 0.00319843 
114100 0.00319843 0.00319843 
114200 0.00319843 0.00319843 
114300 0.00319843 0.00319843 
114400 0.00319843 0.00319843 
114500 0.00319843 0.00319843 
114600 0.00319843 0.00319843 
114700 0.00319843 0.00319843 
114800 0.00319843 0.00319843 
114900 0.00319843 0.00319843 
115000 0.00319843 0.00319843 
115100 0.00319843 0.00319843 
115200 0.00319843 0.00319843 
115300 0.00319843 0.00319843 
115400 0.00319843 0.00319843 
115500 0.00319843 0.00319843 
115600 0.00319843 0.00319843 
115700 0.00319843 0.00319843 
115800 0.00319843 0.00319843 
115900 0.00319843 0.00319843 
116000 0.00319843 0.00319843 
116100 0.00319843 0.00319843 
116200 0.00319843 0.00319843 
116300 0.00319843 0.00319843 
116400 0.00319843 0.00319843 
116500 0.00319843 0.00319843 
116600 0.00319843 0.00319843 
116700 0.00319843 0.00319843 
116800 0.00319843 0.00319843 
116900 0.00319843 0.00319843 
117000 0.00319843 0.00319843 
117100 0.00319843 0.00319843 
117200 0.00319843 0.00319843 
117300 0.00319843 0.00319843 
117400 0.00319843 0.00319843 
117500 0.00319843 0.00319843 
117600 0.00319843 0.00319843 
117700 0.00319843 0.00319843 
117800 0.00319843 0.00319843 
117900 0.00319843 0.00319843 
118000 0.00319843 0.00319843 
118100 0.00319843 0.00319843 
118200 0.00319843 0.00319843 
118300 0.00319843 0.00319843 
118400 0.00319843 0.00319843 
118500 0.00319843 0.00319843 
118600 0.00319843 0.00319843 
118700 0.00319843 0.00319843 
118800 0.00319843 0.00319843 
118900 0.00319843 0.00319843 
119000 0.00319843 0.00319843 
119100 0.00319843 0.00319843 
119200 0.00319843 0.00319843 
119300 0.00319843 0.00319843 
119400 0.00319843 0.00319843 
119500 0.00319843 0.00319843 
119600 0.00319843 0.00319843 
119700 0.00319843 0.00319843 
119800 0.00319843 0.00319843 
119900 0.00319843 0.00319843 
120000 0.00319843 0.00319843 
120100 0.00319843 0.00319843 
120200 0.00319843 0.00319843 
120300 0.00319843 0.00319843 
120400 0.00319843 0.00319843 
120500 0.00319843 0.00319843 
120600 0.00319843 0.00319843 
120700 0.00319843 0.00319843 
120800 0.00319843 0.00319843 
120900 0.00319843 0.00319843 
121000 0.00319843 0.00319843 
121100 0.00319843 0.00319843 
121200 0.00319843 0.00319843 
121300 0.00319843 0.00319843 
121400 0.00319843 0.00319843 
121500 0.00319843 0.00319843 
121600 0.00319843 0.00319843 
121700 0.00319843 0.00319843 
121800 0.00319843 0.00319843 
121900 0.00319843 0.00319843 
122000 0.00319843 0.00319843 
122100 0.00319843 0.00319843 
122200 0.00319843 0.00319843 
122300 0.00319843 0.00319843 
122400 0.00319843 0.00319843 
122500 0.00319843 0.00319843 
122600 0.00319843 0.00319843 
122700 0.00319843 0.00319843 
122800 0.00319843 0.00319843 
122900 0.00319843 0.00319843 
123000 0.00319843 0.00319843 
123100 0.00319843 0.00319843 
123200 0.00319843 0.00319843 
123300 0.00319843 0.00319843 
123400 0.00319843 0.00319843 
123500 0.00319843 0.00319843 
123600 0.00319843 0.00319843 
123700 0.00319843 0.00319843 
123800 0.00319843 0.00319843 
123900 0.00319843 0.00319843 
124000 0.00319843 0.00319843 
124100 0.00319843 0.00319843 
124200 0.00319843 0.00319843 
124300 0.00319843 0.00319843 
124400 0.00319843 0.00319843 
124500 0.00319843 0.00319843 
124600 0.00319843 0.00319843 
124700 0.00319843 0.00319843 
124800 0.00319843 0.00319843 
124900 0.00319843 0.00319843 
125000 0.00319843 0.00319843 
125100 0.00319843 0.00319843 
125200 0.00319843 0.00319843 
125300 0.00319843 0.00319843 
125400 0.00319843 0.00319843 
125500 0.00319843 0.00319843 
125600 0.00319843 0.00319843 
125700 0.00319843 0.00319843 
125800 0.00319843 0.00319843 
125900 0.00319843 0.00319843 
126000 0.00319843 0.00319843 
126100 0.00319843 0.00319843 
126200 0.00319843 0.00319843 
126300 0.00319843 0.00319843 
126400 0.00319843 0.00319843 
126500 0.00319843 0.00319843 
126600 0.00319843 0.00319843 
126700 0.00319843 0.00319843 
126800 0.00319843 0.00319843 
126900 0.00319843 0.00319843 
127000 0.00319843 0.00319843 
127100 0.00319843 0.00319843 
127200 0.00319843 0.00319843 
127300 0.00319843 0.00319843 
127400 0.00319843 0.00319843 
127500 0.00319843 0.00319843 
127600 0.00319843 0.00319843 
127700 0.00319843 0.00319843 
127800 0.00319843 0.00319843 
127900 0.00319843 0.00319843 
128000 0.00319843 0.00319843 
128100 0.00319843 0.00319843 
128200 0.00319843 0.00319843 
128300 0.00319843 0.00319843 
128400 0.00319843 0.00319843 
128500 0.00319843 0.00319843 
128600 0.00319843 0.00319843 
128700 0.00319843 0.00319843 
128800 0.00319843 0.00319843 
128900 0.00319843 0.00319843 
129000 0.00319843 0.00319843 
129100 0.00319843 0.00319843 
129200 0.00319843 0.00319843 
129300 0.00319843 0.00319843 
129400 0.00319843 0.00319843 
129500 0.00319843 0.00319843 
129600 0.00319843 0.00319843 
129700 0.00319843 0.00319843 
129800 0.00319843 0.00319843 
129900 0.00319843 0.00319843 
130000 0.00319843 0.00319843 
130100 0.00319843 0.00319843 
130200 0.00319843 0.00319843 
130300 0.00319843 0.00319843 
130400 0.00319843 0.00319843 
130500 0.00319843 0.00319843 
130600 0.00319843 0.00319843 
130700 0.00319843 0.00319843 
130800 0.00319843 0.00319843 
130900 0.00319843 0.00319843 
131000 0.00319843 0.00319843 
131100 0.00319843 0.00319843 
131200 0.00319843 0.00319843 
131300 0.00319843 0.00319843 
131400 0.00319843 0.00319843 
131500 0.00319843 0.00319843 
131600 0.00319843 0.00319843 
131700 0.00319843 0.00319843 
131800 0.00319843 0.00319843 
131900 0.00319843 0.00319843 
132000 0.00319843 0.00319843 
132100 0.00319843 0.00319843 
132200 0.00319843 0.00319843 
132300 0.00319843 0.00319843 
132400 0.00319843 0.00319843 
132500 0.00319843 0.00319843 
132600 0.00319843 0.00319843 
132700 0.00319843 0.00319843 
132800 0.00319843 0.00319843 
132900 0.00319843 0.00319843 
133000 0.00319843 0.00319843 
133100 0.00319843 0.00319843 
133200 0.00319843 0.00319843 
133300 0.00319843 0.00319843 
133400 0.00319843 0.00319843 
133500 0.00319843 0.00319843 
133600 0.00319843 0.00319843 
133700 0.00319843 0.00319843 
133800 0.00319843 0.00319843 
133900 0.00319843 0.00319843 
134000 0.00319843 0.00319843 
134100 0.00319843 0.00319843 
134200 0.00319843 0.00319843 
134300 0.00319843 0.00319843 
134400 0.00319843 0.00319843 
134500 0.00319843 0.00319843 
134600 0.00319843 0.00319843 
134700 0.00319843 0.00319843 
134800 0.00319843 0.00319843 
134900 0.00319843 0.00319843 
135000 0.00319843 0.00319843 
135100 0.00319843 0.00319843 
135200 0.00319843 0.00319843 
135300 0.00319843 0.00319843 
135400 0.00319843 0.00319843 
135500 0.00319843 0.00319843 
135600 0.00319843 0.00319843 
135700 0.00319843 0.00319843 
135800 0.00319843 0.00319843 
135900 0.00319843 0.00319843 
136000 0.00319843 0.00319843 
136100 0.00319843 0.00319843 
136200 0.00319843 0.00319843 
136300 0.00319843 0.00319843 
136400 0.00319843 0.00319843 
136500 0.00319843 0.00319843 
136600 0.00319843 0.00319843 
136700 0.00319843 0.00319843 
136800 0.00319843 0.00319843 
136900 0.00319843 0.00319843 
137000 0.00319843 0.00319843 
137100 0.00319843 0.00319843 
137200 0.00319843 0.00319843 
137300 0.00319843 0.00319843 
137400 0.00319843 0.00319843 
137500 0.00319843 0.00319843 
137600 0.00319843 0.00319843 
137700 0.00319843 0.00319843 
137800 0.00319843 0.00319843 
137900 0.00319843 0.00319843 
138000 0.00319843 0.00319843 
138100 0.00319843 0.00319843 
138200 0.00319843 0.00319843 
138300 0.00319843 0.00319843 
138400 0.00319843 0.00319843 
138500 0.00319843 0.00319843 
138600 0.00319843 0.00319843 
138700 0.00319843 0.00319843 
138800 0.00319843 0.00319843 
138900 0.00319843 0.00319843 
139000 0.00319843 0.00319843 
139100 0.00319843 0.00319843 
139200 0.00319843 0.00319843 
139300 0.00319843 0.00319843 
139400 0.00319843 0.00319843 
139500 0.00319843 0.00319843 
139600 0.00319843 0.00319843 
139700 0.00319843 0.00319843 
139800 0.00319843 0.00319843 
139900 0.00319843 0.00319843 
140000 0.00319843 0.00319843 
140100 0.00319843 0.00319843 
140200 0.00319843 0.00319843 
140300 0.00319843 0.00319843 
140400 0.00319843 0.00319843 
140500 0.00319843 0.00319843 
140600 0.00319843 0.00319843 
140700 0.00319843 0.00319843 
140800 0.00319843 0.00319843 
140900 0.00319843 0.00319843 
141000 0.00319843 0.00319843 
141100 0.00319843 0.00319843 
141200 0.00319843 0.00319843 
141300 0.00319843 0.00319843 
141400 0.00319843 0.00319843 
141500 0.00319843 0.00319843 
141600 0.00319843 0.00319843 
141700 0.00319843 0.00319843 
141800 0.00319843 0.00319843 
141900 0.00319843 0.00319843 
142000 0.00319843 0.00319843 
142100 0.00319843 0.00319843 
142200 0.00319843 0.00319843 
142300 0.00319843 0.00319843 
142400 0.00319843 0.00319843 
142500 0.00319843 0.00319843 
142600 0.00319843 0.00319843 
142700 0.00319843 0.00319843 
142800 0.00319843 0.00319843 
142900 0.00319843 0.00319843 
143000 0.00319843 0.00319843 
143100 0.00319843 0.00319843 
143200 0.00319843 0.00319843 
143300 0.00319843 0.00319843 
143400 0.00319843 0.00319843 
143500 0.00319843 0.00319843 
143600 0.00319843 0.00319843 
143700 0.00319843 0.00319843 
143800 0.00319843 0.00319843 
143900 0.00319843 0.00319843 
144000 0.00319843 0.00319843 
144100 0.00319843 0.00319843 
144200 0.00319843 0.00319843 
144300 0.00319843 0.00319843 
144400 0.00319843 0.00319843 
144500 0.00319843 0.00319843 
144600 0.00319843 0.00319843 
144700 0.00319843 0.00319843 
144800 0.00319843 0.00319843 
144900 0.00319843 0.00319843 
145000 0.00319843 0.00319843 
145100 0.00319843 0.00319843 
145200 0.00319843 0.00319843 
145300 0.00319843 0.00319843 
145400 0.00319843 0.00319843 
145500 0.00319843 0.00319843 
145600 0.00319843 0.00319843 
145700 0.00319843 0.00319843 
145800 0.00319843 0.00319843 
145900 0.00319843 0.00319843 
146000 0.00319843 0.00319843 
146100 0.00319843 0.00319843 
146200 0.00319843 0.00319843 
146300 0.00319843 0.00319843 
146400 0.00319843 0.00319843 
146500 0.00319843 0.00319843 
146600 0.00319843 0.00319843 
146700 0.00319843 0.00319843 
146800 0.00319843 0.00319843 
146900 0.00319843 0.00319843 
147000 0.00319843 0.00319843 
147100 0.00319843 0.00319843 
147200 0.00319843 0.00319843 
147300 0.00319843 0.00319843 
147400 0.00319843 0.00319843 
147500 0.00319843 0.00319843 
147600 0.00319843 0.00319843 
147700 0.00319843 0.00319843 
147800 0.00319843 0.00319843 
147900 0.00319843 0.00319843 
148000 0.00319843 0.00319843 
148100 0.00319843 0.00319843 
148200 0.00319843 0.00319843 
148300 0.00319843 0.00319843 
148400 0.00319843 0.00319843 
148500 0.00319843 0.00319843 
148600 0.00319843 0.00319843 
148700 0.00319843 0.00319843 
148800 0.00319843 0.00319843 
148900 0.00319843 0.00319843 
149000 0.00319843 0.00319843 
149100 0.00319843 0.00319843 
149200 0.00319843 0.00319843 
149300 0.00319843 0.00319843 
149400 0.00319843 0.00319843 
149500 0.00319843 0.00319843 
149600 0.00319843 0.00319843 
149700 0.00319843 0.00319843 
149800 0.00319843 0.00319843 
149900 0.00319843 0.00319843 
150000 0.00319843 0.00319843 
150100 0.00319843 0.00319843 
150200 0.00319843 0.00319843 
150300 0.00319843 0.00319843 
150400 0.00319843 0.00319843 
150500 0.00319843 0.00319843 
150600 0.00319843 0.00319843 
150700 0.00319843 0.00319843 
150800 0.00319843 0.00319843 
150900 0.00319843 0.00319843 
151000 0.00319843 0.00319843 
151100 0.00319843 0.00319843 
151200 0.00319843 0.00319843 
151300 0.00319843 0.00319843 
151400 0.00319843 0.00319843 
151500 0.00319843 0.00319843 
151600 0.00319843 0.00319843 
151700 0.00319843 0.00319843 
151800 0.00319843 0.00319843 
151900 0.00319843 0.00319843 
152000 0.00319843 0.00319843 
152100 0.00319843 0.00319843 
152200 0.00319843 0.00319843 
152300 0.00319843 0.00319843 
152400 0.00319843 0.00319843 
152500 0.00319843 0.00319843 
152600 0.00319843 0.00319843 
152700 0.00319843 0.00319843 
152800 0.00319843 0.00319843 
152900 0.00319843 0.00319843 
153000 0.00319843 0.00319843 
153100 0.00319843 0.00319843 
153200 0.00319843 0.00319843 
153300 0.00319843 0.00319843 
153400 0.00319843 0.00319843 
153500 0.00319843 0.00319843 
153600 0.00319843 0.00319843 
153700 0.00319843 0.00319843 
153800 0.00319843 0.00319843 
153900 0.00319843 0.00319843 
154000 0.00319843 0.00319843 
154100 0.00319843 0.00319843 
154200 0.00319843 0.00319843 
154300 0.00319843 0.00319843 
154400 0.00319843 0.00319843 
154500 0.00319843 0.00319843 
154600 0.00319843 0.00319843 
154700 0.00319843 0.00319843 
154800 0.00319843 0.00319843 
154900 0.00319843 0.00319843 
155000 0.00319843 0.00319843 
155100 0.00319843 0.00319843 
155200 0.00319843 0.00319843 
155300 0.00319843 0.00319843 
155400 0.00319843 0.00319843 
155500 0.00319843 0.00319843 
155600 0.00319843 0.00319843 
155700 0.00319843 0.00319843 
155800 0.00319843 0.00319843 
155900 0.00319843 0.00319843 
156000 0.00319843 0.00319843 
156100 0.00319843 0.00319843 
156200 0.00319843 0.00319843 
156300 0.00319843 0.00319843 
156400 0.00319843 0.00319843 
156500 0.00319843 0.00319843 
156600 0.00319843 0.00319843 
156700 0.00319843 0.00319843 
156800 0.00319843 0.00319843 
156900 0.00319843 0.00319843 
157000 0.00319843 0.00319843 
157100 0.00319843 0.00319843 
157200 0.00319843 0.00319843 
157300 0.00319843 0.00319843 
157400 0.00319843 0.00319843 
157500 0.00319843 0.00319843 
157600 0.00319843 0.00319843 
157700 0.00319843 0.00319843 
157800 0.00319843 0.00319843 
157900 0.00319843 0.00319843 
158000 0.00319843 0.00319843 
158100 0.00319843 0.00319843 
158200 0.00319843 0.00319843 
158300 0.00319843 0.00319843 
158400 0.00319843 0.00319843 
158500 0.00319843 0.00319843 
158600 0.00319843 0.00319843 
158700 0.00319843 0.00319843 
158800 0.00319843 0.00319843 
158900 0.00319843 0.00319843 
159000 0.00319843 0.00319843 
159100 0.00319843 0.00319843 
159200 0.00319843 0.00319843 
159300 0.00319843 0.00319843 
159400 0.00319843 0.00319843 
159500 0.00319843 0.00319843 
159600 0.00319843 0.00319843 
159700 0.00319843 0.00319843 
159800 0.00319843 0.00319843 
159900 0.00319843 0.00319843 
160000 0.00319843 0.00319843 
160100 0.00319843 0.00319843 
160200 0.00319843 0.00319843 
160300 0.00319843 0.00319843 
160400 0.00319843 0.00319843 
160500 0.00319843 0.00319843 
160600 0.00319843 0.00319843 
160700 0.00319843 0.00319843 
160800 0.00319843 0.00319843 
160900 0.00319843 0.00319843 
161000 0.00319843 0.00319843 
161100 0.00319843 0.00319843 
161200 0.00319843 0.00319843 
161300 0.00319843 0.00319843 
161400 0.00319843 0.00319843 
161500 0.00319843 0.00319843 
161600 0.00319843 0.00319843 
161700 0.00319843 0.00319843 
161800 0.00319843 0.00319843 
161900 0.00319843 0.00319843 
162000 0.00319843 0.00319843 
162100 0.00319843 0.00319843 
162200 0.00319843 0.00319843 
162300 0.00319843 0.00319843 
162400 0.00319843 0.00319843 
162500 0.00319843 0.00319843 
162600 0.00319843 0.00319843 
162700 0.00319843 0.00319843 
162800 0.00319843 0.00319843 
162900 0.00319843 0.00319843 
163000 0.00319843 0.00319843 
163100 0.00319843 0.00319843 
163200 0.00319843 0.00319843 
163300 0.00319843 0.00319843 
163400 0.00319843 0.00319843 
163500 0.00319843 0.00319843 
163600 0.00319843 0.00319843 
163700 0.00319843 0.00319843 
163800 0.00319843 0.00319843 
163900 0.00319843 0.00319843 
164000 0.00319843 0.00319843 
164100 0.00319843 0.00319843 
164200 0.00319843 0.00319843 
164300 0.00319843 0.00319843 
164400 0.00319843 0.00319843 
164500 0.00319843 0.00319843 
164600 0.00319843 0.00319843 
164700 0.00319843 0.00319843 
164800 0.00319843 0.00319843 
164900 0.00319843 0.00319843 
165000 0.00319843 0.00319843 
165100 0.00319843 0.00319843 
165200 0.00319843 0.00319843 
165300 0.00319843 0.00319843 
165400 0.00319843 0.00319843 
165500 0.00319843 0.00319843 
165600 0.00319843 0.00319843 
165700 0.00319843 0.00319843 
165800 0.00319843 0.00319843 
165900 0.00319843 0.00319843 
166000 0.00319843 0.00319843 
166100 0.00319843 0.00319843 
166200 0.00319843 0.00319843 
166300 0.00319843 0.00319843 
166400 0.00319843 0.00319843 
166500 0.00319843 0.00319843 
166600 0.00319843 0.00319843 
166700 0.00319843 0.00319843 
166800 0.00319843 0.00319843 
166900 0.00319843 0.00319843 
167000 0.00319843 0.00319843 
167100 0.00319843 0.00319843 
167200 0.00319843 0.00319843 
167300 0.00319843 0.00319843 
167400 0.00319843 0.00319843 
167500 0.00319843 0.00319843 
167600 0.00319843 0.00319843 
167700 0.00319843 0.00319843 
167800 0.00319843 0.00319843 
167900 0.00319843 0.00319843 
168000 0.00319843 0.00319843 
168100 0.00319843 0.00319843 
168200 0.00319843 0.00319843 
168300 0.00319843 0.00319843 
168400 0.00319843 0.00319843 
168500 0.00319843 0.00319843 
168600 0.00319843 0.00319843 
168700 0.00319843 0.00319843 
168800 0.00319843 0.00319843 
168900 0.00319843 0.00319843 
169000 0.00319843 0.00319843 
169100 0.00319843 0.00319843 
169200 0.00319843 0.00319843 
169300 0.00319843 0.00319843 
169400 0.00319843 0.00319843 
169500 0.00319843 0.00319843 
169600 0.00319843 0.00319843 
169700 0.00319843 0.00319843 
169800 0.00319843 0.00319843 
169900 0.00319843 0.00319843 
170000 0.00319843 0.00319843 
170100 0.00319843 0.00319843 
170200 0.00319843 0.00319843 
170300 0.00319843 0.00319843 
170400 0.00319843 0.00319843 
170500 0.00319843 0.00319843 
170600 0.00319843 0.00319843 
170700 0.00319843 0.00319843 
170800 0.00319843 0.00319843 
170900 0.00319843 0.00319843 
171000 0.00319843 0.00319843 
171100 0.00319843 0.00319843 
171200 0.00319843 0.00319843 
171300 0.00319843 0.00319843 
171400 0.00319843 0.00319843 
171500 0.00319843 0.00319843 
171600 0.00319843 0.00319843 
171700 0.00319843 0.00319843 
171800 0.00319843 0.00319843 
171900 0.00319843 0.00319843 
172000 0.00319843 0.00319843 
172100 0.00319843 0.00319843 
172200 0.00319843 0.00319843 
172300 0.00319843 0.00319843 
172400 0.00319843 0.00319843 
172500 0.00319843 0.00319843 
172600 0.00319843 0.00319843 
172700 0.00319843 0.00319843 
172800 0.00319843 0.00319843 
172900 0.00319843 0.00319843 
173000 0.00319843 0.00319843 
173100 0.00319843 0.00319843 
173200 0.00319843 0.00319843 
173300 0.00319843 0.00319843 
173400 0.00319843 0.00319843 
173500 0.00319843 0.00319843 
173600 0.00319843 0.00319843 
173700 0.00319843 0.00319843 
173800 0.00319843 0.00319843 
173900 0.00319843 0.00319843 
174000 0.00319843 0.00319843 
174100 0.00319843 0.00319843 
174200 0.00319843 0.00319843 
174300 0.00319843 0.00319843 
174400 0.00319843 0.00319843 
174500 0.00319843 0.00319843 
174600 0.00319843 0.00319843 
174700 0.00319843 0.00319843 
174800 0.00319843 0.00319843 
174900 0.00319843 0.00319843 
175000 0.00319843 0.00319843 
175100 0.00319843 0.00319843 
175200 0.00319843 0.00319843 
175300 0.00319843 0.00319843 
175400 0.00319843 0.00319843 
175500 0.00319843 0.00319843 
175600 0.00319843 0.00319843 
175700 0.00319843 0.00319843 
175800 0.00319843 0.00319843 
175900 0.00319843 0.00319843 
176000 0.00319843 0.00319843 
176100 0.00319843 0.00319843 
176200 0.00319843 0.00319843 
176300 0.00319843 0.00319843 
176400 0.00319843 0.00319843 
176500 0.00319843 0.00319843 
176600 0.00319843 0.00319843 
176700 0.00319843 0.00319843 
176800 0.00319843 0.00319843 
176900 0.00319843 0.00319843 
177000 0.00319843 0.00319843 
177100 0.00319843 0.00319843 
177200 0.00319843 0.00319843 
177300 0.00319843 0.00319843 
177400 0.00319843 0.00319843 
177500 0.00319843 0.00319843 
177600 0.00319843 0.00319843 
177700 0.00319843 0.00319843 
177800 0.00319843 0.00319843 
177900 0.00319843 0.00319843 
178000 0.00319843 0.00319843 
178100 0.00319843 0.00319843 
178200 0.00319843 0.00319843 
178300 0.00319843 0.00319843 
178400 0.00319843 0.00319843 
178500 0.00319843 0.00319843 
178600 0.00319843 0.00319843 
178700 0.00319843 0.00319843 
178800 0.00319843 0.00319843 
178900 0.00319843 0.00319843 
179000 0.00319843 0.00319843 
179100 0.00319843 0.00319843 
179200 0.00319843 0.00319843 
179300 0.00319843 0.00319843 
179400 0.00319843 0.00319843 
179500 0.00319843 0.00319843 
179600 0.00319843 0.00319843 
179700 0.00319843 0.00319843 
179800 0.00319843 0.00319843 
179900 0.00319843 0.00319843 
180000 0.00319843 0.00319843 
180100 0.00319843 0.00319843 
180200 0.00319843 0.00319843 
180300 0.00319843 0.00319843 
180400 0.00319843 0.00319843 
180500 0.00319843 0.00319843 
180600 0.00319843 0.00319843 
180700 0.00319843 0.00319843 
180800 0.00319843 0.00319843 
180900 0.00319843 0.00319843 
181000 0.00319843 0.00319843 
181100 0.00319843 0.00319843 
181200 0.00319843 0.00319843 
181300 0.00319843 0.00319843 
181400 0.00319843 0.00319843 
181500 0.00319843 0.00319843 
181600 0.00319843 0.00319843 
181700 0.00319843 0.00319843 
181800 0.00319843 0.00319843 
181900 0.00319843 0.00319843 
182000 0.00319843 0.00319843 
182100 0.00319843 0.00319843 
182200 0.00319843 0.00319843 
182300 0.00319843 0.00319843 
182400 0.00319843 0.00319843 
182500 0.00319843 0.00319843 
182600 0.00319843 0.00319843 
182700 0.00319843 0.00319843 
182800 0.00319843 0.00319843 
182900 0.00319843 0.00319843 
183000 0.00319843 0.00319843 
183100 0.00319843 0.00319843 
183200 0.00319843 0.00319843 
183300 0.00319843 0.00319843 
183400 0.00319843 0.00319843 
183500 0.00319843 0.00319843 
183600 0.00319843 0.00319843 
183700 0.00319843 0.00319843 
183800 0.00319843 0.00319843 
183900 0.00319843 0.00319843 
184000 0.00319843 0.00319843 
184100 0.00319843 0.00319843 
184200 0.00319843 0.00319843 
184300 0.00319843 0.00319843 
184400 0.00319843 0.00319843 
184500 0.00319843 0.00319843 
184600 0.00319843 0.00319843 
184700 0.00319843 0.00319843 
184800 0.00319843 0.00319843 
184900 0.00319843 0.00319843 
185000 0.00319843 0.00319843 
185100 0.00319843 0.00319843 
185200 0.00319843 0.00319843 
185300 0.00319843 0.00319843 
185400 0.00319843 0.00319843 
185500 0.00319843 0.00319843 
185600 0.00319843 0.00319843 
185700 0.00319843 0.00319843 
185800 0.00319843 0.00319843 
185900 0.00319843 0.00319843 
186000 0.00319843 0.00319843 
186100 0.00319843 0.00319843 
186200 0.00319843 0.00319843 
186300 0.00319843 0.00319843 
186400 0.00319843 0.00319843 
186500 0.00319843 0.00319843 
186600 0.00319843 0.00319843 
186700 0.00319843 0.00319843 
186800 0.00319843 0.00319843 
186900 0.00319843 0.00319843 
187000 0.00319843 0.00319843 
187100 0.00319843 0.00319843 
187200 0.00319843 0.00319843 
187300 0.00319843 0.00319843 
187400 0.00319843 0.00319843 
187500 0.00319843 0.00319843 
187600 0.00319843 0.00319843 
187700 0.00319843 0.00319843 
187800 0.00319843 0.00319843 
187900 0.00319843 0.00319843 
188000 0.00319843 0.00319843 
188100 0.00319843 0.00319843 
188200 0.00319843 0.00319843 
188300 0.00319843 0.00319843 
188400 0.00319843 0.00319843 
188500 0.00319843 0.00319843 
188600 0.00319843 0.00319843 
188700 0.00319843 0.00319843 
188800 0.00319843 0.00319843 
188900 0.00319843 0.00319843 
189000 0.00319843 0.00319843 
189100 0.00319843 0.00319843 
189200 0.00319843 0.00319843 
189300 0.00319843 0.00319843 
189400 0.00319843 0.00319843 
189500 0.00319843 0.00319843 
189600 0.00319843 0.00319843 
189700 0.00319843 0.00319843 
189800 0.00319843 0.00319843 
189900 0.00319843 0.00319843 
190000 0.00319843 0.00319843 
190100 0.00319843 0.00319843 
190200 0.00319843 0.00319843 
190300 0.00319843 0.00319843 
190400 0.00319843 0.00319843 
190500 0.00319843 0.00319843 
190600 0.00319843 0.00319843 
190700 0.00319843 0.00319843 
190800 0.00319843 0.00319843 
190900 0.00319843 0.00319843 
191000 0.00319843 0.00319843 
191100 0.00319843 0.00319843 
191200 0.00319843 0.00319843 
191300 0.00319843 0.00319843 
191400 0.00319843 0.00319843 
191500 0.00319843 0.00319843 
191600 0.00319843 0.00319843 
191700 0.00319843 0.00319843 
191800 0.00319843 0.00319843 
191900 0.00319843 0.00319843 
192000 0.00319843 0.00319843 
192100 0.00319843 0.00319843 
192200 0.00319843 0.00319843 
192300 0.00319843 0.00319843 
192400 0.00319843 0.00319843 
192500 0.00319843 0.00319843 
192600 0.00319843 0.00319843 
192700 0.00319843 0.00319843 
192800 0.00319843 0.00319843 
192900 0.00319843 0.00319843 
193000 0.00319843 0.00319843 
193100 0.00319843 0.00319843 
193200 0.00319843 0.00319843 
193300 0.00319843 0.00319843 
193400 0.00319843 0.00319843 
193500 0.00319843 0.00319843 
193600 0.00319843 0.00319843 
193700 0.00319843 0.00319843 
193800 0.00319843 0.00319843 
193900 0.00319843 0.00319843 
194000 0.00319843 0.00319843 
194100 0.00319843 0.00319843 
194200 0.00319843 0.00319843 
194300 0.00319843 0.00319843 
194400 0.00319843 0.00319843 
194500 0.00319843 0.00319843 
194600 0.00319843 0.00319843 
194700 0.00319843 0.00319843 
194800 0.00319843 0.00319843 
194900 0.00319843 0.00319843 
195000 0.00319843 0.00319843 
195100 0.00319843 0.00319843 
195200 0.00319843 0.00319843 
195300 0.00319843 0.00319843 
195400 0.00319843 0.00319843 
195500 0.00319843 0.00319843 
195600 0.00319843 0.00319843 
195700 0.00319843 0.00319843 
195800 0.00319843 0.00319843 
195900 0.00319843 0.00319843 
196000 0.00319843 0.00319843 
196100 0.00319843 0.00319843 
196200 0.00319843 0.00319843 
196300 0.00319843 0.00319843 
196400 0.00319843 0.00319843 
196500 0.00319843 0.00319843 
196600 0.00319843 0.00319843 
196700 0.00319843 0.00319843 
196800 0.00319843 0.00319843 
196900 0.00319843 0.00319843 
197000 0.00319843 0.00319843 
197100 0.00319843 0.00319843 
197200 0.00319843 0.00319843 
197300 0.00319843 0.00319843 
197400 0.00319843 0.00319843 
197500 0.00319843 0.00319843 
197600 0.00319843 0.00319843 
197700 0.00319843 0.00319843 
197800 0.00319843 0.00319843 
197900 0.00319843 0.00319843 
198000 0.00319843 0.00319843 
198100 0.00319843 0.00319843 
198200 0.00319843 0.00319843 
198300 0.00319843 0.00319843 
198400 0.00319843 0.00319843 
198500 0.00319843 0.00319843 
198600 0.00319843 0.00319843 
198700 0.00319843 0.00319843 
198800 0.00319843 0.00319843 
198900 0.00319843 0.00319843 
199000 0.00319843 0.00319843 
199100 0.00319843 0.00319843 
199200 0.00319843 0.00319843 
199300 0.00319843 0.00319843 
199400 0.00319843 0.00319843 
199500 0.00319843 0.00319843 
199600 0.00319843 0.00319843 
199700 0.00319843 0.00319843 
199800 0.00319843 0.00319843 
199900 0.00319843 0.00319843 
200000 0.00319843 0.00319843 
200100 0.00319843 0.00319843 
200200 0.00319843 0.00319843 
200300 0.00319843 0.00319843 
200400 0.00319843 0.00319843 
200500 0.00319843 0.00319843 
200600 0.00319843 0.00319843 
200700 0.00319843 0.00319843 
200800 0.00319843 0.00319843 
200900 0.00319843 0.00319843 
201000 0.00319843 0.00319843 
201100 0.00319843 0.00319843 
201200 0.00319843 0.00319843 
201300 0.00319843 0.00319843 
201400 0.00319843 0.00319843 
201500 0.00319843 0.00319843 
201600 0.00319843 0.00319843 
201700 0.00319843 0.00319843 
201800 0.00319843 0.00319843 
201900 0.00319843 0.00319843 
202000 0.00319843 0.00319843 
202100 0.00319843 0.00319843 
202200 0.00319843 0.00319843 
202300 0.00319843 0.00319843 
202400 0.00319843 0.00319843 
202500 0.00319843 0.00319843 
202600 0.00319843 0.00319843 
202700 0.00319843 0.00319843 
202800 0.00319843 0.00319843 
202900 0.00319843 0.00319843 
203000 0.00319843 0.00319843 
203100 0.00319843 0.00319843 
203200 0.00319843 0.00319843 
203300 0.00319843 0.00319843 
203400 0.00319843 0.00319843 
203500 0.00319843 0.00319843 
203600 0.00319843 0.00319843 
203700 0.00319843 0.00319843 
203800 0.00319843 0.00319843 
203900 0.00319843 0.00319843 
204000 0.00319843 0.00319843 
204100 0.00319843 0.00319843 
204200 0.00319843 0.00319843 
204300 0.00319843 0.00319843 
204400 0.00319843 0.00319843 
204500 0.00319843 0.00319843 
204600 0.00319843 0.00319843 
204700 0.00319843 0.00319843 
204800 0.00319843 0.00319843 
204900 0.00319843 0.00319843 
205000 0.00319843 0.00319843 
205100 0.00319843 0.00319843 
205200 0.00319843 0.00319843 
205300 0.00319843 0.00319843 
205400 0.00319843 0.00319843 
205500 0.00319843 0.00319843 
205600 0.00319843 0.00319843 
205700 0.00319843 0.00319843 
205800 0.00319843 0.00319843 
205900 0.00319843 0.00319843 
206000 0.00319843 0.00319843 
206100 0.00319843 0.00319843 
206200 0.00319843 0.00319843 
206300 0.00319843 0.00319843 
206400 0.00319843 0.00319843 
206500 0.00319843 0.00319843 
206600 0.00319843 0.00319843 
206700 0.00319843 0.00319843 
206800 0.00319843 0.00319843 
206900 0.00319843 0.00319843 
207000 0.00319843 0.00319843 
207100 0.00319843 0.00319843 
207200 0.00319843 0.00319843 
207300 0.00319843 0.00319843 
207400 0.00319843 0.00319843 
207500 0.00319843 0.00319843 
207600 0.00319843 0.00319843 
207700 0.00319843 0.00319843 
207800 0.00319843 0.00319843 
207900 0.00319843 0.00319843 
208000 0.00319843 0.00319843 
208100 0.00319843 0.00319843 
208200 0.00319843 0.00319843 
208300 0.00319843 0.00319843 
208400 0.00319843 0.00319843 
208500 0.00319843 0.00319843 
208600 0.00319843 0.00319843 
208700 0.00319843 0.00319843 
208800 0.00319843 0.00319843 
208900 0.00319843 0.00319843 
209000 0.00319843 0.00319843 
209100 0.00319843 0.00319843 
209200 0.00319843 0.00319843 
209300 0.00319843 0.00319843 
209400 0.00319843 0.00319843 
209500 0.00319843 0.00319843 
209600 0.00319843 0.00319843 
209700 0.00319843 0.00319843 
209800 0.00319843 0.00319843 
209900 0.00319843 0.00319843 
210000 0.00319843 0.00319843 
210100 0.00319843 0.00319843 
210200 0.00319843 0.00319843 
210300 0.00319843 0.00319843 
210400 0.00319843 0.00319843 
210500 0.00319843 0.00319843 
210600 0.00319843 0.00319843 
210700 0.00319843 0.00319843 
210800 0.00319843 0.00319843 
210900 0.00319843 0.00319843 
211000 0.00319843 0.00319843 
211100 0.00319843 0.00319843 
211200 0.00319843 0.00319843 
211300 0.00319843 0.00319843 
211400 0.00319843 0.00319843 
211500 0.00319843 0.00319843 
211600 0.00319843 0.00319843 
211700 0.00319843 0.00319843 
211800 0.00319843 0.00319843 
211900 0.00319843 0.00319843 
212000 0.00319843 0.00319843 
212100 0.00319843 0.00319843 
212200 0.00319843 0.00319843 
212300 0.00319843 0.00319843 
212400 0.00319843 0.00319843 
212500 0.00319843 0.00319843 
212600 0.00319843 0.00319843 
212700 0.00319843 0.00319843 
212800 0.00319843 0.00319843 
212900 0.00319843 0.00319843 
213000 0.00319843 0.00319843 
213100 0.00319843 0.00319843 
213200 0.00319843 0.00319843 
213300 0.00319843 0.00319843 
213400 0.00319843 0.00319843 
213500 0.00319843 0.00319843 
213600 0.00319843 0.00319843 
213700 0.00319843 0.00319843 
213800 0.00319843 0.00319843 
213900 0.00319843 0.00319843 
214000 0.00319843 0.00319843 
214100 0.00319843 0.00319843 
214200 0.00319843 0.00319843 
214300 0.00319843 0.00319843 
214400 0.00319843 0.00319843 
214500 0.00319843 0.00319843 
214600 0.00319843 0.00319843 
214700 0.00319843 0.00319843 
214800 0.00319843 0.00319843 
214900 0.00319843 0.00319843 
215000 0.00319843 0.00319843 
215100 0.00319843 0.00319843 
215200 0.00319843 0.00319843 
215300 0.00319843 0.00319843 
215400 0.00319843 0.00319843 
215500 0.00319843 0.00319843 
215600 0.00319843 0.00319843 
215700 0.00319843 0.00319843 
215800 0.00319843 0.00319843 
215900 0.00319843 0.00319843 
216000 0.00319843 0.00319843 
216100 0.00319843 0.00319843 
216200 0.00319843 0.00319843 
216300 0.00319843 0.00319843 
216400 0.00319843 0.00319843 
216500 0.00319843 0.00319843 
216600 0.00319843 0.00319843 
216700 0.00319843 0.00319843 
216800 0.00319843 0.00319843 
216900 0.00319843 0.00319843 
217000 0.00319843 0.00319843 
217100 0.00319843 0.00319843 
217200 0.00319843 0.00319843 
217300 0.00319843 0.00319843 
217400 0.00319843 0.00319843 
217500 0.00319843 0.00319843 
217600 0.00319843 0.00319843 
217700 0.00319843 0.00319843 
217800 0.00319843 0.00319843 
217900 0.00319843 0.00319843 
218000 0.00319843 0.00319843 
218100 0.00319843 0.00319843 
218200 0.00319843 0.00319843 
218300 0.00319843 0.00319843 
218400 0.00319843 0.00319843 
218500 0.00319843 0.00319843 
218600 0.00319843 0.00319843 
218700 0.00319843 0.00319843 
218800 0.00319843 0.00319843 
218900 0.00319843 0.00319843 
219000 0.00319843 0.00319843 
219100 0.00319843 0.00319843 
219200 0.00319843 0.00319843 
219300 0.00319843 0.00319843 
219400 0.00319843 0.00319843 
219500 0.00319843 0.00319843 
219600 0.00319843 0.00319843 
219700 0.00319843 0.00319843 
219800 0.00319843 0.00319843 
219900 0.00319843 0.00319843 
220000 0.00319843 0.00319843 
220100 0.00319843 0.00319843 
220200 0.00319843 0.00319843 
220300 0.00319843 0.00319843 
220400 0.00319843 0.00319843 
220500 0.00319843 0.00319843 
220600 0.00319843 0.00319843 
220700 0.00319843 0.00319843 
220800 0.00319843 0.00319843 
220900 0.00319843 0.00319843 
221000 0.00319843 0.00319843 
221100 0.00319843 0.00319843 
221200 0.00319843 0.00319843 
221300 0.00319843 0.00319843 
221400 0.00319843 0.00319843 
221500 0.00319843 0.00319843 
221600 0.00319843 0.00319843 
221700 0.00319843 0.00319843 
221800 0.00319843 0.00319843 
221900 0.00319843 0.00319843 
222000 0.00319843 0.00319843 
222100 0.00319843 0.00319843 
222200 0.00319843 0.00319843 
222300 0.00319843 0.00319843 
222400 0.00319843 0.00319843 
222500 0.00319843 0.00319843 
222600 0.00319843 0.00319843 
222700 0.00319843 0.00319843 
222800 0.00319843 0.00319843 
222900 0.00319843 0.00319843 
223000 0.00319843 0.00319843 
223100 0.00319843 0.00319843 
223200 0.00319843 0.00319843 
223300 0.00319843 0.00319843 
223400 0.00319843 0.00319843 
223500 0.00319843 0.00319843 
223600 0.00319843 0.00319843 
223700 0.00319843 0.00319843 
223800 0.00319843 0.00319843 
223900 0.00319843 0.00319843 
224000 0.00319843 0.00319843 
224100 0.00319843 0.00319843 
224200 0.00319843 0.00319843 
224300 0.00319843 0.00319843 
224400 0.00319843 0.00319843 
224500 0.00319843 0.00319843 
224600 0.00319843 0.00319843 
224700 0.00319843 0.00319843 
224800 0.00319843 0.00319843 
224900 0.00319843 0.00319843 
225000 0.00319843 0.00319843 
225100 0.00319843 0.00319843 
225200 0.00319843 0.00319843 
225300 0.00319843 0.00319843 
225400 0.00319843 0.00319843 
225500 0.00319843 0.00319843 
225600 0.00319843 0.00319843 
225700 0.00319843 0.00319843 
225800 0.00319843 0.00319843 
225900 0.00319843 0.00319843 
226000 0.00319843 0.00319843 
226100 0.00319843 0.00319843 
226200 0.00319843 0.00319843 
226300 0.00319843 0.00319843 
226400 0.00319843 0.00319843 
226500 0.00319843 0.00319843 
226600 0.00319843 0.00319843 
226700 0.00319843 0.00319843 
226800 0.00319843 0.00319843 
226900 0.00319843 0.00319843 
227000 0.00319843 0.00319843 
227100 0.00319843 0.00319843 
227200 0.00319843 0.00319843 
227300 0.00319843 0.00319843 
227400 0.00319843 0.00319843 
227500 0.00319843 0.00319843 
227600 0.00319843 0.00319843 
227700 0.00319843 0.00319843 
227800 0.00319843 0.00319843 
227900 0.00319843 0.00319843 
228000 0.00319843 0.00319843 
228100 0.00319843 0.00319843 
228200 0.00319843 0.00319843 
228300 0.00319843 0.00319843 
228400 0.00319843 0.00319843 
228500 0.00319843 0.00319843 
228600 0.00319843 0.00319843 
228700 0.00319843 0.00319843 
228800 0.00319843 0.00319843 
228900 0.00319843 0.00319843 
229000 0.00319843 0.00319843 
229100 0.00319843 0.00319843 
229200 0.00319843 0.00319843 
229300 0.00319843 0.00319843 
229400 0.00319843 0.00319843 
229500 0.00319843 0.00319843 
229600 0.00319843 0.00319843 
229700 0.00319843 0.00319843 
229800 0.00319843 0.00319843 
229900 0.00319843 0.00319843 
230000 0.00319843 0.00319843 
230100 0.00319843 0.00319843 
230200 0.00319843 0.00319843 
230300 0.00319843 0.00319843 
230400 0.00319843 0.00319843 
230500 0.00319843 0.00319843 
230600 0.00319843 0.00319843 
230700 0.00319843 0.00319843 
230800 0.00319843 0.00319843 
230900 0.00319843 0.00319843 
231000 0.00319843 0.00319843 
231100 0.00319843 0.00319843 
231200 0.00319843 0.00319843 
231300 0.00319843 0.00319843 
231400 0.00319843 0.00319843 
231500 0.00319843 0.00319843 
231600 0.00319843 0.00319843 
231700 0.00319843 0.00319843 
231800 0.00319843 0.00319843 
231900 0.00319843 0.00319843 
232000 0.00319843 0.00319843 
232100 0.00319843 0.00319843 
232200 0.00319843 0.00319843 
232300 0.00319843 0.00319843 
232400 0.00319843 0.00319843 
232500 0.00319843 0.00319843 
232600 0.00319843 0.00319843 
232700 0.00319843 0.00319843 
232800 0.00319843 0.00319843 
232900 0.00319843 0.00319843 
233000 0.00319843 0.00319843 
233100 0.00319843 0.00319843 
233200 0.00319843 0.00319843 
233300 0.00319843 0.00319843 
233400 0.00319843 0.00319843 
233500 0.00319843 0.00319843 
233600 0.00319843 0.00319843 
233700 0.00319843 0.00319843 
233800 0.00319843 0.00319843 
233900 0.00319843 0.00319843 
234000 0.00319843 0.00319843 
234100 0.00319843 0.00319843 
234200 0.00319843 0.00319843 
234300 0.00319843 0.00319843 
234400 0.00319843 0.00319843 
234500 0.00319843 0.00319843 
234600 0.00319843 0.00319843 
234700 0.00319843 0.00319843 
234800 0.00319843 0.00319843 
234900 0.00319843 0.00319843 
235000 0.00319843 0.00319843 
235100 0.00319843 0.00319843 
235200 0.00319843 0.00319843 
235300 0.00319843 0.00319843 
235400 0.00319843 0.00319843 
235500 0.00319843 0.00319843 
235600 0.00319843 0.00319843 
235700 0.00319843 0.00319843 
235800 0.00319843 0.00319843 
235900 0.00319843 0.00319843 
236000 0.00319843 0.00319843 
236100 0.00319843 0.00319843 
236200 0.00319843 0.00319843 
236300 0.00319843 0.00319843 
236400 0.00319843 0.00319843 
236500 0.00319843 0.00319843 
236600 0.00319843 0.00319843 
236700 0.00319843 0.00319843 
236800 0.00319843 0.00319843 
236900 0.00319843 0.00319843 
237000 0.00319843 0.00319843 
237100 0.00319843 0.00319843 
237200 0.00319843 0.00319843 
237300 0.00319843 0.00319843 
237400 0.00319843 0.00319843 
237500 0.00319843 0.00319843 
237600 0.00319843 0.00319843 
237700 0.00319843 0.00319843 
237800 0.00319843 0.00319843 
237900 0.00319843 0.00319843 
238000 0.00319843 0.00319843 
238100 0.00319843 0.00319843 
238200 0.00319843 0.00319843 
238300 0.00319843 0.00319843 
238400 0.00319843 0.00319843 
238500 0.00319843 0.00319843 
238600 0.00319843 0.00319843 
238700 0.00319843 0.00319843 
238800 0.00319843 0.00319843 
238900 0.00319843 0.00319843 
239000 0.00319843 0.00319843 
239100 0.00319843 0.00319843 
239200 0.00319843 0.00319843 
239300 0.00319843 0.00319843 
239400 0.00319843 0.00319843 
239500 0.00319843 0.00319843 
239600 0.00319843 0.00319843 
239700 0.00319843 0.00319843 
239800 0.00319843 0.00319843 
239900 0.00319843 0.00319843 
240000 0.00319843 0.00319843 
240100 0.00319843 0.00319843 
240200 0.00319843 0.00319843 
240300 0.00319843 0.00319843 
240400 0.00319843 0.00319843 
240500 0.00319843 0.00319843 
240600 0.00319843 0.00319843 
240700 0.00319843 0.00319843 
240800 0.00319843 0.00319843 
240900 0.00319843 0.00319843 
241000 0.00319843 0.00319843 
241100 0.00319843 0.00319843 
241200 0.00319843 0.00319843 
241300 0.00319843 0.00319843 
241400 0.00319843 0.00319843 
241500 0.00319843 0.00319843 
241600 0.00319843 0.00319843 
241700 0.00319843 0.00319843 
241800 0.00319843 0.00319843 
241900 0.00319843 0.00319843 
242000 0.00319843 0.00319843 
242100 0.00319843 0.00319843 
242200 0.00319843 0.00319843 
242300 0.00319843 0.00319843 
242400 0.00319843 0.00319843 
242500 0.00319843 0.00319843 
242600 0.00319843 0.00319843 
242700 0.00319843 0.00319843 
242800 0.00319843 0.00319843 
242900 0.00319843 0.00319843 
243000 0.00319843 0.00319843 
243100 0.00319843 0.00319843 
243200 0.00319843 0.00319843 
243300 0.00319843 0.00319843 
243400 0.00319843 0.00319843 
243500 0.00319843 0.00319843 
243600 0.00319843 0.00319843 
243700 0.00319843 0.00319843 
243800 0.00319843 0.00319843 
243900 0.00319843 0.00319843 
244000 0.00319843 0.00319843 
244100 0.00319843 0.00319843 
244200 0.00319843 0.00319843 
244300 0.00319843 0.00319843 
244400 0.00319843 0.00319843 
244500 0.00319843 0.00319843 
244600 0.00319843 0.00319843 
244700 0.00319843 0.00319843 
244800 0.00319843 0.00319843 
244900 0.00319843 0.00319843 
245000 0.00319843 0.00319843 
245100 0.00319843 0.00319843 
245200 0.00319843 0.00319843 
245300 0.00319843 0.00319843 
245400 0.00319843 0.00319843 
245500 0.00319843 0.00319843 
245600 0.00319843 0.00319843 
245700 0.00319843 0.00319843 
245800 0.00319843 0.00319843 
245900 0.00319843 0.00319843 
246000 0.00319843 0.00319843 
246100 0.00319843 0.00319843 
246200 0.00319843 0.00319843 
246300 0.00319843 0.00319843 
246400 0.00319843 0.00319843 
246500 0.00319843 0.00319843 
246600 0.00319843 0.00319843 
246700 0.00319843 0.00319843 
246800 0.00319843 0.00319843 
246900 0.00319843 0.00319843 
247000 0.00319843 0.00319843 
247100 0.00319843 0.00319843 
247200 0.00319843 0.00319843 
247300 0.00319843 0.00319843 
247400 0.00319843 0.00319843 
247500 0.00319843 0.00319843 
247600 0.00319843 0.00319843 
247700 0.00319843 0.00319843 
247800 0.00319843 0.00319843 
247900 0.00319843 0.00319843 
248000 0.00319843 0.00319843 
248100 0.00319843 0.00319843 
248200 0.00319843 0.00319843 
248300 0.00319843 0.00319843 
248400 0.00319843 0.00319843 
248500 0.00319843 0.00319843 
248600 0.00319843 0.00319843 
248700 0.00319843 0.00319843 
248800 0.00319843 0.00319843 
248900 0.00319843 0.00319843 
249000 0.00319843 0.00319843 
249100 0.00319843 0.00319843 
249200 0.00319843 0.00319843 
249300 0.00319843 0.00319843 
249400 0.00319843 0.00319843 
249500 0.00319843 0.00319843 
249600 0.00319843 0.00319843 
249700 0.00319843 0.00319843 
249800 0.00319843 0.00319843 
249900 0.00319843 0.00319843 
250000 0.00319843 0.00319843 
250100 0.00319843 0.00319843 
250200 0.00319843 0.00319843 
250300 0.00319843 0.00319843 
250400 0.00319843 0.00319843 
250500 0.00319843 0.00319843 
250600 0.00319843 0.00319843 
250700 0.00319843 0.00319843 
250800 0.00319843 0.00319843 
250900 0.00319843 0.00319843 
251000 0.00319843 0.00319843 
251100 0.00319843 0.00319843 
251200 0.00319843 0.00319843 
251300 0.00319843 0.00319843 
251400 0.00319843 0.00319843 
251500 0.00319843 0.00319843 
251600 0.00319843 0.00319843 
251700 0.00319843 0.00319843 
251800 0.00319843 0.00319843 
251900 0.00319843 0.00319843 
252000 0.00319843 0.00319843 
252100 0.00319843 0.00319843 
252200 0.00319843 0.00319843 
252300 0.00319843 0.00319843 
252400 0.00319843 0.00319843 
252500 0.00319843 0.00319843 
252600 0.00319843 0.00319843 
252700 0.00319843 0.00319843 
252800 0.00319843 0.00319843 
252900 0.00319843 0.00319843 
253000 0.00319843 0.00319843 
253100 0.00319843 0.00319843 
253200 0.00319843 0.00319843 
253300 0.00319843 0.00319843 
253400 0.00319843 0.00319843 
253500 0.00319843 0.00319843 
253600 0.00319843 0.00319843 
253700 0.00319843 0.00319843 
253800 0.00319843 0.00319843 
253900 0.00319843 0.00319843 
254000 0.00319843 0.00319843 
254100 0.00319843 0.00319843 
254200 0.00319843 0.00319843 
254300 0.00319843 0.00319843 
254400 0.00319843 0.00319843 
254500 0.00319843 0.00319843 
254600 0.00319843 0.00319843 
254700 0.00319843 0.00319843 
254800 0.00319843 0.00319843 
254900 0.00319843 0.00319843 
255000 0.00319843 0.00319843 
255100 0.00319843 0.00319843 
255200 0.00319843 0.00319843 
255300 0.00319843 0.00319843 
255400 0.00319843 0.00319843 
255500 0.00319843 0.00319843 
255600 0.00319843 0.00319843 
255700 0.00319843 0.00319843 
255800 0.00319843 0.00319843 
255900 0.00319843 0.00319843 
256000 0.00319843 0.00319843 
256100 0.00319843 0.00319843 
256200 0.00319843 0.00319843 
256300 0.00319843 0.00319843 
256400 0.00319843 0.00319843 
256500 0.00319843 0.00319843 
256600 0.00319843 0.00319843 
256700 0.00319843 0.00319843 
256800 0.00319843 0.00319843 
256900 0.00319843 0.00319843 
257000 0.00319843 0.00319843 
257100 0.00319843 0.00319843 
257200 0.00319843 0.00319843 
257300 0.00319843 0.00319843 
257400 0.00319843 0.00319843 
257500 0.00319843 0.00319843 
257600 0.00319843 0.00319843 
257700 0.00319843 0.00319843 
257800 0.00319843 0.00319843 
257900 0.00319843 0.00319843 
258000 0.00319843 0.00319843 
258100 0.00319843 0.00319843 
258200 0.00319843 0.00319843 
258300 0.00319843 0.00319843 
258400 0.00319843 0.00319843 
258500 0.00319843 0.00319843 
258600 0.00319843 0.00319843 
258700 0.00319843 0.00319843 
258800 0.00319843 0.00319843 
258900 0.00319843 0.00319843 
259000 0.00319843 0.00319843 
259100 0.00319843 0.00319843 
259200 0.00319843 0.00319843 
259300 0.00319843 0.00319843 
259400 0.00319843 0.00319843 
259500 0.00319843 0.00319843 
259600 0.00319843 0.00319843 
259700 0.00319843 0.00319843 
259800 0.00319843 0.00319843 
259900 0.00319843 0.00319843 
260000 0.00319843 0.00319843 
260100 0.00319843 0.00319843 
260200 0.00319843 0.00319843 
260300 0.00319843 0.00319843 
260400 0.00319843 0.00319843 
260500 0.00319843 0.00319843 
260600 0.00319843 0.00319843 
260700 0.00319843 0.00319843 
260800 0.00319843 0.00319843 
260900 0.00319843 0.00319843 
261000 0.00319843 0.00319843 
261100 0.00319843 0.00319843 
261200 0.00319843 0.00319843 
261300 0.00319843 0.00319843 
261400 0.00319843 0.00319843 
261500 0.00319843 0.00319843 
261600 0.00319843 0.00319843 
261700 0.00319843 0.00319843 
261800 0.00319843 0.00319843 
261900 0.00319843 0.00319843 
262000 0.00319843 0.00319843 
262100 0.00319843 0.00319843 
262200 0.00319843 0.00319843 
262300 0.00319843 0.00319843 
262400 0.00319843 0.00319843 
262500 0.00319843 0.00319843 
262600 0.00319843 0.00319843 
262700 0.00319843 0.00319843 
262800 0.00319843 0.00319843 
262900 0.00319843 0.00319843 
263000 0.00319843 0.00319843 
263100 0.00319843 0.00319843 
263200 0.00319843 0.00319843 
263300 0.00319843 0.00319843 
263400 0.00319843 0.00319843 
263500 0.00319843 0.00319843 
263600 0.00319843 0.00319843 
263700 0.00319843 0.00319843 
263800 0.00319843 0.00319843 
263900 0.00319843 0.00319843 
264000 0.00319843 0.00319843 
264100 0.00319843 0.00319843 
264200 0.00319843 0.00319843 
264300 0.00319843 0.00319843 
264400 0.00319843 0.00319843 
264500 0.00319843 0.00319843 
264600 0.00319843 0.00319843 
264700 0.00319843 0.00319843 
264800 0.00319843 0.00319843 
264900 0.00319843 0.00319843 
265000 0.00319843 0.00319843 
265100 0.00319843 0.00319843 
265200 0.00319843 0.00319843 
265300 0.00319843 0.00319843 
265400 0.00319843 0.00319843 
265500 0.00319843 0.00319843 
265600 0.00319843 0.00319843 
265700 0.00319843 0.00319843 
265800 0.00319843 0.00319843 
265900 0.00319843 0.00319843 
266000 0.00319843 0.00319843 
266100 0.00319843 0.00319843 
266200 0.00319843 0.00319843 
266300 0.00319843 0.00319843 
266400 0.00319843 0.00319843 
266500 0.00319843 0.00319843 
266600 0.00319843 0.00319843 
266700 0.00319843 0.00319843 
266800 0.00319843 0.00319843 
266900 0.00319843 0.00319843 
267000 0.00319843 0.00319843 
267100 0.00319843 0.00319843 
267200 0.00319843 0.00319843 
267300 0.00319843 0.00319843 
267400 0.00319843 0.00319843 
267500 0.00319843 0.00319843 
267600 0.00319843 0.00319843 
267700 0.00319843 0.00319843 
267800 0.00319843 0.00319843 
267900 0.00319843 0.00319843 
268000 0.00319843 0.00319843 
268100 0.00319843 0.00319843 
268200 0.00319843 0.00319843 
268300 0.00319843 0.00319843 
268400 0.00319843 0.00319843 
268500 0.00319843 0.00319843 
268600 0.00319843 0.00319843 
268700 0.00319843 0.00319843 
268800 0.00319843 0.00319843 
268900 0.00319843 0.00319843 
269000 0.00319843 0.00319843 
269100 0.00319843 0.00319843 
269200 0.00319843 0.00319843 
269300 0.00319843 0.00319843 
269400 0.00319843 0.00319843 
269500 0.00319843 0.00319843 
269600 0.00319843 0.00319843 
269700 0.00319843 0.00319843 
269800 0.00319843 0.00319843 
269900 0.00319843 0.00319843 
270000 0.00319843 0.00319843 
270100 0.00319843 0.00319843 
270200 0.00319843 0.00319843 
270300 0.00319843 0.00319843 
270400 0.00319843 0.00319843 
270500 0.00319843 0.00319843 
270600 0.00319843 0.00319843 
270700 0.00319843 0.00319843 
270800 0.00319843 0.00319843 
270900 0.00319843 0.00319843 
271000 0.00319843 0.00319843 
271100 0.00319843 0.00319843 
271200 0.00319843 0.00319843 
271300 0.00319843 0.00319843 
271400 0.00319843 0.00319843 
271500 0.00319843 0.00319843 
271600 0.00319843 0.00319843 
271700 0.00319843 0.00319843 
271800 0.00319843 0.00319843 
271900 0.00319843 0.00319843 
272000 0.00319843 0.00319843 
272100 0.00319843 0.00319843 
272200 0.00319843 0.00319843 
272300 0.00319843 0.00319843 
272400 0.00319843 0.00319843 
272500 0.00319843 0.00319843 
272600 0.00319843 0.00319843 
272700 0.00319843 0.00319843 
272800 0.00319843 0.00319843 
272900 0.00319843 0.00319843 
273000 0.00319843 0.00319843 
273100 0.00319843 0.00319843 
273200 0.00319843 0.00319843 
273300 0.00319843 0.00319843 
273400 0.00319843 0.00319843 
273500 0.00319843 0.00319843 
273600 0.00319843 0.00319843 
273700 0.00319843 0.00319843 
273800 0.00319843 0.00319843 
273900 0.00319843 0.00319843 
274000 0.00319843 0.00319843 
274100 0.00319843 0.00319843 
274200 0.00319843 0.00319843 
274300 0.00319843 0.00319843 
274400 0.00319843 0.00319843 
274500 0.00319843 0.00319843 
274600 0.00319843 0.00319843 
274700 0.00319843 0.00319843 
274800 0.00319843 0.00319843 
274900 0.00319843 0.00319843 
275000 0.00319843 0.00319843 
275100 0.00319843 0.00319843 
275200 0.00319843 0.00319843 
275300 0.00319843 0.00319843 
275400 0.00319843 0.00319843 
275500 0.00319843 0.00319843 
275600 0.00319843 0.00319843 
275700 0.00319843 0.00319843 
275800 0.00319843 0.00319843 
275900 0.00319843 0.00319843 
276000 0.00319843 0.00319843 
276100 0.00319843 0.00319843 
276200 0.00319843 0.00319843 
276300 0.00319843 0.00319843 
276400 0.00319843 0.00319843 
276500 0.00319843 0.00319843 
276600 0.00319843 0.00319843 
276700 0.00319843 0.00319843 
276800 0.00319843 0.00319843 
276900 0.00319843 0.00319843 
277000 0.00319843 0.00319843 
277100 0.00319843 0.00319843 
277200 0.00319843 0.00319843 
277300 0.00319843 0.00319843 
277400 0.00319843 0.00319843 
277500 0.00319843 0.00319843 
277600 0.00319843 0.00319843 
277700 0.00319843 0.00319843 
277800 0.00319843 0.00319843 
277900 0.00319843 0.00319843 
278000 0.00319843 0.00319843 
278100 0.00319843 0.00319843 
278200 0.00319843 0.00319843 
278300 0.00319843 0.00319843 
278400 0.00319843 0.00319843 
278500 0.00319843 0.00319843 
278600 0.00319843 0.00319843 
278700 0.00319843 0.00319843 
278800 0.00319843 0.00319843 
278900 0.00319843 0.00319843 
279000 0.00319843 0.00319843 
279100 0.00319843 0.00319843 
279200 0.00319843 0.00319843 
279300 0.00319843 0.00319843 
279400 0.00319843 0.00319843 
279500 0.00319843 0.00319843 
279600 0.00319843 0.00319843 
279700 0.00319843 0.00319843 
279800 0.00319843 0.00319843 
279900 0.00319843 0.00319843 
280000 0.00319843 0.00319843 
280100 0.00319843 0.00319843 
280200 0.00319843 0.00319843 
280300 0.00319843 0.00319843 
280400 0.00319843 0.00319843 
280500 0.00319843 0.00319843 
280600 0.00319843 0.00319843 
280700 0.00319843 0.00319843 
280800 0.00319843 0.00319843 
280900 0.00319843 0.00319843 
281000 0.00319843 0.00319843 
281100 0.00319843 0.00319843 
281200 0.00319843 0.00319843 
281300 0.00319843 0.00319843 
281400 0.00319843 0.00319843 
281500 0.00319843 0.00319843 
281600 0.00319843 0.00319843 
281700 0.00319843 0.00319843 
281800 0.00319843 0.00319843 
281900 0.00319843 0.00319843 
282000 0.00319843 0.00319843 
282100 0.00319843 0.00319843 
282200 0.00319843 0.00319843 
282300 0.00319843 0.00319843 
282400 0.00319843 0.00319843 
282500 0.00319843 0.00319843 
282600 0.00319843 0.00319843 
282700 0.00319843 0.00319843 
282800 0.00319843 0.00319843 
282900 0.00319843 0.00319843 
283000 0.00319843 0.00319843 
283100 0.00319843 0.00319843 
283200 0.00319843 0.00319843 
283300 0.00319843 0.00319843 
283400 0.00319843 0.00319843 
283500 0.00319843 0.00319843 
283600 0.00319843 0.00319843 
283700 0.00319843 0.00319843 
283800 0.00319843 0.00319843 
283900 0.00319843 0.00319843 
284000 0.00319843 0.00319843 
284100 0.00319843 0.00319843 
284200 0.00319843 0.00319843 
284300 0.00319843 0.00319843 
284400 0.00319843 0.00319843 
284500 0.00319843 0.00319843 
284600 0.00319843 0.00319843 
284700 0.00319843 0.00319843 
284800 0.00319843 0.00319843 
284900 0.00319843 0.00319843 
285000 0.00319843 0.00319843 
285100 0.00319843 0.00319843 
285200 0.00319843 0.00319843 
285300 0.00319843 0.00319843 
285400 0.00319843 0.00319843 
285500 0.00319843 0.00319843 
285600 0.00319843 0.00319843 
285700 0.00319843 0.00319843 
285800 0.00319843 0.00319843 
285900 0.00319843 0.00319843 
286000 0.00319843 0.00319843 
286100 0.00319843 0.00319843 
286200 0.00319843 0.00319843 
286300 0.00319843 0.00319843 
286400 0.00319843 0.00319843 
286500 0.00319843 0.00319843 
286600 0.00319843 0.00319843 
286700 0.00319843 0.00319843 
286800 0.00319843 0.00319843 
286900 0.00319843 0.00319843 
287000 0.00319843 0.00319843 
287100 0.00319843 0.00319843 
287200 0.00319843 0.00319843 
287300 0.00319843 0.00319843 
287400 0.00319843 0.00319843 
287500 0.00319843 0.00319843 
287600 0.00319843 0.00319843 
287700 0.00319843 0.00319843 
287800 0.00319843 0.00319843 
287900 0.00319843 0.00319843 
288000 0.00319843 0.00319843 
288100 0.00319843 0.00319843 
288200 0.00319843 0.00319843 
288300 0.00319843 0.00319843 
288400 0.00319843 0.00319843 
288500 0.00319843 0.00319843 
288600 0.00319843 0.00319843 
288700 0.00319843 0.00319843 
288800 0.00319843 0.00319843 
288900 0.00319843 0.00319843 
289000 0.00319843 0.00319843 
289100 0.00319843 0.00319843 
289200 0.00319843 0.00319843 
289300 0.00319843 0.00319843 
289400 0.00319843 0.00319843 
289500 0.00319843 0.00319843 
289600 0.00319843 0.00319843 
289700 0.00319843 0.00319843 
289800 0.00319843 0.00319843 
289900 0.00319843 0.00319843 
290000 0.00319843 0.00319843 
290100 0.00319843 0.00319843 
290200 0.00319843 0.00319843 
290300 0.00319843 0.00319843 
290400 0.00319843 0.00319843 
290500 0.00319843 0.00319843 
290600 0.00319843 0.00319843 
290700 0.00319843 0.00319843 
290800 0.00319843 0.00319843 
290900 0.00319843 0.00319843 
291000 0.00319843 0.00319843 
291100 0.00319843 0.00319843 
291200 0.00319843 0.00319843 
291300 0.00319843 0.00319843 
291400 0.00319843 0.00319843 
291500 0.00319843 0.00319843 
291600 0.00319843 0.00319843 
291700 0.00319843 0.00319843 
291800 0.00319843 0.00319843 
291900 0.00319843 0.00319843 
292000 0.00319843 0.00319843 
292100 0.00319843 0.00319843 
292200 0.00319843 0.00319843 
292300 0.00319843 0.00319843 
292400 0.00319843 0.00319843 
292500 0.00319843 0.00319843 
292600 0.00319843 0.00319843 
292700 0.00319843 0.00319843 
292800 0.00319843 0.00319843 
292900 0.00319843 0.00319843 
293000 0.00319843 0.00319843 
293100 0.00319843 0.00319843 
293200 0.00319843 0.00319843 
293300 0.00319843 0.00319843 
293400 0.00319843 0.00319843 
293500 0.00319843 0.00319843 
293600 0.00319843 0.00319843 
293700 0.00319843 0.00319843 
293800 0.00319843 0.00319843 
293900 0.00319843 0.00319843 
294000 0.00319843 0.00319843 
294100 0.00319843 0.00319843 
294200 0.00319843 0.00319843 
294300 0.00319843 0.00319843 
294400 0.00319843 0.00319843 
294500 0.00319843 0.00319843 
294600 0.00319843 0.00319843 
294700 0.00319843 0.00319843 
294800 0.00319843 0.00319843 
294900 0.00319843 0.00319843 
295000 0.00319843 0.00319843 
295100 0.00319843 0.00319843 
295200 0.00319843 0.00319843 
295300 0.00319843 0.00319843 
295400 0.00319843 0.00319843 
295500 0.00319843 0.00319843 
295600 0.00319843 0.00319843 
295700 0.00319843 0.00319843 
295800 0.00319843 0.00319843 
295900 0.00319843 0.00319843 
296000 0.00319843 0.00319843 
296100 0.00319843 0.00319843 
296200 0.00319843 0.00319843 
296300 0.00319843 0.00319843 
296400 0.00319843 0.00319843 
296500 0.00319843 0.00319843 
296600 0.00319843 0.00319843 
296700 0.00319843 0.00319843 
296800 0.00319843 0.00319843 
296900 0.00319843 0.00319843 
297000 0.00319843 0.00319843 
297100 0.00319843 0.00319843 
297200 0.00319843 0.00319843 
297300 0.00319843 0.00319843 
297400 0.00319843 0.00319843 
297500 0.00319843 0.00319843 
297600 0.00319843 0.00319843 
297700 0.00319843 0.00319843 
297800 0.00319843 0.00319843 
297900 0.00319843 0.00319843 
298000 0.00319843 0.00319843 
298100 0.00319843 0.00319843 
298200 0.00319843 0.00319843 
298300 0.00319843 0.00319843 
298400 0.00319843 0.00319843 
298500 0.00319843 0.00319843 
298600 0.00319843 0.00319843 
298700 0.00319843 0.00319843 
298800 0.00319843 0.00319843 
298900 0.00319843 0.00319843 
299000 0.00319843 0.00319843 
299100 0.00319843 0.00319843 
299200 0.00319843 0.00319843 
299300 0.00319843 0.00319843 
299400 0.00319843 0.00319843 
299500 0.00319843 0.00319843 
299600 0.00319843 0.00319843 
299700 0.00319843 0.00319843 
299800 0.00319843 0.00319843 
299900 0.00319843 0.00319843 
300000 0.00319843 0.00319843 
