100 0.22434920 0.22434920 
200 0.22434920 0.22434920 
300 0.21465904 0.21465904 
400 0.21465904 0.21465904 
500 0.19530335 0.19530335 
600 0.19530335 0.19530335 
700 0.19530335 0.19530335 
800 0.19530335 0.19530335 
900 0.19530335 0.19530335 
1000 0.19530335 0.19530335 
1100 0.19530335 0.19530335 
1200 0.19530335 0.19530335 
1300 0.19530335 0.19530335 
1400 0.19530335 0.19530335 
1500 0.19530335 0.19530335 
1600 0.18817884 0.18817884 
1700 0.18817884 0.18817884 
1800 0.18817884 0.18817884 
1900 0.18817884 0.18817884 
2000 0.18745487 0.18745487 
2100 0.18745487 0.18745487 
2200 0.18499181 0.18499181 
2300 0.18499181 0.18499181 
2400 0.18499181 0.18499181 
2500 0.18499181 0.18499181 
2600 0.18499181 0.18499181 
2700 0.18499181 0.18499181 
2800 0.18499181 0.18499181 
2900 0.18499181 0.18499181 
3000 0.18499181 0.18499181 
3100 0.16056917 0.16056917 
3200 0.16056917 0.16056917 
3300 0.16056917 0.16056917 
3400 0.16056917 0.16056917 
3500 0.16056917 0.16056917 
3600 0.16056917 0.16056917 
3700 0.16056917 0.16056917 
3800 0.16056917 0.16056917 
3900 0.16056917 0.16056917 
4000 0.16056917 0.16056917 
4100 0.16056917 0.16056917 
4200 0.16056917 0.16056917 
4300 0.16056917 0.16056917 
4400 0.15118916 0.15118916 
4500 0.15118916 0.15118916 
4600 0.15118916 0.15118916 
4700 0.15118916 0.15118916 
4800 0.12729314 0.12729314 
4900 0.12729314 0.12729314 
5000 0.12729314 0.12729314 
5100 0.12729314 0.12729314 
5200 0.09500077 0.09500077 
5300 0.09500077 0.09500077 
5400 0.09500077 0.09500077 
5500 0.09500077 0.09500077 
5600 0.09500077 0.09500077 
5700 0.09500077 0.09500077 
5800 0.09500077 0.09500077 
5900 0.09500077 0.09500077 
6000 0.09500077 0.09500077 
6100 0.09500077 0.09500077 
6200 0.09500077 0.09500077 
6300 0.09500077 0.09500077 
6400 0.09500077 0.09500077 
6500 0.09500077 0.09500077 
6600 0.09500077 0.09500077 
6700 0.09500077 0.09500077 
6800 0.09108805 0.09108805 
6900 0.09108805 0.09108805 
7000 0.09108805 0.09108805 
7100 0.09108805 0.09108805 
7200 0.09108805 0.09108805 
7300 0.09108805 0.09108805 
7400 0.09108805 0.09108805 
7500 0.09108805 0.09108805 
7600 0.09108805 0.09108805 
7700 0.07008912 0.07008912 
7800 0.07008912 0.07008912 
7900 0.07008912 0.07008912 
8000 0.07008912 0.07008912 
8100 0.05994071 0.05994071 
8200 0.05994071 0.05994071 
8300 0.05994071 0.05994071 
8400 0.05994071 0.05994071 
8500 0.05994071 0.05994071 
8600 0.05994071 0.05994071 
8700 0.05994071 0.05994071 
8800 0.05994071 0.05994071 
8900 0.05994071 0.05994071 
9000 0.05994071 0.05994071 
9100 0.04316122 0.04316122 
9200 0.04316122 0.04316122 
9300 0.04316122 0.04316122 
9400 0.04316122 0.04316122 
9500 0.04316122 0.04316122 
9600 0.04316122 0.04316122 
9700 0.04316122 0.04316122 
9800 0.04316122 0.04316122 
9900 0.04316122 0.04316122 
10000 0.04316122 0.04316122 
10100 0.04316122 0.04316122 
10200 0.04316122 0.04316122 
10300 0.04316122 0.04316122 
10400 0.04316122 0.04316122 
10500 0.04316122 0.04316122 
10600 0.04316122 0.04316122 
10700 0.04316122 0.04316122 
10800 0.04316122 0.04316122 
10900 0.04316122 0.04316122 
11000 0.04316122 0.04316122 
11100 0.04316122 0.04316122 
11200 0.04316122 0.04316122 
11300 0.00564559 0.00564559 
11400 0.00564559 0.00564559 
11500 0.00564559 0.00564559 
11600 0.00564559 0.00564559 
11700 0.00564559 0.00564559 
11800 0.00564559 0.00564559 
11900 0.00564559 0.00564559 
12000 0.00564559 0.00564559 
12100 0.00564559 0.00564559 
12200 0.00564559 0.00564559 
12300 0.00564559 0.00564559 
12400 0.00564559 0.00564559 
12500 0.00564559 0.00564559 
12600 0.00564559 0.00564559 
12700 0.00564559 0.00564559 
12800 0.00292352 0.00292352 
12900 0.00292352 0.00292352 
13000 0.00292352 0.00292352 
13100 0.00292352 0.00292352 
13200 0.00292352 0.00292352 
13300 0.00292352 0.00292352 
13400 0.00292352 0.00292352 
13500 0.00292352 0.00292352 
13600 0.00292352 0.00292352 
13700 0.00292352 0.00292352 
13800 0.00292352 0.00292352 
13900 0.00292352 0.00292352 
14000 0.00002537 0.00002537 
14100 0.00002537 0.00002537 
14200 0.00002537 0.00002537 
14300 0.00002537 0.00002537 
14400 0.00002537 0.00002537 
14500 0.00002537 0.00002537 
14600 0.00002537 0.00002537 
14700 0.00002537 0.00002537 
14800 0.00002537 0.00002537 
14900 0.00002537 0.00002537 
15000 0.00002537 0.00002537 
15100 0.00002537 0.00002537 
15200 0.00002537 0.00002537 
15300 0.00002537 0.00002537 
15400 0.00002537 0.00002537 
15500 0.00002537 0.00002537 
15600 0.00002537 0.00002537 
15700 0.00002537 0.00002537 
15800 0.00002537 0.00002537 
15900 0.00002537 0.00002537 
16000 0.00002537 0.00002537 
16100 0.00002537 0.00002537 
16200 0.00002537 0.00002537 
16300 0.00002537 0.00002537 
16400 0.00002537 0.00002537 
16500 0.00002537 0.00002537 
16600 0.00002537 0.00002537 
16700 0.00002537 0.00002537 
16800 0.00002537 0.00002537 
16900 0.00002537 0.00002537 
17000 0.00002537 0.00002537 
17100 0.00002537 0.00002537 
17200 0.00002537 0.00002537 
17300 0.00002537 0.00002537 
17400 0.00002537 0.00002537 
17500 0.00002537 0.00002537 
17600 0.00002537 0.00002537 
17700 0.00002537 0.00002537 
17800 0.00002537 0.00002537 
17900 0.00002537 0.00002537 
18000 0.00002537 0.00002537 
18100 0.00002537 0.00002537 
18200 0.00002537 0.00002537 
18300 0.00002537 0.00002537 
18400 0.00002537 0.00002537 
18500 0.00002537 0.00002537 
18600 0.00002537 0.00002537 
18700 0.00002537 0.00002537 
18800 0.00002537 0.00002537 
18900 0.00002537 0.00002537 
19000 0.00002537 0.00002537 
19100 0.00002537 0.00002537 
19200 0.00002537 0.00002537 
19300 0.00002537 0.00002537 
19400 0.00002537 0.00002537 
19500 0.00002537 0.00002537 
19600 0.00002537 0.00002537 
19700 0.00002537 0.00002537 
19800 0.00002537 0.00002537 
19900 0.00002537 0.00002537 
20000 0.00002537 0.00002537 
20100 0.00002537 0.00002537 
20200 0.00002537 0.00002537 
20300 0.00002537 0.00002537 
20400 0.00002537 0.00002537 
20500 0.00002537 0.00002537 
20600 0.00002537 0.00002537 
20700 0.00002537 0.00002537 
20800 0.00002537 0.00002537 
20900 0.00002537 0.00002537 
21000 0.00002537 0.00002537 
21100 0.00002537 0.00002537 
21200 0.00002537 0.00002537 
21300 0.00002537 0.00002537 
21400 0.00002537 0.00002537 
21500 0.00002537 0.00002537 
21600 0.00002537 0.00002537 
21700 0.00002537 0.00002537 
21800 0.00002537 0.00002537 
21900 0.00002537 0.00002537 
22000 0.00002537 0.00002537 
22100 0.00002537 0.00002537 
22200 0.00002537 0.00002537 
22300 0.00002537 0.00002537 
22400 0.00002537 0.00002537 
22500 0.00002537 0.00002537 
22600 0.00002537 0.00002537 
22700 0.00002537 0.00002537 
22800 0.00002537 0.00002537 
22900 0.00002537 0.00002537 
23000 0.00002537 0.00002537 
23100 0.00002537 0.00002537 
23200 0.00002537 0.00002537 
23300 0.00002537 0.00002537 
23400 0.00002537 0.00002537 
23500 0.00002537 0.00002537 
23600 0.00002537 0.00002537 
23700 0.00002537 0.00002537 
23800 0.00002537 0.00002537 
23900 0.00002537 0.00002537 
24000 0.00002537 0.00002537 
24100 0.00002537 0.00002537 
24200 0.00002537 0.00002537 
24300 0.00002537 0.00002537 
24400 0.00002537 0.00002537 
24500 0.00002537 0.00002537 
24600 0.00002537 0.00002537 
24700 0.00002537 0.00002537 
24800 0.00002537 0.00002537 
24900 0.00002537 0.00002537 
25000 0.00002537 0.00002537 
25100 0.00002537 0.00002537 
25200 0.00002537 0.00002537 
25300 0.00002537 0.00002537 
25400 0.00002537 0.00002537 
25500 0.00002537 0.00002537 
25600 0.00002537 0.00002537 
25700 0.00002537 0.00002537 
25800 0.00002537 0.00002537 
25900 0.00002537 0.00002537 
26000 0.00002537 0.00002537 
26100 0.00002537 0.00002537 
26200 0.00002537 0.00002537 
26300 0.00002537 0.00002537 
26400 0.00002537 0.00002537 
26500 0.00002537 0.00002537 
26600 0.00002537 0.00002537 
26700 0.00002537 0.00002537 
26800 0.00002537 0.00002537 
26900 0.00002537 0.00002537 
27000 0.00002537 0.00002537 
27100 0.00002537 0.00002537 
27200 0.00002537 0.00002537 
27300 0.00002537 0.00002537 
27400 0.00002537 0.00002537 
27500 0.00002537 0.00002537 
27600 0.00002537 0.00002537 
27700 0.00002537 0.00002537 
27800 0.00002537 0.00002537 
27900 0.00002537 0.00002537 
28000 0.00002537 0.00002537 
28100 0.00002537 0.00002537 
28200 0.00002537 0.00002537 
28300 0.00002537 0.00002537 
28400 0.00002537 0.00002537 
28500 0.00002537 0.00002537 
28600 0.00002537 0.00002537 
28700 0.00002537 0.00002537 
28800 0.00002537 0.00002537 
28900 0.00002537 0.00002537 
29000 0.00002537 0.00002537 
29100 0.00002537 0.00002537 
29200 0.00002537 0.00002537 
29300 0.00002537 0.00002537 
29400 0.00002537 0.00002537 
29500 0.00002537 0.00002537 
29600 0.00002537 0.00002537 
29700 0.00002537 0.00002537 
29800 0.00002537 0.00002537 
29900 0.00002537 0.00002537 
30000 0.00002537 0.00002537 
30100 0.00002537 0.00002537 
30200 0.00002537 0.00002537 
30300 0.00002537 0.00002537 
30400 0.00002537 0.00002537 
30500 0.00002537 0.00002537 
30600 0.00002537 0.00002537 
30700 0.00002537 0.00002537 
30800 0.00002537 0.00002537 
30900 0.00002537 0.00002537 
31000 0.00002537 0.00002537 
31100 0.00002537 0.00002537 
31200 0.00002537 0.00002537 
31300 0.00002537 0.00002537 
31400 0.00002537 0.00002537 
31500 0.00002537 0.00002537 
31600 0.00002537 0.00002537 
31700 0.00002537 0.00002537 
31800 0.00002537 0.00002537 
31900 0.00002537 0.00002537 
32000 0.00002537 0.00002537 
32100 0.00002537 0.00002537 
32200 0.00002537 0.00002537 
32300 0.00002537 0.00002537 
32400 0.00002537 0.00002537 
32500 0.00002537 0.00002537 
32600 0.00002537 0.00002537 
32700 0.00002537 0.00002537 
32800 0.00002537 0.00002537 
32900 0.00002537 0.00002537 
33000 0.00002537 0.00002537 
33100 0.00002537 0.00002537 
33200 0.00002537 0.00002537 
33300 0.00002537 0.00002537 
33400 0.00002537 0.00002537 
33500 0.00002537 0.00002537 
33600 0.00002537 0.00002537 
33700 0.00002537 0.00002537 
33800 0.00002537 0.00002537 
33900 0.00002537 0.00002537 
34000 0.00002537 0.00002537 
34100 0.00002537 0.00002537 
34200 0.00002537 0.00002537 
34300 0.00002537 0.00002537 
34400 0.00002537 0.00002537 
34500 0.00002537 0.00002537 
34600 0.00002537 0.00002537 
34700 0.00002537 0.00002537 
34800 0.00002537 0.00002537 
34900 0.00002537 0.00002537 
35000 0.00002537 0.00002537 
35100 0.00002537 0.00002537 
35200 0.00002537 0.00002537 
35300 0.00002537 0.00002537 
35400 0.00002537 0.00002537 
35500 0.00002537 0.00002537 
35600 0.00002537 0.00002537 
35700 0.00002537 0.00002537 
35800 0.00002537 0.00002537 
35900 0.00002537 0.00002537 
36000 0.00002537 0.00002537 
36100 0.00002537 0.00002537 
36200 0.00002537 0.00002537 
36300 0.00002537 0.00002537 
36400 0.00002537 0.00002537 
36500 0.00002537 0.00002537 
36600 0.00002537 0.00002537 
36700 0.00002537 0.00002537 
36800 0.00002537 0.00002537 
36900 0.00002537 0.00002537 
37000 0.00002537 0.00002537 
37100 0.00002537 0.00002537 
37200 0.00002537 0.00002537 
37300 0.00002537 0.00002537 
37400 0.00002537 0.00002537 
37500 0.00002537 0.00002537 
37600 0.00002537 0.00002537 
37700 0.00002537 0.00002537 
37800 0.00002537 0.00002537 
37900 0.00002537 0.00002537 
38000 0.00002537 0.00002537 
38100 0.00002537 0.00002537 
38200 0.00002537 0.00002537 
38300 0.00002537 0.00002537 
38400 0.00002537 0.00002537 
38500 0.00002537 0.00002537 
38600 0.00002537 0.00002537 
38700 0.00002537 0.00002537 
38800 0.00002537 0.00002537 
38900 0.00002537 0.00002537 
39000 0.00002537 0.00002537 
39100 0.00002537 0.00002537 
39200 0.00002537 0.00002537 
39300 0.00002537 0.00002537 
39400 0.00002537 0.00002537 
39500 0.00002537 0.00002537 
39600 0.00002537 0.00002537 
39700 0.00002537 0.00002537 
39800 0.00002537 0.00002537 
39900 0.00002537 0.00002537 
40000 0.00002537 0.00002537 
40100 0.00002537 0.00002537 
40200 0.00002537 0.00002537 
40300 0.00002537 0.00002537 
40400 0.00002537 0.00002537 
40500 0.00002537 0.00002537 
40600 0.00002537 0.00002537 
40700 0.00002537 0.00002537 
40800 0.00002537 0.00002537 
40900 0.00002537 0.00002537 
41000 0.00002537 0.00002537 
41100 0.00002537 0.00002537 
41200 0.00002537 0.00002537 
41300 0.00002537 0.00002537 
41400 0.00002537 0.00002537 
41500 0.00002537 0.00002537 
41600 0.00002537 0.00002537 
41700 0.00002537 0.00002537 
41800 0.00002537 0.00002537 
41900 0.00002537 0.00002537 
42000 0.00002537 0.00002537 
42100 0.00002537 0.00002537 
42200 0.00002537 0.00002537 
42300 0.00002537 0.00002537 
42400 0.00002537 0.00002537 
42500 0.00002537 0.00002537 
42600 0.00002537 0.00002537 
42700 0.00002537 0.00002537 
42800 0.00002537 0.00002537 
42900 0.00002537 0.00002537 
43000 0.00002537 0.00002537 
43100 0.00002537 0.00002537 
43200 0.00002537 0.00002537 
43300 0.00002537 0.00002537 
43400 0.00002537 0.00002537 
43500 0.00002537 0.00002537 
43600 0.00002537 0.00002537 
43700 0.00002537 0.00002537 
43800 0.00002537 0.00002537 
43900 0.00002537 0.00002537 
44000 0.00002537 0.00002537 
44100 0.00002537 0.00002537 
44200 0.00002537 0.00002537 
44300 0.00002537 0.00002537 
44400 0.00002537 0.00002537 
44500 0.00002537 0.00002537 
44600 0.00002537 0.00002537 
44700 0.00002537 0.00002537 
44800 0.00002537 0.00002537 
44900 0.00002537 0.00002537 
45000 0.00002537 0.00002537 
45100 0.00002537 0.00002537 
45200 0.00002537 0.00002537 
45300 0.00002537 0.00002537 
45400 0.00002537 0.00002537 
45500 0.00002537 0.00002537 
45600 0.00002537 0.00002537 
45700 0.00002537 0.00002537 
45800 0.00002537 0.00002537 
45900 0.00002537 0.00002537 
46000 0.00002537 0.00002537 
46100 0.00002537 0.00002537 
46200 0.00002537 0.00002537 
46300 0.00002537 0.00002537 
46400 0.00002537 0.00002537 
46500 0.00002537 0.00002537 
46600 0.00002537 0.00002537 
46700 0.00002537 0.00002537 
46800 0.00002537 0.00002537 
46900 0.00002537 0.00002537 
47000 0.00002537 0.00002537 
47100 0.00002537 0.00002537 
47200 0.00002537 0.00002537 
47300 0.00002537 0.00002537 
47400 0.00002537 0.00002537 
47500 0.00002537 0.00002537 
47600 0.00002537 0.00002537 
47700 0.00002537 0.00002537 
47800 0.00002537 0.00002537 
47900 0.00002537 0.00002537 
48000 0.00002537 0.00002537 
48100 0.00002537 0.00002537 
48200 0.00002537 0.00002537 
48300 0.00002537 0.00002537 
48400 0.00002537 0.00002537 
48500 0.00002537 0.00002537 
48600 0.00002537 0.00002537 
48700 0.00002537 0.00002537 
48800 0.00002537 0.00002537 
48900 0.00002537 0.00002537 
49000 0.00002537 0.00002537 
49100 0.00002537 0.00002537 
49200 0.00002537 0.00002537 
49300 0.00002537 0.00002537 
49400 0.00002537 0.00002537 
49500 0.00002537 0.00002537 
49600 0.00002537 0.00002537 
49700 0.00002537 0.00002537 
49800 0.00002537 0.00002537 
49900 0.00002537 0.00002537 
50000 0.00002537 0.00002537 
50100 0.00002537 0.00002537 
50200 0.00002537 0.00002537 
50300 0.00002537 0.00002537 
50400 0.00002537 0.00002537 
50500 0.00002537 0.00002537 
50600 0.00002537 0.00002537 
50700 0.00002537 0.00002537 
50800 0.00002537 0.00002537 
50900 0.00002537 0.00002537 
51000 0.00002537 0.00002537 
51100 0.00002537 0.00002537 
51200 0.00002537 0.00002537 
51300 0.00002537 0.00002537 
51400 0.00002537 0.00002537 
51500 0.00002537 0.00002537 
51600 0.00002537 0.00002537 
51700 0.00002537 0.00002537 
51800 0.00002537 0.00002537 
51900 0.00002537 0.00002537 
52000 0.00002537 0.00002537 
52100 0.00002537 0.00002537 
52200 0.00002537 0.00002537 
52300 0.00002537 0.00002537 
52400 0.00002537 0.00002537 
52500 0.00002537 0.00002537 
52600 0.00002537 0.00002537 
52700 0.00002537 0.00002537 
52800 0.00002537 0.00002537 
52900 0.00002537 0.00002537 
53000 0.00002537 0.00002537 
53100 0.00002537 0.00002537 
53200 0.00002537 0.00002537 
53300 0.00002537 0.00002537 
53400 0.00002537 0.00002537 
53500 0.00002537 0.00002537 
53600 0.00002537 0.00002537 
53700 0.00002537 0.00002537 
53800 0.00002537 0.00002537 
53900 0.00002537 0.00002537 
54000 0.00002537 0.00002537 
54100 0.00002537 0.00002537 
54200 0.00002537 0.00002537 
54300 0.00002537 0.00002537 
54400 0.00002537 0.00002537 
54500 0.00002537 0.00002537 
54600 0.00002537 0.00002537 
54700 0.00002537 0.00002537 
54800 0.00002537 0.00002537 
54900 0.00002537 0.00002537 
55000 0.00002537 0.00002537 
55100 0.00002537 0.00002537 
55200 0.00002537 0.00002537 
55300 0.00002537 0.00002537 
55400 0.00002537 0.00002537 
55500 0.00002537 0.00002537 
55600 0.00002537 0.00002537 
55700 0.00002537 0.00002537 
55800 0.00002537 0.00002537 
55900 0.00002537 0.00002537 
56000 0.00002537 0.00002537 
56100 0.00002537 0.00002537 
56200 0.00002537 0.00002537 
56300 0.00002537 0.00002537 
56400 0.00002537 0.00002537 
56500 0.00002537 0.00002537 
56600 0.00002537 0.00002537 
56700 0.00002537 0.00002537 
56800 0.00002537 0.00002537 
56900 0.00002537 0.00002537 
57000 0.00002537 0.00002537 
57100 0.00002537 0.00002537 
57200 0.00002537 0.00002537 
57300 0.00002537 0.00002537 
57400 0.00002537 0.00002537 
57500 0.00002537 0.00002537 
57600 0.00002537 0.00002537 
57700 0.00002537 0.00002537 
57800 0.00002537 0.00002537 
57900 0.00002537 0.00002537 
58000 0.00002537 0.00002537 
58100 0.00002537 0.00002537 
58200 0.00002537 0.00002537 
58300 0.00002537 0.00002537 
58400 0.00002537 0.00002537 
58500 0.00002537 0.00002537 
58600 0.00002537 0.00002537 
58700 0.00002537 0.00002537 
58800 0.00002537 0.00002537 
58900 0.00002537 0.00002537 
59000 0.00002537 0.00002537 
59100 0.00002537 0.00002537 
59200 0.00002537 0.00002537 
59300 0.00002537 0.00002537 
59400 0.00002537 0.00002537 
59500 0.00002537 0.00002537 
59600 0.00002537 0.00002537 
59700 0.00002537 0.00002537 
59800 0.00002537 0.00002537 
59900 0.00002537 0.00002537 
60000 0.00002537 0.00002537 
60100 0.00002537 0.00002537 
60200 0.00002537 0.00002537 
60300 0.00002537 0.00002537 
60400 0.00002537 0.00002537 
60500 0.00002537 0.00002537 
60600 0.00002537 0.00002537 
60700 0.00002537 0.00002537 
60800 0.00002537 0.00002537 
60900 0.00002537 0.00002537 
61000 0.00002537 0.00002537 
61100 0.00002537 0.00002537 
61200 0.00002537 0.00002537 
61300 0.00002537 0.00002537 
61400 0.00002537 0.00002537 
61500 0.00002537 0.00002537 
61600 0.00002537 0.00002537 
61700 0.00002537 0.00002537 
61800 0.00002537 0.00002537 
61900 0.00002537 0.00002537 
62000 0.00002537 0.00002537 
62100 0.00002537 0.00002537 
62200 0.00002537 0.00002537 
62300 0.00002537 0.00002537 
62400 0.00002537 0.00002537 
62500 0.00002537 0.00002537 
62600 0.00002537 0.00002537 
62700 0.00002537 0.00002537 
62800 0.00002537 0.00002537 
62900 0.00002537 0.00002537 
63000 0.00002537 0.00002537 
63100 0.00002537 0.00002537 
63200 0.00002537 0.00002537 
63300 0.00002537 0.00002537 
63400 0.00002537 0.00002537 
63500 0.00002537 0.00002537 
63600 0.00002537 0.00002537 
63700 0.00002537 0.00002537 
63800 0.00002537 0.00002537 
63900 0.00002537 0.00002537 
64000 0.00002537 0.00002537 
64100 0.00002537 0.00002537 
64200 0.00002537 0.00002537 
64300 0.00002537 0.00002537 
64400 0.00002537 0.00002537 
64500 0.00002537 0.00002537 
64600 0.00002537 0.00002537 
64700 0.00002537 0.00002537 
64800 0.00002537 0.00002537 
64900 0.00002537 0.00002537 
65000 0.00002537 0.00002537 
65100 0.00002537 0.00002537 
65200 0.00002537 0.00002537 
65300 0.00002537 0.00002537 
65400 0.00002537 0.00002537 
65500 0.00002537 0.00002537 
65600 0.00002537 0.00002537 
65700 0.00002537 0.00002537 
65800 0.00002537 0.00002537 
65900 0.00002537 0.00002537 
66000 0.00002537 0.00002537 
66100 0.00002537 0.00002537 
66200 0.00002537 0.00002537 
66300 0.00002537 0.00002537 
66400 0.00002537 0.00002537 
66500 0.00002537 0.00002537 
66600 0.00002537 0.00002537 
66700 0.00002537 0.00002537 
66800 0.00002537 0.00002537 
66900 0.00002537 0.00002537 
67000 0.00002537 0.00002537 
67100 0.00002537 0.00002537 
67200 0.00002537 0.00002537 
67300 0.00002537 0.00002537 
67400 0.00002537 0.00002537 
67500 0.00002537 0.00002537 
67600 0.00002537 0.00002537 
67700 0.00002537 0.00002537 
67800 0.00002537 0.00002537 
67900 0.00002537 0.00002537 
68000 0.00002537 0.00002537 
68100 0.00002537 0.00002537 
68200 0.00002537 0.00002537 
68300 0.00002537 0.00002537 
68400 0.00002537 0.00002537 
68500 0.00002537 0.00002537 
68600 0.00002537 0.00002537 
68700 0.00002537 0.00002537 
68800 0.00002537 0.00002537 
68900 0.00002537 0.00002537 
69000 0.00002537 0.00002537 
69100 0.00002537 0.00002537 
69200 0.00002537 0.00002537 
69300 0.00002537 0.00002537 
69400 0.00002537 0.00002537 
69500 0.00002537 0.00002537 
69600 0.00002537 0.00002537 
69700 0.00002537 0.00002537 
69800 0.00002537 0.00002537 
69900 0.00002537 0.00002537 
70000 0.00002537 0.00002537 
70100 0.00002537 0.00002537 
70200 0.00002537 0.00002537 
70300 0.00002537 0.00002537 
70400 0.00002537 0.00002537 
70500 0.00002537 0.00002537 
70600 0.00002537 0.00002537 
70700 0.00002537 0.00002537 
70800 0.00002537 0.00002537 
70900 0.00002537 0.00002537 
71000 0.00002537 0.00002537 
71100 0.00002537 0.00002537 
71200 0.00002537 0.00002537 
71300 0.00002537 0.00002537 
71400 0.00002537 0.00002537 
71500 0.00002537 0.00002537 
71600 0.00002537 0.00002537 
71700 0.00002537 0.00002537 
71800 0.00002537 0.00002537 
71900 0.00002537 0.00002537 
72000 0.00002537 0.00002537 
72100 0.00002537 0.00002537 
72200 0.00002537 0.00002537 
72300 0.00002537 0.00002537 
72400 0.00002537 0.00002537 
72500 0.00002537 0.00002537 
72600 0.00002537 0.00002537 
72700 0.00002537 0.00002537 
72800 0.00002537 0.00002537 
72900 0.00002537 0.00002537 
73000 0.00002537 0.00002537 
73100 0.00002537 0.00002537 
73200 0.00002537 0.00002537 
73300 0.00002537 0.00002537 
73400 0.00002537 0.00002537 
73500 0.00002537 0.00002537 
73600 0.00002537 0.00002537 
73700 0.00002537 0.00002537 
73800 0.00002537 0.00002537 
73900 0.00002537 0.00002537 
74000 0.00002537 0.00002537 
74100 0.00002537 0.00002537 
74200 0.00002537 0.00002537 
74300 0.00002537 0.00002537 
74400 0.00002537 0.00002537 
74500 0.00002537 0.00002537 
74600 0.00002537 0.00002537 
74700 0.00002537 0.00002537 
74800 0.00002537 0.00002537 
74900 0.00002537 0.00002537 
75000 0.00002537 0.00002537 
75100 0.00002537 0.00002537 
75200 0.00002537 0.00002537 
75300 0.00002537 0.00002537 
75400 0.00002537 0.00002537 
75500 0.00002537 0.00002537 
75600 0.00002537 0.00002537 
75700 0.00002537 0.00002537 
75800 0.00002537 0.00002537 
75900 0.00002537 0.00002537 
76000 0.00002537 0.00002537 
76100 0.00002537 0.00002537 
76200 0.00002537 0.00002537 
76300 0.00002537 0.00002537 
76400 0.00002537 0.00002537 
76500 0.00002537 0.00002537 
76600 0.00002537 0.00002537 
76700 0.00002537 0.00002537 
76800 0.00002537 0.00002537 
76900 0.00002537 0.00002537 
77000 0.00002537 0.00002537 
77100 0.00002537 0.00002537 
77200 0.00002537 0.00002537 
77300 0.00002537 0.00002537 
77400 0.00002537 0.00002537 
77500 0.00002537 0.00002537 
77600 0.00002537 0.00002537 
77700 0.00002537 0.00002537 
77800 0.00002537 0.00002537 
77900 0.00002537 0.00002537 
78000 0.00002537 0.00002537 
78100 0.00002537 0.00002537 
78200 0.00002537 0.00002537 
78300 0.00002537 0.00002537 
78400 0.00002537 0.00002537 
78500 0.00002537 0.00002537 
78600 0.00002537 0.00002537 
78700 0.00002537 0.00002537 
78800 0.00002537 0.00002537 
78900 0.00002537 0.00002537 
79000 0.00002537 0.00002537 
79100 0.00002537 0.00002537 
79200 0.00002537 0.00002537 
79300 0.00002537 0.00002537 
79400 0.00002537 0.00002537 
79500 0.00002537 0.00002537 
79600 0.00002537 0.00002537 
79700 0.00002537 0.00002537 
79800 0.00002537 0.00002537 
79900 0.00002537 0.00002537 
80000 0.00002537 0.00002537 
80100 0.00002537 0.00002537 
80200 0.00002537 0.00002537 
80300 0.00002537 0.00002537 
80400 0.00002537 0.00002537 
80500 0.00002537 0.00002537 
80600 0.00002537 0.00002537 
80700 0.00002537 0.00002537 
80800 0.00002537 0.00002537 
80900 0.00002537 0.00002537 
81000 0.00002537 0.00002537 
81100 0.00002537 0.00002537 
81200 0.00002537 0.00002537 
81300 0.00002537 0.00002537 
81400 0.00002537 0.00002537 
81500 0.00002537 0.00002537 
81600 0.00002537 0.00002537 
81700 0.00002537 0.00002537 
81800 0.00002537 0.00002537 
81900 0.00002537 0.00002537 
82000 0.00002537 0.00002537 
82100 0.00002537 0.00002537 
82200 0.00002537 0.00002537 
82300 0.00002537 0.00002537 
82400 0.00002537 0.00002537 
82500 0.00002537 0.00002537 
82600 0.00002537 0.00002537 
82700 0.00002537 0.00002537 
82800 0.00002537 0.00002537 
82900 0.00002537 0.00002537 
83000 0.00002537 0.00002537 
83100 0.00002537 0.00002537 
83200 0.00002537 0.00002537 
83300 0.00002537 0.00002537 
83400 0.00002537 0.00002537 
83500 0.00002537 0.00002537 
83600 0.00002537 0.00002537 
83700 0.00002537 0.00002537 
83800 0.00002537 0.00002537 
83900 0.00002537 0.00002537 
84000 0.00002537 0.00002537 
84100 0.00002537 0.00002537 
84200 0.00002537 0.00002537 
84300 0.00002537 0.00002537 
84400 0.00002537 0.00002537 
84500 0.00002537 0.00002537 
84600 0.00002537 0.00002537 
84700 0.00002537 0.00002537 
84800 0.00002537 0.00002537 
84900 0.00002537 0.00002537 
85000 0.00002537 0.00002537 
85100 0.00002537 0.00002537 
85200 0.00002537 0.00002537 
85300 0.00002537 0.00002537 
85400 0.00002537 0.00002537 
85500 0.00002537 0.00002537 
85600 0.00002537 0.00002537 
85700 0.00002537 0.00002537 
85800 0.00002537 0.00002537 
85900 0.00002537 0.00002537 
86000 0.00002537 0.00002537 
86100 0.00002537 0.00002537 
86200 0.00002537 0.00002537 
86300 0.00002537 0.00002537 
86400 0.00002537 0.00002537 
86500 0.00002537 0.00002537 
86600 0.00002537 0.00002537 
86700 0.00002537 0.00002537 
86800 0.00002537 0.00002537 
86900 0.00002537 0.00002537 
87000 0.00002537 0.00002537 
87100 0.00002537 0.00002537 
87200 0.00002537 0.00002537 
87300 0.00002537 0.00002537 
87400 0.00002537 0.00002537 
87500 0.00002537 0.00002537 
87600 0.00002537 0.00002537 
87700 0.00002537 0.00002537 
87800 0.00002537 0.00002537 
87900 0.00002537 0.00002537 
88000 0.00002537 0.00002537 
88100 0.00002537 0.00002537 
88200 0.00002537 0.00002537 
88300 0.00002537 0.00002537 
88400 0.00002537 0.00002537 
88500 0.00002537 0.00002537 
88600 0.00002537 0.00002537 
88700 0.00002537 0.00002537 
88800 0.00002537 0.00002537 
88900 0.00002537 0.00002537 
89000 0.00002537 0.00002537 
89100 0.00002537 0.00002537 
89200 0.00002537 0.00002537 
89300 0.00002537 0.00002537 
89400 0.00002537 0.00002537 
89500 0.00002537 0.00002537 
89600 0.00002537 0.00002537 
89700 0.00002537 0.00002537 
89800 0.00002537 0.00002537 
89900 0.00002537 0.00002537 
90000 0.00002537 0.00002537 
90100 0.00002537 0.00002537 
90200 0.00002537 0.00002537 
90300 0.00002537 0.00002537 
90400 0.00002537 0.00002537 
90500 0.00002537 0.00002537 
90600 0.00002537 0.00002537 
90700 0.00002537 0.00002537 
90800 0.00002537 0.00002537 
90900 0.00002537 0.00002537 
91000 0.00002537 0.00002537 
91100 0.00002537 0.00002537 
91200 0.00002537 0.00002537 
91300 0.00002537 0.00002537 
91400 0.00002537 0.00002537 
91500 0.00002537 0.00002537 
91600 0.00002537 0.00002537 
91700 0.00002537 0.00002537 
91800 0.00002537 0.00002537 
91900 0.00002537 0.00002537 
92000 0.00002537 0.00002537 
92100 0.00002537 0.00002537 
92200 0.00002537 0.00002537 
92300 0.00002537 0.00002537 
92400 0.00002537 0.00002537 
92500 0.00002537 0.00002537 
92600 0.00002537 0.00002537 
92700 0.00002537 0.00002537 
92800 0.00002537 0.00002537 
92900 0.00002537 0.00002537 
93000 0.00002537 0.00002537 
93100 0.00002537 0.00002537 
93200 0.00002537 0.00002537 
93300 0.00002537 0.00002537 
93400 0.00002537 0.00002537 
93500 0.00002537 0.00002537 
93600 0.00002537 0.00002537 
93700 0.00002537 0.00002537 
93800 0.00002537 0.00002537 
93900 0.00002537 0.00002537 
94000 0.00002537 0.00002537 
94100 0.00002537 0.00002537 
94200 0.00002537 0.00002537 
94300 0.00002537 0.00002537 
94400 0.00002537 0.00002537 
94500 0.00002537 0.00002537 
94600 0.00002537 0.00002537 
94700 0.00002537 0.00002537 
94800 0.00002537 0.00002537 
94900 0.00002537 0.00002537 
95000 0.00002537 0.00002537 
95100 0.00002537 0.00002537 
95200 0.00002537 0.00002537 
95300 0.00002537 0.00002537 
95400 0.00002537 0.00002537 
95500 0.00002537 0.00002537 
95600 0.00002537 0.00002537 
95700 0.00002537 0.00002537 
95800 0.00002537 0.00002537 
95900 0.00002537 0.00002537 
96000 0.00002537 0.00002537 
96100 0.00002537 0.00002537 
96200 0.00002537 0.00002537 
96300 0.00002537 0.00002537 
96400 0.00002537 0.00002537 
96500 0.00002537 0.00002537 
96600 0.00002537 0.00002537 
96700 0.00002537 0.00002537 
96800 0.00002537 0.00002537 
96900 0.00002537 0.00002537 
97000 0.00002537 0.00002537 
97100 0.00002537 0.00002537 
97200 0.00002537 0.00002537 
97300 0.00002537 0.00002537 
97400 0.00002537 0.00002537 
97500 0.00002537 0.00002537 
97600 0.00002537 0.00002537 
97700 0.00002537 0.00002537 
97800 0.00002537 0.00002537 
97900 0.00002537 0.00002537 
98000 0.00002537 0.00002537 
98100 0.00002537 0.00002537 
98200 0.00002537 0.00002537 
98300 0.00002537 0.00002537 
98400 0.00002537 0.00002537 
98500 0.00002537 0.00002537 
98600 0.00002537 0.00002537 
98700 0.00002537 0.00002537 
98800 0.00002537 0.00002537 
98900 0.00002537 0.00002537 
99000 0.00002537 0.00002537 
99100 0.00002537 0.00002537 
99200 0.00002537 0.00002537 
99300 0.00002537 0.00002537 
99400 0.00002537 0.00002537 
99500 0.00002537 0.00002537 
99600 0.00002537 0.00002537 
99700 0.00002537 0.00002537 
99800 0.00002537 0.00002537 
99900 0.00002537 0.00002537 
100000 0.00002537 0.00002537 
100100 0.00002537 0.00002537 
100200 0.00002537 0.00002537 
100300 0.00002537 0.00002537 
100400 0.00002537 0.00002537 
100500 0.00002537 0.00002537 
100600 0.00002537 0.00002537 
100700 0.00002537 0.00002537 
100800 0.00002537 0.00002537 
100900 0.00002537 0.00002537 
101000 0.00002537 0.00002537 
101100 0.00002537 0.00002537 
101200 0.00002537 0.00002537 
101300 0.00002537 0.00002537 
101400 0.00002537 0.00002537 
101500 0.00002537 0.00002537 
101600 0.00002537 0.00002537 
101700 0.00002537 0.00002537 
101800 0.00002537 0.00002537 
101900 0.00002537 0.00002537 
102000 0.00002537 0.00002537 
102100 0.00002537 0.00002537 
102200 0.00002537 0.00002537 
102300 0.00002537 0.00002537 
102400 0.00002537 0.00002537 
102500 0.00002537 0.00002537 
102600 0.00002537 0.00002537 
102700 0.00002537 0.00002537 
102800 0.00002537 0.00002537 
102900 0.00002537 0.00002537 
103000 0.00002537 0.00002537 
103100 0.00002537 0.00002537 
103200 0.00002537 0.00002537 
103300 0.00002537 0.00002537 
103400 0.00002537 0.00002537 
103500 0.00002537 0.00002537 
103600 0.00002537 0.00002537 
103700 0.00002537 0.00002537 
103800 0.00002537 0.00002537 
103900 0.00002537 0.00002537 
104000 0.00002537 0.00002537 
104100 0.00002537 0.00002537 
104200 0.00002537 0.00002537 
104300 0.00002537 0.00002537 
104400 0.00002537 0.00002537 
104500 0.00002537 0.00002537 
104600 0.00002537 0.00002537 
104700 0.00002537 0.00002537 
104800 0.00002537 0.00002537 
104900 0.00002537 0.00002537 
105000 0.00002537 0.00002537 
105100 0.00002537 0.00002537 
105200 0.00002537 0.00002537 
105300 0.00002537 0.00002537 
105400 0.00002537 0.00002537 
105500 0.00002537 0.00002537 
105600 0.00002537 0.00002537 
105700 0.00002537 0.00002537 
105800 0.00002537 0.00002537 
105900 0.00002537 0.00002537 
106000 0.00002537 0.00002537 
106100 0.00002537 0.00002537 
106200 0.00002537 0.00002537 
106300 0.00002537 0.00002537 
106400 0.00002537 0.00002537 
106500 0.00002537 0.00002537 
106600 0.00002537 0.00002537 
106700 0.00002537 0.00002537 
106800 0.00002537 0.00002537 
106900 0.00002537 0.00002537 
107000 0.00002537 0.00002537 
107100 0.00002537 0.00002537 
107200 0.00002537 0.00002537 
107300 0.00002537 0.00002537 
107400 0.00002537 0.00002537 
107500 0.00002537 0.00002537 
107600 0.00002537 0.00002537 
107700 0.00002537 0.00002537 
107800 0.00002537 0.00002537 
107900 0.00002537 0.00002537 
108000 0.00002537 0.00002537 
108100 0.00002537 0.00002537 
108200 0.00002537 0.00002537 
108300 0.00002537 0.00002537 
108400 0.00002537 0.00002537 
108500 0.00002537 0.00002537 
108600 0.00002537 0.00002537 
108700 0.00002537 0.00002537 
108800 0.00002537 0.00002537 
108900 0.00002537 0.00002537 
109000 0.00002537 0.00002537 
109100 0.00002537 0.00002537 
109200 0.00002537 0.00002537 
109300 0.00002537 0.00002537 
109400 0.00002537 0.00002537 
109500 0.00002537 0.00002537 
109600 0.00002537 0.00002537 
109700 0.00002537 0.00002537 
109800 0.00002537 0.00002537 
109900 0.00002537 0.00002537 
110000 0.00002537 0.00002537 
110100 0.00002537 0.00002537 
110200 0.00002537 0.00002537 
110300 0.00002537 0.00002537 
110400 0.00002537 0.00002537 
110500 0.00002537 0.00002537 
110600 0.00002537 0.00002537 
110700 0.00002537 0.00002537 
110800 0.00002537 0.00002537 
110900 0.00002537 0.00002537 
111000 0.00002537 0.00002537 
111100 0.00002537 0.00002537 
111200 0.00002537 0.00002537 
111300 0.00002537 0.00002537 
111400 0.00002537 0.00002537 
111500 0.00002537 0.00002537 
111600 0.00002537 0.00002537 
111700 0.00002537 0.00002537 
111800 0.00002537 0.00002537 
111900 0.00002537 0.00002537 
112000 0.00002537 0.00002537 
112100 0.00002537 0.00002537 
112200 0.00002537 0.00002537 
112300 0.00002537 0.00002537 
112400 0.00002537 0.00002537 
112500 0.00002537 0.00002537 
112600 0.00002537 0.00002537 
112700 0.00002537 0.00002537 
112800 0.00002537 0.00002537 
112900 0.00002537 0.00002537 
113000 0.00002537 0.00002537 
113100 0.00002537 0.00002537 
113200 0.00002537 0.00002537 
113300 0.00002537 0.00002537 
113400 0.00002537 0.00002537 
113500 0.00002537 0.00002537 
113600 0.00002537 0.00002537 
113700 0.00002537 0.00002537 
113800 0.00002537 0.00002537 
113900 0.00002537 0.00002537 
114000 0.00002537 0.00002537 
114100 0.00002537 0.00002537 
114200 0.00002537 0.00002537 
114300 0.00002537 0.00002537 
114400 0.00002537 0.00002537 
114500 0.00002537 0.00002537 
114600 0.00002537 0.00002537 
114700 0.00002537 0.00002537 
114800 0.00002537 0.00002537 
114900 0.00002537 0.00002537 
115000 0.00002537 0.00002537 
115100 0.00002537 0.00002537 
115200 0.00002537 0.00002537 
115300 0.00002537 0.00002537 
115400 0.00002537 0.00002537 
115500 0.00002537 0.00002537 
115600 0.00002537 0.00002537 
115700 0.00002537 0.00002537 
115800 0.00002537 0.00002537 
115900 0.00002537 0.00002537 
116000 0.00002537 0.00002537 
116100 0.00002537 0.00002537 
116200 0.00002537 0.00002537 
116300 0.00002537 0.00002537 
116400 0.00002537 0.00002537 
116500 0.00002537 0.00002537 
116600 0.00002537 0.00002537 
116700 0.00002537 0.00002537 
116800 0.00002537 0.00002537 
116900 0.00002537 0.00002537 
117000 0.00002537 0.00002537 
117100 0.00002537 0.00002537 
117200 0.00002537 0.00002537 
117300 0.00002537 0.00002537 
117400 0.00002537 0.00002537 
117500 0.00002537 0.00002537 
117600 0.00002537 0.00002537 
117700 0.00002537 0.00002537 
117800 0.00002537 0.00002537 
117900 0.00002537 0.00002537 
118000 0.00002537 0.00002537 
118100 0.00002537 0.00002537 
118200 0.00002537 0.00002537 
118300 0.00002537 0.00002537 
118400 0.00002537 0.00002537 
118500 0.00002537 0.00002537 
118600 0.00002537 0.00002537 
118700 0.00002537 0.00002537 
118800 0.00002537 0.00002537 
118900 0.00002537 0.00002537 
119000 0.00002537 0.00002537 
119100 0.00002537 0.00002537 
119200 0.00002537 0.00002537 
119300 0.00002537 0.00002537 
119400 0.00002537 0.00002537 
119500 0.00002537 0.00002537 
119600 0.00002537 0.00002537 
119700 0.00002537 0.00002537 
119800 0.00002537 0.00002537 
119900 0.00002537 0.00002537 
120000 0.00002537 0.00002537 
120100 0.00002537 0.00002537 
120200 0.00002537 0.00002537 
120300 0.00002537 0.00002537 
120400 0.00002537 0.00002537 
120500 0.00002537 0.00002537 
120600 0.00002537 0.00002537 
120700 0.00002537 0.00002537 
120800 0.00002537 0.00002537 
120900 0.00002537 0.00002537 
121000 0.00002537 0.00002537 
121100 0.00002537 0.00002537 
121200 0.00002537 0.00002537 
121300 0.00002537 0.00002537 
121400 0.00002537 0.00002537 
121500 0.00002537 0.00002537 
121600 0.00002537 0.00002537 
121700 0.00002537 0.00002537 
121800 0.00002537 0.00002537 
121900 0.00002537 0.00002537 
122000 0.00002537 0.00002537 
122100 0.00002537 0.00002537 
122200 0.00002537 0.00002537 
122300 0.00002537 0.00002537 
122400 0.00002537 0.00002537 
122500 0.00002537 0.00002537 
122600 0.00002537 0.00002537 
122700 0.00002537 0.00002537 
122800 0.00002537 0.00002537 
122900 0.00002537 0.00002537 
123000 0.00002537 0.00002537 
123100 0.00002537 0.00002537 
123200 0.00002537 0.00002537 
123300 0.00002537 0.00002537 
123400 0.00002537 0.00002537 
123500 0.00002537 0.00002537 
123600 0.00002537 0.00002537 
123700 0.00002537 0.00002537 
123800 0.00002537 0.00002537 
123900 0.00002537 0.00002537 
124000 0.00002537 0.00002537 
124100 0.00002537 0.00002537 
124200 0.00002537 0.00002537 
124300 0.00002537 0.00002537 
124400 0.00002537 0.00002537 
124500 0.00002537 0.00002537 
124600 0.00002537 0.00002537 
124700 0.00002537 0.00002537 
124800 0.00002537 0.00002537 
124900 0.00002537 0.00002537 
125000 0.00002537 0.00002537 
125100 0.00002537 0.00002537 
125200 0.00002537 0.00002537 
125300 0.00002537 0.00002537 
125400 0.00002537 0.00002537 
125500 0.00002537 0.00002537 
125600 0.00002537 0.00002537 
125700 0.00002537 0.00002537 
125800 0.00002537 0.00002537 
125900 0.00002537 0.00002537 
126000 0.00002537 0.00002537 
126100 0.00002537 0.00002537 
126200 0.00002537 0.00002537 
126300 0.00002537 0.00002537 
126400 0.00002537 0.00002537 
126500 0.00002537 0.00002537 
126600 0.00002537 0.00002537 
126700 0.00002537 0.00002537 
126800 0.00002537 0.00002537 
126900 0.00002537 0.00002537 
127000 0.00002537 0.00002537 
127100 0.00002537 0.00002537 
127200 0.00002537 0.00002537 
127300 0.00002537 0.00002537 
127400 0.00002537 0.00002537 
127500 0.00002537 0.00002537 
127600 0.00002537 0.00002537 
127700 0.00002537 0.00002537 
127800 0.00002537 0.00002537 
127900 0.00002537 0.00002537 
128000 0.00002537 0.00002537 
128100 0.00002537 0.00002537 
128200 0.00002537 0.00002537 
128300 0.00002537 0.00002537 
128400 0.00002537 0.00002537 
128500 0.00002537 0.00002537 
128600 0.00002537 0.00002537 
128700 0.00002537 0.00002537 
128800 0.00002537 0.00002537 
128900 0.00002537 0.00002537 
129000 0.00002537 0.00002537 
129100 0.00002537 0.00002537 
129200 0.00002537 0.00002537 
129300 0.00002537 0.00002537 
129400 0.00002537 0.00002537 
129500 0.00002537 0.00002537 
129600 0.00002537 0.00002537 
129700 0.00002537 0.00002537 
129800 0.00002537 0.00002537 
129900 0.00002537 0.00002537 
130000 0.00002537 0.00002537 
130100 0.00002537 0.00002537 
130200 0.00002537 0.00002537 
130300 0.00002537 0.00002537 
130400 0.00002537 0.00002537 
130500 0.00002537 0.00002537 
130600 0.00002537 0.00002537 
130700 0.00002537 0.00002537 
130800 0.00002537 0.00002537 
130900 0.00002537 0.00002537 
131000 0.00002537 0.00002537 
131100 0.00002537 0.00002537 
131200 0.00002537 0.00002537 
131300 0.00002537 0.00002537 
131400 0.00002537 0.00002537 
131500 0.00002537 0.00002537 
131600 0.00002537 0.00002537 
131700 0.00002537 0.00002537 
131800 0.00002537 0.00002537 
131900 0.00002537 0.00002537 
132000 0.00002537 0.00002537 
132100 0.00002537 0.00002537 
132200 0.00002537 0.00002537 
132300 0.00002537 0.00002537 
132400 0.00002537 0.00002537 
132500 0.00002537 0.00002537 
132600 0.00002537 0.00002537 
132700 0.00002537 0.00002537 
132800 0.00002537 0.00002537 
132900 0.00002537 0.00002537 
133000 0.00002537 0.00002537 
133100 0.00002537 0.00002537 
133200 0.00002537 0.00002537 
133300 0.00002537 0.00002537 
133400 0.00002537 0.00002537 
133500 0.00002537 0.00002537 
133600 0.00002537 0.00002537 
133700 0.00002537 0.00002537 
133800 0.00002537 0.00002537 
133900 0.00002537 0.00002537 
134000 0.00002537 0.00002537 
134100 0.00002537 0.00002537 
134200 0.00002537 0.00002537 
134300 0.00002537 0.00002537 
134400 0.00002537 0.00002537 
134500 0.00002537 0.00002537 
134600 0.00002537 0.00002537 
134700 0.00002537 0.00002537 
134800 0.00002537 0.00002537 
134900 0.00002537 0.00002537 
135000 0.00002537 0.00002537 
135100 0.00002537 0.00002537 
135200 0.00002537 0.00002537 
135300 0.00002537 0.00002537 
135400 0.00002537 0.00002537 
135500 0.00002537 0.00002537 
135600 0.00002537 0.00002537 
135700 0.00002537 0.00002537 
135800 0.00002537 0.00002537 
135900 0.00002537 0.00002537 
136000 0.00002537 0.00002537 
136100 0.00002537 0.00002537 
136200 0.00002537 0.00002537 
136300 0.00002537 0.00002537 
136400 0.00002537 0.00002537 
136500 0.00002537 0.00002537 
136600 0.00002537 0.00002537 
136700 0.00002537 0.00002537 
136800 0.00002537 0.00002537 
136900 0.00002537 0.00002537 
137000 0.00002537 0.00002537 
137100 0.00002537 0.00002537 
137200 0.00002537 0.00002537 
137300 0.00002537 0.00002537 
137400 0.00002537 0.00002537 
137500 0.00002537 0.00002537 
137600 0.00002537 0.00002537 
137700 0.00002537 0.00002537 
137800 0.00002537 0.00002537 
137900 0.00002537 0.00002537 
138000 0.00002537 0.00002537 
138100 0.00002537 0.00002537 
138200 0.00002537 0.00002537 
138300 0.00002537 0.00002537 
138400 0.00002537 0.00002537 
138500 0.00002537 0.00002537 
138600 0.00002537 0.00002537 
138700 0.00002537 0.00002537 
138800 0.00002537 0.00002537 
138900 0.00002537 0.00002537 
139000 0.00002537 0.00002537 
139100 0.00002537 0.00002537 
139200 0.00002537 0.00002537 
139300 0.00002537 0.00002537 
139400 0.00002537 0.00002537 
139500 0.00002537 0.00002537 
139600 0.00002537 0.00002537 
139700 0.00002537 0.00002537 
139800 0.00002537 0.00002537 
139900 0.00002537 0.00002537 
140000 0.00002537 0.00002537 
140100 0.00002537 0.00002537 
140200 0.00002537 0.00002537 
140300 0.00002537 0.00002537 
140400 0.00002537 0.00002537 
140500 0.00002537 0.00002537 
140600 0.00002537 0.00002537 
140700 0.00002537 0.00002537 
140800 0.00002537 0.00002537 
140900 0.00002537 0.00002537 
141000 0.00002537 0.00002537 
141100 0.00002537 0.00002537 
141200 0.00002537 0.00002537 
141300 0.00002537 0.00002537 
141400 0.00002537 0.00002537 
141500 0.00002537 0.00002537 
141600 0.00002537 0.00002537 
141700 0.00002537 0.00002537 
141800 0.00002537 0.00002537 
141900 0.00002537 0.00002537 
142000 0.00002537 0.00002537 
142100 0.00002537 0.00002537 
142200 0.00002537 0.00002537 
142300 0.00002537 0.00002537 
142400 0.00002537 0.00002537 
142500 0.00002537 0.00002537 
142600 0.00002537 0.00002537 
142700 0.00002537 0.00002537 
142800 0.00002537 0.00002537 
142900 0.00002537 0.00002537 
143000 0.00002537 0.00002537 
143100 0.00002537 0.00002537 
143200 0.00002537 0.00002537 
143300 0.00002537 0.00002537 
143400 0.00002537 0.00002537 
143500 0.00002537 0.00002537 
143600 0.00002537 0.00002537 
143700 0.00002537 0.00002537 
143800 0.00002537 0.00002537 
143900 0.00002537 0.00002537 
144000 0.00002537 0.00002537 
144100 0.00002537 0.00002537 
144200 0.00002537 0.00002537 
144300 0.00002537 0.00002537 
144400 0.00002537 0.00002537 
144500 0.00002537 0.00002537 
144600 0.00002537 0.00002537 
144700 0.00002537 0.00002537 
144800 0.00002537 0.00002537 
144900 0.00002537 0.00002537 
145000 0.00002537 0.00002537 
145100 0.00002537 0.00002537 
145200 0.00002537 0.00002537 
145300 0.00002537 0.00002537 
145400 0.00002537 0.00002537 
145500 0.00002537 0.00002537 
145600 0.00002537 0.00002537 
145700 0.00002537 0.00002537 
145800 0.00002537 0.00002537 
145900 0.00002537 0.00002537 
146000 0.00002537 0.00002537 
146100 0.00002537 0.00002537 
146200 0.00002537 0.00002537 
146300 0.00002537 0.00002537 
146400 0.00002537 0.00002537 
146500 0.00002537 0.00002537 
146600 0.00002537 0.00002537 
146700 0.00002537 0.00002537 
146800 0.00002537 0.00002537 
146900 0.00002537 0.00002537 
147000 0.00002537 0.00002537 
147100 0.00002537 0.00002537 
147200 0.00002537 0.00002537 
147300 0.00002537 0.00002537 
147400 0.00002537 0.00002537 
147500 0.00002537 0.00002537 
147600 0.00002537 0.00002537 
147700 0.00002537 0.00002537 
147800 0.00002537 0.00002537 
147900 0.00002537 0.00002537 
148000 0.00002537 0.00002537 
148100 0.00002537 0.00002537 
148200 0.00002537 0.00002537 
148300 0.00002537 0.00002537 
148400 0.00002537 0.00002537 
148500 0.00002537 0.00002537 
148600 0.00002537 0.00002537 
148700 0.00002537 0.00002537 
148800 0.00002537 0.00002537 
148900 0.00002537 0.00002537 
149000 0.00002537 0.00002537 
149100 0.00002537 0.00002537 
149200 0.00002537 0.00002537 
149300 0.00002537 0.00002537 
149400 0.00002537 0.00002537 
149500 0.00002537 0.00002537 
149600 0.00002537 0.00002537 
149700 0.00002537 0.00002537 
149800 0.00002537 0.00002537 
149900 0.00002537 0.00002537 
150000 0.00002537 0.00002537 
150100 0.00002537 0.00002537 
150200 0.00002537 0.00002537 
150300 0.00002537 0.00002537 
150400 0.00002537 0.00002537 
150500 0.00002537 0.00002537 
150600 0.00002537 0.00002537 
150700 0.00002537 0.00002537 
150800 0.00002537 0.00002537 
150900 0.00002537 0.00002537 
151000 0.00002537 0.00002537 
151100 0.00002537 0.00002537 
151200 0.00002537 0.00002537 
151300 0.00002537 0.00002537 
151400 0.00002537 0.00002537 
151500 0.00002537 0.00002537 
151600 0.00002537 0.00002537 
151700 0.00002537 0.00002537 
151800 0.00002537 0.00002537 
151900 0.00002537 0.00002537 
152000 0.00002537 0.00002537 
152100 0.00002537 0.00002537 
152200 0.00002537 0.00002537 
152300 0.00002537 0.00002537 
152400 0.00002537 0.00002537 
152500 0.00002537 0.00002537 
152600 0.00002537 0.00002537 
152700 0.00002537 0.00002537 
152800 0.00002537 0.00002537 
152900 0.00002537 0.00002537 
153000 0.00002537 0.00002537 
153100 0.00002537 0.00002537 
153200 0.00002537 0.00002537 
153300 0.00002537 0.00002537 
153400 0.00002537 0.00002537 
153500 0.00002537 0.00002537 
153600 0.00002537 0.00002537 
153700 0.00002537 0.00002537 
153800 0.00002537 0.00002537 
153900 0.00002537 0.00002537 
154000 0.00002537 0.00002537 
154100 0.00002537 0.00002537 
154200 0.00002537 0.00002537 
154300 0.00002537 0.00002537 
154400 0.00002537 0.00002537 
154500 0.00002537 0.00002537 
154600 0.00002537 0.00002537 
154700 0.00002537 0.00002537 
154800 0.00002537 0.00002537 
154900 0.00002537 0.00002537 
155000 0.00002537 0.00002537 
155100 0.00002537 0.00002537 
155200 0.00002537 0.00002537 
155300 0.00002537 0.00002537 
155400 0.00002537 0.00002537 
155500 0.00002537 0.00002537 
155600 0.00002537 0.00002537 
155700 0.00002537 0.00002537 
155800 0.00002537 0.00002537 
155900 0.00002537 0.00002537 
156000 0.00002537 0.00002537 
156100 0.00002537 0.00002537 
156200 0.00002537 0.00002537 
156300 0.00002537 0.00002537 
156400 0.00002537 0.00002537 
156500 0.00002537 0.00002537 
156600 0.00002537 0.00002537 
156700 0.00002537 0.00002537 
156800 0.00002537 0.00002537 
156900 0.00002537 0.00002537 
157000 0.00002537 0.00002537 
157100 0.00002537 0.00002537 
157200 0.00002537 0.00002537 
157300 0.00002537 0.00002537 
157400 0.00002537 0.00002537 
157500 0.00002537 0.00002537 
157600 0.00002537 0.00002537 
157700 0.00002537 0.00002537 
157800 0.00002537 0.00002537 
157900 0.00002537 0.00002537 
158000 0.00002537 0.00002537 
158100 0.00002537 0.00002537 
158200 0.00002537 0.00002537 
158300 0.00002537 0.00002537 
158400 0.00002537 0.00002537 
158500 0.00002537 0.00002537 
158600 0.00002537 0.00002537 
158700 0.00002537 0.00002537 
158800 0.00002537 0.00002537 
158900 0.00002537 0.00002537 
159000 0.00002537 0.00002537 
159100 0.00002537 0.00002537 
159200 0.00002537 0.00002537 
159300 0.00002537 0.00002537 
159400 0.00002537 0.00002537 
159500 0.00002537 0.00002537 
159600 0.00002537 0.00002537 
159700 0.00002537 0.00002537 
159800 0.00002537 0.00002537 
159900 0.00002537 0.00002537 
160000 0.00002537 0.00002537 
160100 0.00002537 0.00002537 
160200 0.00002537 0.00002537 
160300 0.00002537 0.00002537 
160400 0.00002537 0.00002537 
160500 0.00002537 0.00002537 
160600 0.00002537 0.00002537 
160700 0.00002537 0.00002537 
160800 0.00002537 0.00002537 
160900 0.00002537 0.00002537 
161000 0.00002537 0.00002537 
161100 0.00002537 0.00002537 
161200 0.00002537 0.00002537 
161300 0.00002537 0.00002537 
161400 0.00002537 0.00002537 
161500 0.00002537 0.00002537 
161600 0.00002537 0.00002537 
161700 0.00002537 0.00002537 
161800 0.00002537 0.00002537 
161900 0.00002537 0.00002537 
162000 0.00002537 0.00002537 
162100 0.00002537 0.00002537 
162200 0.00002537 0.00002537 
162300 0.00002537 0.00002537 
162400 0.00002537 0.00002537 
162500 0.00002537 0.00002537 
162600 0.00002537 0.00002537 
162700 0.00002537 0.00002537 
162800 0.00002537 0.00002537 
162900 0.00002537 0.00002537 
163000 0.00002537 0.00002537 
163100 0.00002537 0.00002537 
163200 0.00002537 0.00002537 
163300 0.00002537 0.00002537 
163400 0.00002537 0.00002537 
163500 0.00002537 0.00002537 
163600 0.00002537 0.00002537 
163700 0.00002537 0.00002537 
163800 0.00002537 0.00002537 
163900 0.00002537 0.00002537 
164000 0.00002537 0.00002537 
164100 0.00002537 0.00002537 
164200 0.00002537 0.00002537 
164300 0.00002537 0.00002537 
164400 0.00002537 0.00002537 
164500 0.00002537 0.00002537 
164600 0.00002537 0.00002537 
164700 0.00002537 0.00002537 
164800 0.00002537 0.00002537 
164900 0.00002537 0.00002537 
165000 0.00002537 0.00002537 
165100 0.00002537 0.00002537 
165200 0.00002537 0.00002537 
165300 0.00002537 0.00002537 
165400 0.00002537 0.00002537 
165500 0.00002537 0.00002537 
165600 0.00002537 0.00002537 
165700 0.00002537 0.00002537 
165800 0.00002537 0.00002537 
165900 0.00002537 0.00002537 
166000 0.00002537 0.00002537 
166100 0.00002537 0.00002537 
166200 0.00002537 0.00002537 
166300 0.00002537 0.00002537 
166400 0.00002537 0.00002537 
166500 0.00002537 0.00002537 
166600 0.00002537 0.00002537 
166700 0.00002537 0.00002537 
166800 0.00002537 0.00002537 
166900 0.00002537 0.00002537 
167000 0.00002537 0.00002537 
167100 0.00002537 0.00002537 
167200 0.00002537 0.00002537 
167300 0.00002537 0.00002537 
167400 0.00002537 0.00002537 
167500 0.00002537 0.00002537 
167600 0.00002537 0.00002537 
167700 0.00002537 0.00002537 
167800 0.00002537 0.00002537 
167900 0.00002537 0.00002537 
168000 0.00002537 0.00002537 
168100 0.00002537 0.00002537 
168200 0.00002537 0.00002537 
168300 0.00002537 0.00002537 
168400 0.00002537 0.00002537 
168500 0.00002537 0.00002537 
168600 0.00002537 0.00002537 
168700 0.00002537 0.00002537 
168800 0.00002537 0.00002537 
168900 0.00002537 0.00002537 
169000 0.00002537 0.00002537 
169100 0.00002537 0.00002537 
169200 0.00002537 0.00002537 
169300 0.00002537 0.00002537 
169400 0.00002537 0.00002537 
169500 0.00002537 0.00002537 
169600 0.00002537 0.00002537 
169700 0.00002537 0.00002537 
169800 0.00002537 0.00002537 
169900 0.00002537 0.00002537 
170000 0.00002537 0.00002537 
170100 0.00002537 0.00002537 
170200 0.00002537 0.00002537 
170300 0.00002537 0.00002537 
170400 0.00002537 0.00002537 
170500 0.00002537 0.00002537 
170600 0.00002537 0.00002537 
170700 0.00002537 0.00002537 
170800 0.00002537 0.00002537 
170900 0.00002537 0.00002537 
171000 0.00002537 0.00002537 
171100 0.00002537 0.00002537 
171200 0.00002537 0.00002537 
171300 0.00002537 0.00002537 
171400 0.00002537 0.00002537 
171500 0.00002537 0.00002537 
171600 0.00002537 0.00002537 
171700 0.00002537 0.00002537 
171800 0.00002537 0.00002537 
171900 0.00002537 0.00002537 
172000 0.00002537 0.00002537 
172100 0.00002537 0.00002537 
172200 0.00002537 0.00002537 
172300 0.00002537 0.00002537 
172400 0.00002537 0.00002537 
172500 0.00002537 0.00002537 
172600 0.00002537 0.00002537 
172700 0.00002537 0.00002537 
172800 0.00002537 0.00002537 
172900 0.00002537 0.00002537 
173000 0.00002537 0.00002537 
173100 0.00002537 0.00002537 
173200 0.00002537 0.00002537 
173300 0.00002537 0.00002537 
173400 0.00002537 0.00002537 
173500 0.00002537 0.00002537 
173600 0.00002537 0.00002537 
173700 0.00002537 0.00002537 
173800 0.00002537 0.00002537 
173900 0.00002537 0.00002537 
174000 0.00002537 0.00002537 
174100 0.00002537 0.00002537 
174200 0.00002537 0.00002537 
174300 0.00002537 0.00002537 
174400 0.00002537 0.00002537 
174500 0.00002537 0.00002537 
174600 0.00002537 0.00002537 
174700 0.00002537 0.00002537 
174800 0.00002537 0.00002537 
174900 0.00002537 0.00002537 
175000 0.00002537 0.00002537 
175100 0.00002537 0.00002537 
175200 0.00002537 0.00002537 
175300 0.00002537 0.00002537 
175400 0.00002537 0.00002537 
175500 0.00002537 0.00002537 
175600 0.00002537 0.00002537 
175700 0.00002537 0.00002537 
175800 0.00002537 0.00002537 
175900 0.00002537 0.00002537 
176000 0.00002537 0.00002537 
176100 0.00002537 0.00002537 
176200 0.00002537 0.00002537 
176300 0.00002537 0.00002537 
176400 0.00002537 0.00002537 
176500 0.00002537 0.00002537 
176600 0.00002537 0.00002537 
176700 0.00002537 0.00002537 
176800 0.00002537 0.00002537 
176900 0.00002537 0.00002537 
177000 0.00002537 0.00002537 
177100 0.00002537 0.00002537 
177200 0.00002537 0.00002537 
177300 0.00002537 0.00002537 
177400 0.00002537 0.00002537 
177500 0.00002537 0.00002537 
177600 0.00002537 0.00002537 
177700 0.00002537 0.00002537 
177800 0.00002537 0.00002537 
177900 0.00002537 0.00002537 
178000 0.00002537 0.00002537 
178100 0.00002537 0.00002537 
178200 0.00002537 0.00002537 
178300 0.00002537 0.00002537 
178400 0.00002537 0.00002537 
178500 0.00002537 0.00002537 
178600 0.00002537 0.00002537 
178700 0.00002537 0.00002537 
178800 0.00002537 0.00002537 
178900 0.00002537 0.00002537 
179000 0.00002537 0.00002537 
179100 0.00002537 0.00002537 
179200 0.00002537 0.00002537 
179300 0.00002537 0.00002537 
179400 0.00002537 0.00002537 
179500 0.00002537 0.00002537 
179600 0.00002537 0.00002537 
179700 0.00002537 0.00002537 
179800 0.00002537 0.00002537 
179900 0.00002537 0.00002537 
180000 0.00002537 0.00002537 
180100 0.00002537 0.00002537 
180200 0.00002537 0.00002537 
180300 0.00002537 0.00002537 
180400 0.00002537 0.00002537 
180500 0.00002537 0.00002537 
180600 0.00002537 0.00002537 
180700 0.00002537 0.00002537 
180800 0.00002537 0.00002537 
180900 0.00002537 0.00002537 
181000 0.00002537 0.00002537 
181100 0.00002537 0.00002537 
181200 0.00002537 0.00002537 
181300 0.00002537 0.00002537 
181400 0.00002537 0.00002537 
181500 0.00002537 0.00002537 
181600 0.00002537 0.00002537 
181700 0.00002537 0.00002537 
181800 0.00002537 0.00002537 
181900 0.00002537 0.00002537 
182000 0.00002537 0.00002537 
182100 0.00002537 0.00002537 
182200 0.00002537 0.00002537 
182300 0.00002537 0.00002537 
182400 0.00002537 0.00002537 
182500 0.00002537 0.00002537 
182600 0.00002537 0.00002537 
182700 0.00002537 0.00002537 
182800 0.00002537 0.00002537 
182900 0.00002537 0.00002537 
183000 0.00002537 0.00002537 
183100 0.00002537 0.00002537 
183200 0.00002537 0.00002537 
183300 0.00002537 0.00002537 
183400 0.00002537 0.00002537 
183500 0.00002537 0.00002537 
183600 0.00002537 0.00002537 
183700 0.00002537 0.00002537 
183800 0.00002537 0.00002537 
183900 0.00002537 0.00002537 
184000 0.00002537 0.00002537 
184100 0.00002537 0.00002537 
184200 0.00002537 0.00002537 
184300 0.00002537 0.00002537 
184400 0.00002537 0.00002537 
184500 0.00002537 0.00002537 
184600 0.00002537 0.00002537 
184700 0.00002537 0.00002537 
184800 0.00002537 0.00002537 
184900 0.00002537 0.00002537 
185000 0.00002537 0.00002537 
185100 0.00002537 0.00002537 
185200 0.00002537 0.00002537 
185300 0.00002537 0.00002537 
185400 0.00002537 0.00002537 
185500 0.00002537 0.00002537 
185600 0.00002537 0.00002537 
185700 0.00002537 0.00002537 
185800 0.00002537 0.00002537 
185900 0.00002537 0.00002537 
186000 0.00002537 0.00002537 
186100 0.00002537 0.00002537 
186200 0.00002537 0.00002537 
186300 0.00002537 0.00002537 
186400 0.00002537 0.00002537 
186500 0.00002537 0.00002537 
186600 0.00002537 0.00002537 
186700 0.00002537 0.00002537 
186800 0.00002537 0.00002537 
186900 0.00002537 0.00002537 
187000 0.00002537 0.00002537 
187100 0.00002537 0.00002537 
187200 0.00002537 0.00002537 
187300 0.00002537 0.00002537 
187400 0.00002537 0.00002537 
187500 0.00002537 0.00002537 
187600 0.00002537 0.00002537 
187700 0.00002537 0.00002537 
187800 0.00002537 0.00002537 
187900 0.00002537 0.00002537 
188000 0.00002537 0.00002537 
188100 0.00002537 0.00002537 
188200 0.00002537 0.00002537 
188300 0.00002537 0.00002537 
188400 0.00002537 0.00002537 
188500 0.00002537 0.00002537 
188600 0.00002537 0.00002537 
188700 0.00002537 0.00002537 
188800 0.00002537 0.00002537 
188900 0.00002537 0.00002537 
189000 0.00002537 0.00002537 
189100 0.00002537 0.00002537 
189200 0.00002537 0.00002537 
189300 0.00002537 0.00002537 
189400 0.00002537 0.00002537 
189500 0.00002537 0.00002537 
189600 0.00002537 0.00002537 
189700 0.00002537 0.00002537 
189800 0.00002537 0.00002537 
189900 0.00002537 0.00002537 
190000 0.00002537 0.00002537 
190100 0.00002537 0.00002537 
190200 0.00002537 0.00002537 
190300 0.00002537 0.00002537 
190400 0.00002537 0.00002537 
190500 0.00002537 0.00002537 
190600 0.00002537 0.00002537 
190700 0.00002537 0.00002537 
190800 0.00002537 0.00002537 
190900 0.00002537 0.00002537 
191000 0.00002537 0.00002537 
191100 0.00002537 0.00002537 
191200 0.00002537 0.00002537 
191300 0.00002537 0.00002537 
191400 0.00002537 0.00002537 
191500 0.00002537 0.00002537 
191600 0.00002537 0.00002537 
191700 0.00002537 0.00002537 
191800 0.00002537 0.00002537 
191900 0.00002537 0.00002537 
192000 0.00002537 0.00002537 
192100 0.00002537 0.00002537 
192200 0.00002537 0.00002537 
192300 0.00002537 0.00002537 
192400 0.00002537 0.00002537 
192500 0.00002537 0.00002537 
192600 0.00002537 0.00002537 
192700 0.00002537 0.00002537 
192800 0.00002537 0.00002537 
192900 0.00002537 0.00002537 
193000 0.00002537 0.00002537 
193100 0.00002537 0.00002537 
193200 0.00002537 0.00002537 
193300 0.00002537 0.00002537 
193400 0.00002537 0.00002537 
193500 0.00002537 0.00002537 
193600 0.00002537 0.00002537 
193700 0.00002537 0.00002537 
193800 0.00002537 0.00002537 
193900 0.00002537 0.00002537 
194000 0.00002537 0.00002537 
194100 0.00002537 0.00002537 
194200 0.00002537 0.00002537 
194300 0.00002537 0.00002537 
194400 0.00002537 0.00002537 
194500 0.00002537 0.00002537 
194600 0.00002537 0.00002537 
194700 0.00002537 0.00002537 
194800 0.00002537 0.00002537 
194900 0.00002537 0.00002537 
195000 0.00002537 0.00002537 
195100 0.00002537 0.00002537 
195200 0.00002537 0.00002537 
195300 0.00002537 0.00002537 
195400 0.00002537 0.00002537 
195500 0.00002537 0.00002537 
195600 0.00002537 0.00002537 
195700 0.00002537 0.00002537 
195800 0.00002537 0.00002537 
195900 0.00002537 0.00002537 
196000 0.00002537 0.00002537 
196100 0.00002537 0.00002537 
196200 0.00002537 0.00002537 
196300 0.00002537 0.00002537 
196400 0.00002537 0.00002537 
196500 0.00002537 0.00002537 
196600 0.00002537 0.00002537 
196700 0.00002537 0.00002537 
196800 0.00002537 0.00002537 
196900 0.00002537 0.00002537 
197000 0.00002537 0.00002537 
197100 0.00002537 0.00002537 
197200 0.00002537 0.00002537 
197300 0.00002537 0.00002537 
197400 0.00002537 0.00002537 
197500 0.00002537 0.00002537 
197600 0.00002537 0.00002537 
197700 0.00002537 0.00002537 
197800 0.00002537 0.00002537 
197900 0.00002537 0.00002537 
198000 0.00002537 0.00002537 
198100 0.00002537 0.00002537 
198200 0.00002537 0.00002537 
198300 0.00002537 0.00002537 
198400 0.00002537 0.00002537 
198500 0.00002537 0.00002537 
198600 0.00002537 0.00002537 
198700 0.00002537 0.00002537 
198800 0.00002537 0.00002537 
198900 0.00002537 0.00002537 
199000 0.00002537 0.00002537 
199100 0.00002537 0.00002537 
199200 0.00002537 0.00002537 
199300 0.00002537 0.00002537 
199400 0.00002537 0.00002537 
199500 0.00002537 0.00002537 
199600 0.00002537 0.00002537 
199700 0.00002537 0.00002537 
199800 0.00002537 0.00002537 
199900 0.00002537 0.00002537 
200000 0.00002537 0.00002537 
200100 0.00002537 0.00002537 
200200 0.00002537 0.00002537 
200300 0.00002537 0.00002537 
200400 0.00002537 0.00002537 
200500 0.00002537 0.00002537 
200600 0.00002537 0.00002537 
200700 0.00002537 0.00002537 
200800 0.00002537 0.00002537 
200900 0.00002537 0.00002537 
201000 0.00002537 0.00002537 
201100 0.00002537 0.00002537 
201200 0.00002537 0.00002537 
201300 0.00002537 0.00002537 
201400 0.00002537 0.00002537 
201500 0.00002537 0.00002537 
201600 0.00002537 0.00002537 
201700 0.00002537 0.00002537 
201800 0.00002537 0.00002537 
201900 0.00002537 0.00002537 
202000 0.00002537 0.00002537 
202100 0.00002537 0.00002537 
202200 0.00002537 0.00002537 
202300 0.00002537 0.00002537 
202400 0.00002537 0.00002537 
202500 0.00002537 0.00002537 
202600 0.00002537 0.00002537 
202700 0.00002537 0.00002537 
202800 0.00002537 0.00002537 
202900 0.00002537 0.00002537 
203000 0.00002537 0.00002537 
203100 0.00002537 0.00002537 
203200 0.00002537 0.00002537 
203300 0.00002537 0.00002537 
203400 0.00002537 0.00002537 
203500 0.00002537 0.00002537 
203600 0.00002537 0.00002537 
203700 0.00002537 0.00002537 
203800 0.00002537 0.00002537 
203900 0.00002537 0.00002537 
204000 0.00002537 0.00002537 
204100 0.00002537 0.00002537 
204200 0.00002537 0.00002537 
204300 0.00002537 0.00002537 
204400 0.00002537 0.00002537 
204500 0.00002537 0.00002537 
204600 0.00002537 0.00002537 
204700 0.00002537 0.00002537 
204800 0.00002537 0.00002537 
204900 0.00002537 0.00002537 
205000 0.00002537 0.00002537 
205100 0.00002537 0.00002537 
205200 0.00002537 0.00002537 
205300 0.00002537 0.00002537 
205400 0.00002537 0.00002537 
205500 0.00002537 0.00002537 
205600 0.00002537 0.00002537 
205700 0.00002537 0.00002537 
205800 0.00002537 0.00002537 
205900 0.00002537 0.00002537 
206000 0.00002537 0.00002537 
206100 0.00002537 0.00002537 
206200 0.00002537 0.00002537 
206300 0.00002537 0.00002537 
206400 0.00002537 0.00002537 
206500 0.00002537 0.00002537 
206600 0.00002537 0.00002537 
206700 0.00002537 0.00002537 
206800 0.00002537 0.00002537 
206900 0.00002537 0.00002537 
207000 0.00002537 0.00002537 
207100 0.00002537 0.00002537 
207200 0.00002537 0.00002537 
207300 0.00002537 0.00002537 
207400 0.00002537 0.00002537 
207500 0.00002537 0.00002537 
207600 0.00002537 0.00002537 
207700 0.00002537 0.00002537 
207800 0.00002537 0.00002537 
207900 0.00002537 0.00002537 
208000 0.00002537 0.00002537 
208100 0.00002537 0.00002537 
208200 0.00002537 0.00002537 
208300 0.00002537 0.00002537 
208400 0.00002537 0.00002537 
208500 0.00002537 0.00002537 
208600 0.00002537 0.00002537 
208700 0.00002537 0.00002537 
208800 0.00002537 0.00002537 
208900 0.00002537 0.00002537 
209000 0.00002537 0.00002537 
209100 0.00002537 0.00002537 
209200 0.00002537 0.00002537 
209300 0.00002537 0.00002537 
209400 0.00002537 0.00002537 
209500 0.00002537 0.00002537 
209600 0.00002537 0.00002537 
209700 0.00002537 0.00002537 
209800 0.00002537 0.00002537 
209900 0.00002537 0.00002537 
210000 0.00002537 0.00002537 
210100 0.00002537 0.00002537 
210200 0.00002537 0.00002537 
210300 0.00002537 0.00002537 
210400 0.00002537 0.00002537 
210500 0.00002537 0.00002537 
210600 0.00002537 0.00002537 
210700 0.00002537 0.00002537 
210800 0.00002537 0.00002537 
210900 0.00002537 0.00002537 
211000 0.00002537 0.00002537 
211100 0.00002537 0.00002537 
211200 0.00002537 0.00002537 
211300 0.00002537 0.00002537 
211400 0.00002537 0.00002537 
211500 0.00002537 0.00002537 
211600 0.00002537 0.00002537 
211700 0.00002537 0.00002537 
211800 0.00002537 0.00002537 
211900 0.00002537 0.00002537 
212000 0.00002537 0.00002537 
212100 0.00002537 0.00002537 
212200 0.00002537 0.00002537 
212300 0.00002537 0.00002537 
212400 0.00002537 0.00002537 
212500 0.00002537 0.00002537 
212600 0.00002537 0.00002537 
212700 0.00002537 0.00002537 
212800 0.00002537 0.00002537 
212900 0.00002537 0.00002537 
213000 0.00002537 0.00002537 
213100 0.00002537 0.00002537 
213200 0.00002537 0.00002537 
213300 0.00002537 0.00002537 
213400 0.00002537 0.00002537 
213500 0.00002537 0.00002537 
213600 0.00002537 0.00002537 
213700 0.00002537 0.00002537 
213800 0.00002537 0.00002537 
213900 0.00002537 0.00002537 
214000 0.00002537 0.00002537 
214100 0.00002537 0.00002537 
214200 0.00002537 0.00002537 
214300 0.00002537 0.00002537 
214400 0.00002537 0.00002537 
214500 0.00002537 0.00002537 
214600 0.00002537 0.00002537 
214700 0.00002537 0.00002537 
214800 0.00002537 0.00002537 
214900 0.00002537 0.00002537 
215000 0.00002537 0.00002537 
215100 0.00002537 0.00002537 
215200 0.00002537 0.00002537 
215300 0.00002537 0.00002537 
215400 0.00002537 0.00002537 
215500 0.00002537 0.00002537 
215600 0.00002537 0.00002537 
215700 0.00002537 0.00002537 
215800 0.00002537 0.00002537 
215900 0.00002537 0.00002537 
216000 0.00002537 0.00002537 
216100 0.00002537 0.00002537 
216200 0.00002537 0.00002537 
216300 0.00002537 0.00002537 
216400 0.00002537 0.00002537 
216500 0.00002537 0.00002537 
216600 0.00002537 0.00002537 
216700 0.00002537 0.00002537 
216800 0.00002537 0.00002537 
216900 0.00002537 0.00002537 
217000 0.00002537 0.00002537 
217100 0.00002537 0.00002537 
217200 0.00002537 0.00002537 
217300 0.00002537 0.00002537 
217400 0.00002537 0.00002537 
217500 0.00002537 0.00002537 
217600 0.00002537 0.00002537 
217700 0.00002537 0.00002537 
217800 0.00002537 0.00002537 
217900 0.00002537 0.00002537 
218000 0.00002537 0.00002537 
218100 0.00002537 0.00002537 
218200 0.00002537 0.00002537 
218300 0.00002537 0.00002537 
218400 0.00002537 0.00002537 
218500 0.00002537 0.00002537 
218600 0.00002537 0.00002537 
218700 0.00002537 0.00002537 
218800 0.00002537 0.00002537 
218900 0.00002537 0.00002537 
219000 0.00002537 0.00002537 
219100 0.00002537 0.00002537 
219200 0.00002537 0.00002537 
219300 0.00002537 0.00002537 
219400 0.00002537 0.00002537 
219500 0.00002537 0.00002537 
219600 0.00002537 0.00002537 
219700 0.00002537 0.00002537 
219800 0.00002537 0.00002537 
219900 0.00002537 0.00002537 
220000 0.00002537 0.00002537 
220100 0.00002537 0.00002537 
220200 0.00002537 0.00002537 
220300 0.00002537 0.00002537 
220400 0.00002537 0.00002537 
220500 0.00002537 0.00002537 
220600 0.00002537 0.00002537 
220700 0.00002537 0.00002537 
220800 0.00002537 0.00002537 
220900 0.00002537 0.00002537 
221000 0.00002537 0.00002537 
221100 0.00002537 0.00002537 
221200 0.00002537 0.00002537 
221300 0.00002537 0.00002537 
221400 0.00002537 0.00002537 
221500 0.00002537 0.00002537 
221600 0.00002537 0.00002537 
221700 0.00002537 0.00002537 
221800 0.00002537 0.00002537 
221900 0.00002537 0.00002537 
222000 0.00002537 0.00002537 
222100 0.00002537 0.00002537 
222200 0.00002537 0.00002537 
222300 0.00002537 0.00002537 
222400 0.00002537 0.00002537 
222500 0.00002537 0.00002537 
222600 0.00002537 0.00002537 
222700 0.00002537 0.00002537 
222800 0.00002537 0.00002537 
222900 0.00002537 0.00002537 
223000 0.00002537 0.00002537 
223100 0.00002537 0.00002537 
223200 0.00002537 0.00002537 
223300 0.00002537 0.00002537 
223400 0.00002537 0.00002537 
223500 0.00002537 0.00002537 
223600 0.00002537 0.00002537 
223700 0.00002537 0.00002537 
223800 0.00002537 0.00002537 
223900 0.00002537 0.00002537 
224000 0.00002537 0.00002537 
224100 0.00002537 0.00002537 
224200 0.00002537 0.00002537 
224300 0.00002537 0.00002537 
224400 0.00002537 0.00002537 
224500 0.00002537 0.00002537 
224600 0.00002537 0.00002537 
224700 0.00002537 0.00002537 
224800 0.00002537 0.00002537 
224900 0.00002537 0.00002537 
225000 0.00002537 0.00002537 
225100 0.00002537 0.00002537 
225200 0.00002537 0.00002537 
225300 0.00002537 0.00002537 
225400 0.00002537 0.00002537 
225500 0.00002537 0.00002537 
225600 0.00002537 0.00002537 
225700 0.00002537 0.00002537 
225800 0.00002537 0.00002537 
225900 0.00002537 0.00002537 
226000 0.00002537 0.00002537 
226100 0.00002537 0.00002537 
226200 0.00002537 0.00002537 
226300 0.00002537 0.00002537 
226400 0.00002537 0.00002537 
226500 0.00002537 0.00002537 
226600 0.00002537 0.00002537 
226700 0.00002537 0.00002537 
226800 0.00002537 0.00002537 
226900 0.00002537 0.00002537 
227000 0.00002537 0.00002537 
227100 0.00002537 0.00002537 
227200 0.00002537 0.00002537 
227300 0.00002537 0.00002537 
227400 0.00002537 0.00002537 
227500 0.00002537 0.00002537 
227600 0.00002537 0.00002537 
227700 0.00002537 0.00002537 
227800 0.00002537 0.00002537 
227900 0.00002537 0.00002537 
228000 0.00002537 0.00002537 
228100 0.00002537 0.00002537 
228200 0.00002537 0.00002537 
228300 0.00002537 0.00002537 
228400 0.00002537 0.00002537 
228500 0.00002537 0.00002537 
228600 0.00002537 0.00002537 
228700 0.00002537 0.00002537 
228800 0.00002537 0.00002537 
228900 0.00002537 0.00002537 
229000 0.00002537 0.00002537 
229100 0.00002537 0.00002537 
229200 0.00002537 0.00002537 
229300 0.00002537 0.00002537 
229400 0.00002537 0.00002537 
229500 0.00002537 0.00002537 
229600 0.00002537 0.00002537 
229700 0.00002537 0.00002537 
229800 0.00002537 0.00002537 
229900 0.00002537 0.00002537 
230000 0.00002537 0.00002537 
230100 0.00002537 0.00002537 
230200 0.00002537 0.00002537 
230300 0.00002537 0.00002537 
230400 0.00002537 0.00002537 
230500 0.00002537 0.00002537 
230600 0.00002537 0.00002537 
230700 0.00002537 0.00002537 
230800 0.00002537 0.00002537 
230900 0.00002537 0.00002537 
231000 0.00002537 0.00002537 
231100 0.00002537 0.00002537 
231200 0.00002537 0.00002537 
231300 0.00002537 0.00002537 
231400 0.00002537 0.00002537 
231500 0.00002537 0.00002537 
231600 0.00002537 0.00002537 
231700 0.00002537 0.00002537 
231800 0.00002537 0.00002537 
231900 0.00002537 0.00002537 
232000 0.00002537 0.00002537 
232100 0.00002537 0.00002537 
232200 0.00002537 0.00002537 
232300 0.00002537 0.00002537 
232400 0.00002537 0.00002537 
232500 0.00002537 0.00002537 
232600 0.00002537 0.00002537 
232700 0.00002537 0.00002537 
232800 0.00002537 0.00002537 
232900 0.00002537 0.00002537 
233000 0.00002537 0.00002537 
233100 0.00002537 0.00002537 
233200 0.00002537 0.00002537 
233300 0.00002537 0.00002537 
233400 0.00002537 0.00002537 
233500 0.00002537 0.00002537 
233600 0.00002537 0.00002537 
233700 0.00002537 0.00002537 
233800 0.00002537 0.00002537 
233900 0.00002537 0.00002537 
234000 0.00002537 0.00002537 
234100 0.00002537 0.00002537 
234200 0.00002537 0.00002537 
234300 0.00002537 0.00002537 
234400 0.00002537 0.00002537 
234500 0.00002537 0.00002537 
234600 0.00002537 0.00002537 
234700 0.00002537 0.00002537 
234800 0.00002537 0.00002537 
234900 0.00002537 0.00002537 
235000 0.00002537 0.00002537 
235100 0.00002537 0.00002537 
235200 0.00002537 0.00002537 
235300 0.00002537 0.00002537 
235400 0.00002537 0.00002537 
235500 0.00002537 0.00002537 
235600 0.00002537 0.00002537 
235700 0.00002537 0.00002537 
235800 0.00002537 0.00002537 
235900 0.00002537 0.00002537 
236000 0.00002537 0.00002537 
236100 0.00002537 0.00002537 
236200 0.00002537 0.00002537 
236300 0.00002537 0.00002537 
236400 0.00002537 0.00002537 
236500 0.00002537 0.00002537 
236600 0.00002537 0.00002537 
236700 0.00002537 0.00002537 
236800 0.00002537 0.00002537 
236900 0.00002537 0.00002537 
237000 0.00002537 0.00002537 
237100 0.00002537 0.00002537 
237200 0.00002537 0.00002537 
237300 0.00002537 0.00002537 
237400 0.00002537 0.00002537 
237500 0.00002537 0.00002537 
237600 0.00002537 0.00002537 
237700 0.00002537 0.00002537 
237800 0.00002537 0.00002537 
237900 0.00002537 0.00002537 
238000 0.00002537 0.00002537 
238100 0.00002537 0.00002537 
238200 0.00002537 0.00002537 
238300 0.00002537 0.00002537 
238400 0.00002537 0.00002537 
238500 0.00002537 0.00002537 
238600 0.00002537 0.00002537 
238700 0.00002537 0.00002537 
238800 0.00002537 0.00002537 
238900 0.00002537 0.00002537 
239000 0.00002537 0.00002537 
239100 0.00002537 0.00002537 
239200 0.00002537 0.00002537 
239300 0.00002537 0.00002537 
239400 0.00002537 0.00002537 
239500 0.00002537 0.00002537 
239600 0.00002537 0.00002537 
239700 0.00002537 0.00002537 
239800 0.00002537 0.00002537 
239900 0.00002537 0.00002537 
240000 0.00002537 0.00002537 
240100 0.00002537 0.00002537 
240200 0.00002537 0.00002537 
240300 0.00002537 0.00002537 
240400 0.00002537 0.00002537 
240500 0.00002537 0.00002537 
240600 0.00002537 0.00002537 
240700 0.00002537 0.00002537 
240800 0.00002537 0.00002537 
240900 0.00002537 0.00002537 
241000 0.00002537 0.00002537 
241100 0.00002537 0.00002537 
241200 0.00002537 0.00002537 
241300 0.00002537 0.00002537 
241400 0.00002537 0.00002537 
241500 0.00002537 0.00002537 
241600 0.00002537 0.00002537 
241700 0.00002537 0.00002537 
241800 0.00002537 0.00002537 
241900 0.00002537 0.00002537 
242000 0.00002537 0.00002537 
242100 0.00002537 0.00002537 
242200 0.00002537 0.00002537 
242300 0.00002537 0.00002537 
242400 0.00002537 0.00002537 
242500 0.00002537 0.00002537 
242600 0.00002537 0.00002537 
242700 0.00002537 0.00002537 
242800 0.00002537 0.00002537 
242900 0.00002537 0.00002537 
243000 0.00002537 0.00002537 
243100 0.00002537 0.00002537 
243200 0.00002537 0.00002537 
243300 0.00002537 0.00002537 
243400 0.00002537 0.00002537 
243500 0.00002537 0.00002537 
243600 0.00002537 0.00002537 
243700 0.00002537 0.00002537 
243800 0.00002537 0.00002537 
243900 0.00002537 0.00002537 
244000 0.00002537 0.00002537 
244100 0.00002537 0.00002537 
244200 0.00002537 0.00002537 
244300 0.00002537 0.00002537 
244400 0.00002537 0.00002537 
244500 0.00002537 0.00002537 
244600 0.00002537 0.00002537 
244700 0.00002537 0.00002537 
244800 0.00002537 0.00002537 
244900 0.00002537 0.00002537 
245000 0.00002537 0.00002537 
245100 0.00002537 0.00002537 
245200 0.00002537 0.00002537 
245300 0.00002537 0.00002537 
245400 0.00002537 0.00002537 
245500 0.00002537 0.00002537 
245600 0.00002537 0.00002537 
245700 0.00002537 0.00002537 
245800 0.00002537 0.00002537 
245900 0.00002537 0.00002537 
246000 0.00002537 0.00002537 
246100 0.00002537 0.00002537 
246200 0.00002537 0.00002537 
246300 0.00002537 0.00002537 
246400 0.00002537 0.00002537 
246500 0.00002537 0.00002537 
246600 0.00002537 0.00002537 
246700 0.00002537 0.00002537 
246800 0.00002537 0.00002537 
246900 0.00002537 0.00002537 
247000 0.00002537 0.00002537 
247100 0.00002537 0.00002537 
247200 0.00002537 0.00002537 
247300 0.00002537 0.00002537 
247400 0.00002537 0.00002537 
247500 0.00002537 0.00002537 
247600 0.00002537 0.00002537 
247700 0.00002537 0.00002537 
247800 0.00002537 0.00002537 
247900 0.00002537 0.00002537 
248000 0.00002537 0.00002537 
248100 0.00002537 0.00002537 
248200 0.00002537 0.00002537 
248300 0.00002537 0.00002537 
248400 0.00002537 0.00002537 
248500 0.00002537 0.00002537 
248600 0.00002537 0.00002537 
248700 0.00002537 0.00002537 
248800 0.00002537 0.00002537 
248900 0.00002537 0.00002537 
249000 0.00002537 0.00002537 
249100 0.00002537 0.00002537 
249200 0.00002537 0.00002537 
249300 0.00002537 0.00002537 
249400 0.00002537 0.00002537 
249500 0.00002537 0.00002537 
249600 0.00002537 0.00002537 
249700 0.00002537 0.00002537 
249800 0.00002537 0.00002537 
249900 0.00002537 0.00002537 
250000 0.00002537 0.00002537 
250100 0.00002537 0.00002537 
250200 0.00002537 0.00002537 
250300 0.00002537 0.00002537 
250400 0.00002537 0.00002537 
250500 0.00002537 0.00002537 
250600 0.00002537 0.00002537 
250700 0.00002537 0.00002537 
250800 0.00002537 0.00002537 
250900 0.00002537 0.00002537 
251000 0.00002537 0.00002537 
251100 0.00002537 0.00002537 
251200 0.00002537 0.00002537 
251300 0.00002537 0.00002537 
251400 0.00002537 0.00002537 
251500 0.00002537 0.00002537 
251600 0.00002537 0.00002537 
251700 0.00002537 0.00002537 
251800 0.00002537 0.00002537 
251900 0.00002537 0.00002537 
252000 0.00002537 0.00002537 
252100 0.00002537 0.00002537 
252200 0.00002537 0.00002537 
252300 0.00002537 0.00002537 
252400 0.00002537 0.00002537 
252500 0.00002537 0.00002537 
252600 0.00002537 0.00002537 
252700 0.00002537 0.00002537 
252800 0.00002537 0.00002537 
252900 0.00002537 0.00002537 
253000 0.00002537 0.00002537 
253100 0.00002537 0.00002537 
253200 0.00002537 0.00002537 
253300 0.00002537 0.00002537 
253400 0.00002537 0.00002537 
253500 0.00002537 0.00002537 
253600 0.00002537 0.00002537 
253700 0.00002537 0.00002537 
253800 0.00002537 0.00002537 
253900 0.00002537 0.00002537 
254000 0.00002537 0.00002537 
254100 0.00002537 0.00002537 
254200 0.00002537 0.00002537 
254300 0.00002537 0.00002537 
254400 0.00002537 0.00002537 
254500 0.00002537 0.00002537 
254600 0.00002537 0.00002537 
254700 0.00002537 0.00002537 
254800 0.00002537 0.00002537 
254900 0.00002537 0.00002537 
255000 0.00002537 0.00002537 
255100 0.00002537 0.00002537 
255200 0.00002537 0.00002537 
255300 0.00002537 0.00002537 
255400 0.00002537 0.00002537 
255500 0.00002537 0.00002537 
255600 0.00002537 0.00002537 
255700 0.00002537 0.00002537 
255800 0.00002537 0.00002537 
255900 0.00002537 0.00002537 
256000 0.00002537 0.00002537 
256100 0.00002537 0.00002537 
256200 0.00002537 0.00002537 
256300 0.00002537 0.00002537 
256400 0.00002537 0.00002537 
256500 0.00002537 0.00002537 
256600 0.00002537 0.00002537 
256700 0.00002537 0.00002537 
256800 0.00002537 0.00002537 
256900 0.00002537 0.00002537 
257000 0.00002537 0.00002537 
257100 0.00002537 0.00002537 
257200 0.00002537 0.00002537 
257300 0.00002537 0.00002537 
257400 0.00002537 0.00002537 
257500 0.00002537 0.00002537 
257600 0.00002537 0.00002537 
257700 0.00002537 0.00002537 
257800 0.00002537 0.00002537 
257900 0.00002537 0.00002537 
258000 0.00002537 0.00002537 
258100 0.00002537 0.00002537 
258200 0.00002537 0.00002537 
258300 0.00002537 0.00002537 
258400 0.00002537 0.00002537 
258500 0.00002537 0.00002537 
258600 0.00002537 0.00002537 
258700 0.00002537 0.00002537 
258800 0.00002537 0.00002537 
258900 0.00002537 0.00002537 
259000 0.00002537 0.00002537 
259100 0.00002537 0.00002537 
259200 0.00002537 0.00002537 
259300 0.00002537 0.00002537 
259400 0.00002537 0.00002537 
259500 0.00002537 0.00002537 
259600 0.00002537 0.00002537 
259700 0.00002537 0.00002537 
259800 0.00002537 0.00002537 
259900 0.00002537 0.00002537 
260000 0.00002537 0.00002537 
260100 0.00002537 0.00002537 
260200 0.00002537 0.00002537 
260300 0.00002537 0.00002537 
260400 0.00002537 0.00002537 
260500 0.00002537 0.00002537 
260600 0.00002537 0.00002537 
260700 0.00002537 0.00002537 
260800 0.00002537 0.00002537 
260900 0.00002537 0.00002537 
261000 0.00002537 0.00002537 
261100 0.00002537 0.00002537 
261200 0.00002537 0.00002537 
261300 0.00002537 0.00002537 
261400 0.00002537 0.00002537 
261500 0.00002537 0.00002537 
261600 0.00002537 0.00002537 
261700 0.00002537 0.00002537 
261800 0.00002537 0.00002537 
261900 0.00002537 0.00002537 
262000 0.00002537 0.00002537 
262100 0.00002537 0.00002537 
262200 0.00002537 0.00002537 
262300 0.00002537 0.00002537 
262400 0.00002537 0.00002537 
262500 0.00002537 0.00002537 
262600 0.00002537 0.00002537 
262700 0.00002537 0.00002537 
262800 0.00002537 0.00002537 
262900 0.00002537 0.00002537 
263000 0.00002537 0.00002537 
263100 0.00002537 0.00002537 
263200 0.00002537 0.00002537 
263300 0.00002537 0.00002537 
263400 0.00002537 0.00002537 
263500 0.00002537 0.00002537 
263600 0.00002537 0.00002537 
263700 0.00002537 0.00002537 
263800 0.00002537 0.00002537 
263900 0.00002537 0.00002537 
264000 0.00002537 0.00002537 
264100 0.00002537 0.00002537 
264200 0.00002537 0.00002537 
264300 0.00002537 0.00002537 
264400 0.00002537 0.00002537 
264500 0.00002537 0.00002537 
264600 0.00002537 0.00002537 
264700 0.00002537 0.00002537 
264800 0.00002537 0.00002537 
264900 0.00002537 0.00002537 
265000 0.00002537 0.00002537 
265100 0.00002537 0.00002537 
265200 0.00002537 0.00002537 
265300 0.00002537 0.00002537 
265400 0.00002537 0.00002537 
265500 0.00002537 0.00002537 
265600 0.00002537 0.00002537 
265700 0.00002537 0.00002537 
265800 0.00002537 0.00002537 
265900 0.00002537 0.00002537 
266000 0.00002537 0.00002537 
266100 0.00002537 0.00002537 
266200 0.00002537 0.00002537 
266300 0.00002537 0.00002537 
266400 0.00002537 0.00002537 
266500 0.00002537 0.00002537 
266600 0.00002537 0.00002537 
266700 0.00002537 0.00002537 
266800 0.00002537 0.00002537 
266900 0.00002537 0.00002537 
267000 0.00002537 0.00002537 
267100 0.00002537 0.00002537 
267200 0.00002537 0.00002537 
267300 0.00002537 0.00002537 
267400 0.00002537 0.00002537 
267500 0.00002537 0.00002537 
267600 0.00002537 0.00002537 
267700 0.00002537 0.00002537 
267800 0.00002537 0.00002537 
267900 0.00002537 0.00002537 
268000 0.00002537 0.00002537 
268100 0.00002537 0.00002537 
268200 0.00002537 0.00002537 
268300 0.00002537 0.00002537 
268400 0.00002537 0.00002537 
268500 0.00002537 0.00002537 
268600 0.00002537 0.00002537 
268700 0.00002537 0.00002537 
268800 0.00002537 0.00002537 
268900 0.00002537 0.00002537 
269000 0.00002537 0.00002537 
269100 0.00002537 0.00002537 
269200 0.00002537 0.00002537 
269300 0.00002537 0.00002537 
269400 0.00002537 0.00002537 
269500 0.00002537 0.00002537 
269600 0.00002537 0.00002537 
269700 0.00002537 0.00002537 
269800 0.00002537 0.00002537 
269900 0.00002537 0.00002537 
270000 0.00002537 0.00002537 
270100 0.00002537 0.00002537 
270200 0.00002537 0.00002537 
270300 0.00002537 0.00002537 
270400 0.00002537 0.00002537 
270500 0.00002537 0.00002537 
270600 0.00002537 0.00002537 
270700 0.00002537 0.00002537 
270800 0.00002537 0.00002537 
270900 0.00002537 0.00002537 
271000 0.00002537 0.00002537 
271100 0.00002537 0.00002537 
271200 0.00002537 0.00002537 
271300 0.00002537 0.00002537 
271400 0.00002537 0.00002537 
271500 0.00002537 0.00002537 
271600 0.00002537 0.00002537 
271700 0.00002537 0.00002537 
271800 0.00002537 0.00002537 
271900 0.00002537 0.00002537 
272000 0.00002537 0.00002537 
272100 0.00002537 0.00002537 
272200 0.00002537 0.00002537 
272300 0.00002537 0.00002537 
272400 0.00002537 0.00002537 
272500 0.00002537 0.00002537 
272600 0.00002537 0.00002537 
272700 0.00002537 0.00002537 
272800 0.00002537 0.00002537 
272900 0.00002537 0.00002537 
273000 0.00002537 0.00002537 
273100 0.00002537 0.00002537 
273200 0.00002537 0.00002537 
273300 0.00002537 0.00002537 
273400 0.00002537 0.00002537 
273500 0.00002537 0.00002537 
273600 0.00002537 0.00002537 
273700 0.00002537 0.00002537 
273800 0.00002537 0.00002537 
273900 0.00002537 0.00002537 
274000 0.00002537 0.00002537 
274100 0.00002537 0.00002537 
274200 0.00002537 0.00002537 
274300 0.00002537 0.00002537 
274400 0.00002537 0.00002537 
274500 0.00002537 0.00002537 
274600 0.00002537 0.00002537 
274700 0.00002537 0.00002537 
274800 0.00002537 0.00002537 
274900 0.00002537 0.00002537 
275000 0.00002537 0.00002537 
275100 0.00002537 0.00002537 
275200 0.00002537 0.00002537 
275300 0.00002537 0.00002537 
275400 0.00002537 0.00002537 
275500 0.00002537 0.00002537 
275600 0.00002537 0.00002537 
275700 0.00002537 0.00002537 
275800 0.00002537 0.00002537 
275900 0.00002537 0.00002537 
276000 0.00002537 0.00002537 
276100 0.00002537 0.00002537 
276200 0.00002537 0.00002537 
276300 0.00002537 0.00002537 
276400 0.00002537 0.00002537 
276500 0.00002537 0.00002537 
276600 0.00002537 0.00002537 
276700 0.00002537 0.00002537 
276800 0.00002537 0.00002537 
276900 0.00002537 0.00002537 
277000 0.00002537 0.00002537 
277100 0.00002537 0.00002537 
277200 0.00002537 0.00002537 
277300 0.00002537 0.00002537 
277400 0.00002537 0.00002537 
277500 0.00002537 0.00002537 
277600 0.00002537 0.00002537 
277700 0.00002537 0.00002537 
277800 0.00002537 0.00002537 
277900 0.00002537 0.00002537 
278000 0.00002537 0.00002537 
278100 0.00002537 0.00002537 
278200 0.00002537 0.00002537 
278300 0.00002537 0.00002537 
278400 0.00002537 0.00002537 
278500 0.00002537 0.00002537 
278600 0.00002537 0.00002537 
278700 0.00002537 0.00002537 
278800 0.00002537 0.00002537 
278900 0.00002537 0.00002537 
279000 0.00002537 0.00002537 
279100 0.00002537 0.00002537 
279200 0.00002537 0.00002537 
279300 0.00002537 0.00002537 
279400 0.00002537 0.00002537 
279500 0.00002537 0.00002537 
279600 0.00002537 0.00002537 
279700 0.00002537 0.00002537 
279800 0.00002537 0.00002537 
279900 0.00002537 0.00002537 
280000 0.00002537 0.00002537 
280100 0.00002537 0.00002537 
280200 0.00002537 0.00002537 
280300 0.00002537 0.00002537 
280400 0.00002537 0.00002537 
280500 0.00002537 0.00002537 
280600 0.00002537 0.00002537 
280700 0.00002537 0.00002537 
280800 0.00002537 0.00002537 
280900 0.00002537 0.00002537 
281000 0.00002537 0.00002537 
281100 0.00002537 0.00002537 
281200 0.00002537 0.00002537 
281300 0.00002537 0.00002537 
281400 0.00002537 0.00002537 
281500 0.00002537 0.00002537 
281600 0.00002537 0.00002537 
281700 0.00002537 0.00002537 
281800 0.00002537 0.00002537 
281900 0.00002537 0.00002537 
282000 0.00002537 0.00002537 
282100 0.00002537 0.00002537 
282200 0.00002537 0.00002537 
282300 0.00002537 0.00002537 
282400 0.00002537 0.00002537 
282500 0.00002537 0.00002537 
282600 0.00002537 0.00002537 
282700 0.00002537 0.00002537 
282800 0.00002537 0.00002537 
282900 0.00002537 0.00002537 
283000 0.00002537 0.00002537 
283100 0.00002537 0.00002537 
283200 0.00002537 0.00002537 
283300 0.00002537 0.00002537 
283400 0.00002537 0.00002537 
283500 0.00002537 0.00002537 
283600 0.00002537 0.00002537 
283700 0.00002537 0.00002537 
283800 0.00002537 0.00002537 
283900 0.00002537 0.00002537 
284000 0.00002537 0.00002537 
284100 0.00002537 0.00002537 
284200 0.00002537 0.00002537 
284300 0.00002537 0.00002537 
284400 0.00002537 0.00002537 
284500 0.00002537 0.00002537 
284600 0.00002537 0.00002537 
284700 0.00002537 0.00002537 
284800 0.00002537 0.00002537 
284900 0.00002537 0.00002537 
285000 0.00002537 0.00002537 
285100 0.00002537 0.00002537 
285200 0.00002537 0.00002537 
285300 0.00002537 0.00002537 
285400 0.00002537 0.00002537 
285500 0.00002537 0.00002537 
285600 0.00002537 0.00002537 
285700 0.00002537 0.00002537 
285800 0.00002537 0.00002537 
285900 0.00002537 0.00002537 
286000 0.00002537 0.00002537 
286100 0.00002537 0.00002537 
286200 0.00002537 0.00002537 
286300 0.00002537 0.00002537 
286400 0.00002537 0.00002537 
286500 0.00002537 0.00002537 
286600 0.00002537 0.00002537 
286700 0.00002537 0.00002537 
286800 0.00002537 0.00002537 
286900 0.00002537 0.00002537 
287000 0.00002537 0.00002537 
287100 0.00002537 0.00002537 
287200 0.00002537 0.00002537 
287300 0.00002537 0.00002537 
287400 0.00002537 0.00002537 
287500 0.00002537 0.00002537 
287600 0.00002537 0.00002537 
287700 0.00002537 0.00002537 
287800 0.00002537 0.00002537 
287900 0.00002537 0.00002537 
288000 0.00002537 0.00002537 
288100 0.00002537 0.00002537 
288200 0.00002537 0.00002537 
288300 0.00002537 0.00002537 
288400 0.00002537 0.00002537 
288500 0.00002537 0.00002537 
288600 0.00002537 0.00002537 
288700 0.00002537 0.00002537 
288800 0.00002537 0.00002537 
288900 0.00002537 0.00002537 
289000 0.00002537 0.00002537 
289100 0.00002537 0.00002537 
289200 0.00002537 0.00002537 
289300 0.00002537 0.00002537 
289400 0.00002537 0.00002537 
289500 0.00002537 0.00002537 
289600 0.00002537 0.00002537 
289700 0.00002537 0.00002537 
289800 0.00002537 0.00002537 
289900 0.00002537 0.00002537 
290000 0.00002537 0.00002537 
290100 0.00002537 0.00002537 
290200 0.00002537 0.00002537 
290300 0.00002537 0.00002537 
290400 0.00002537 0.00002537 
290500 0.00002537 0.00002537 
290600 0.00002537 0.00002537 
290700 0.00002537 0.00002537 
290800 0.00002537 0.00002537 
290900 0.00002537 0.00002537 
291000 0.00002537 0.00002537 
291100 0.00002537 0.00002537 
291200 0.00002537 0.00002537 
291300 0.00002537 0.00002537 
291400 0.00002537 0.00002537 
291500 0.00002537 0.00002537 
291600 0.00002537 0.00002537 
291700 0.00002537 0.00002537 
291800 0.00002537 0.00002537 
291900 0.00002537 0.00002537 
292000 0.00002537 0.00002537 
292100 0.00002537 0.00002537 
292200 0.00002537 0.00002537 
292300 0.00002537 0.00002537 
292400 0.00002537 0.00002537 
292500 0.00002537 0.00002537 
292600 0.00002537 0.00002537 
292700 0.00002537 0.00002537 
292800 0.00002537 0.00002537 
292900 0.00002537 0.00002537 
293000 0.00002537 0.00002537 
293100 0.00002537 0.00002537 
293200 0.00002537 0.00002537 
293300 0.00002537 0.00002537 
293400 0.00002537 0.00002537 
293500 0.00002537 0.00002537 
293600 0.00002537 0.00002537 
293700 0.00002537 0.00002537 
293800 0.00002537 0.00002537 
293900 0.00002537 0.00002537 
294000 0.00002537 0.00002537 
294100 0.00002537 0.00002537 
294200 0.00002537 0.00002537 
294300 0.00002537 0.00002537 
294400 0.00002537 0.00002537 
294500 0.00002537 0.00002537 
294600 0.00002537 0.00002537 
294700 0.00002537 0.00002537 
294800 0.00002537 0.00002537 
294900 0.00002537 0.00002537 
295000 0.00002537 0.00002537 
295100 0.00002537 0.00002537 
295200 0.00002537 0.00002537 
295300 0.00002537 0.00002537 
295400 0.00002537 0.00002537 
295500 0.00002537 0.00002537 
295600 0.00002537 0.00002537 
295700 0.00002537 0.00002537 
295800 0.00002537 0.00002537 
295900 0.00002537 0.00002537 
296000 0.00002537 0.00002537 
296100 0.00002537 0.00002537 
296200 0.00002537 0.00002537 
296300 0.00002537 0.00002537 
296400 0.00002537 0.00002537 
296500 0.00002537 0.00002537 
296600 0.00002537 0.00002537 
296700 0.00002537 0.00002537 
296800 0.00002537 0.00002537 
296900 0.00002537 0.00002537 
297000 0.00002537 0.00002537 
297100 0.00002537 0.00002537 
297200 0.00002537 0.00002537 
297300 0.00002537 0.00002537 
297400 0.00002537 0.00002537 
297500 0.00002537 0.00002537 
297600 0.00002537 0.00002537 
297700 0.00002537 0.00002537 
297800 0.00002537 0.00002537 
297900 0.00002537 0.00002537 
298000 0.00002537 0.00002537 
298100 0.00002537 0.00002537 
298200 0.00002537 0.00002537 
298300 0.00002537 0.00002537 
298400 0.00002537 0.00002537 
298500 0.00002537 0.00002537 
298600 0.00002537 0.00002537 
298700 0.00002537 0.00002537 
298800 0.00002537 0.00002537 
298900 0.00002537 0.00002537 
299000 0.00002537 0.00002537 
299100 0.00002537 0.00002537 
299200 0.00002537 0.00002537 
299300 0.00002537 0.00002537 
299400 0.00002537 0.00002537 
299500 0.00002537 0.00002537 
299600 0.00002537 0.00002537 
299700 0.00002537 0.00002537 
299800 0.00002537 0.00002537 
299900 0.00002537 0.00002537 
300000 0.00002537 0.00002537 
