200 0.21410927 0.21410927 
400 0.21410927 0.21410927 
600 0.20084993 0.20084993 
800 0.20084993 0.20084993 
1000 0.19238806 0.19238806 
1200 0.19238806 0.19238806 
1400 0.19238806 0.19238806 
1600 0.18794651 0.18794651 
1800 0.18794651 0.18794651 
2000 0.18763328 0.18763328 
2200 0.18499708 0.18499708 
2400 0.18499708 0.18499708 
2600 0.17469600 0.17469600 
2800 0.17469600 0.17469600 
3000 0.17280622 0.17280622 
3200 0.17280622 0.17280622 
3400 0.17041563 0.17041563 
3600 0.17041563 0.17041563 
3800 0.15371166 0.15371166 
4000 0.15371166 0.15371166 
4200 0.15371166 0.15371166 
4400 0.15324432 0.15324432 
4600 0.15324432 0.15324432 
4800 0.15200859 0.15200859 
5000 0.15200859 0.15200859 
5200 0.15200859 0.15200859 
5400 0.15200859 0.15200859 
5600 0.15200859 0.15200859 
5800 0.15200859 0.15200859 
6000 0.15200859 0.15200859 
6200 0.15200859 0.15200859 
6400 0.15200859 0.15200859 
6600 0.15200859 0.15200859 
6800 0.15200859 0.15200859 
7000 0.15200859 0.15200859 
7200 0.15200859 0.15200859 
7400 0.14569350 0.14569350 
7600 0.12172632 0.12172632 
7800 0.12172632 0.12172632 
8000 0.12172632 0.12172632 
8200 0.12172632 0.12172632 
8400 0.12172632 0.12172632 
8600 0.12172632 0.12172632 
8800 0.12172632 0.12172632 
9000 0.12172632 0.12172632 
9200 0.12172632 0.12172632 
9400 0.12172632 0.12172632 
9600 0.12172632 0.12172632 
9800 0.12172632 0.12172632 
10000 0.12172632 0.12172632 
10200 0.12172632 0.12172632 
10400 0.12172632 0.12172632 
10600 0.12172632 0.12172632 
10800 0.12172632 0.12172632 
11000 0.12172632 0.12172632 
11200 0.12172632 0.12172632 
11400 0.12172632 0.12172632 
11600 0.06978476 0.06978476 
11800 0.06978476 0.06978476 
12000 0.06978476 0.06978476 
12200 0.06978476 0.06978476 
12400 0.06978476 0.06978476 
12600 0.06978476 0.06978476 
12800 0.06978476 0.06978476 
13000 0.06978476 0.06978476 
13200 0.06978476 0.06978476 
13400 0.06978476 0.06978476 
13600 0.06978476 0.06978476 
13800 0.06978476 0.06978476 
14000 0.06978476 0.06978476 
14200 0.06978476 0.06978476 
14400 0.06978476 0.06978476 
14600 0.06978476 0.06978476 
14800 0.06978476 0.06978476 
15000 0.06978476 0.06978476 
15200 0.06978476 0.06978476 
15400 0.06978476 0.06978476 
15600 0.06978476 0.06978476 
15800 0.06978476 0.06978476 
16000 0.06978476 0.06978476 
16200 0.06978476 0.06978476 
16400 0.06978476 0.06978476 
16600 0.06978476 0.06978476 
16800 0.06978476 0.06978476 
17000 0.06978476 0.06978476 
17200 0.06978476 0.06978476 
17400 0.06978476 0.06978476 
17600 0.06978476 0.06978476 
17800 0.06978476 0.06978476 
18000 0.06978476 0.06978476 
18200 0.06978476 0.06978476 
18400 0.06978476 0.06978476 
18600 0.06978476 0.06978476 
18800 0.06978476 0.06978476 
19000 0.06978476 0.06978476 
19200 0.06978476 0.06978476 
19400 0.06978476 0.06978476 
19600 0.06978476 0.06978476 
19800 0.06978476 0.06978476 
20000 0.06978476 0.06978476 
20200 0.06978476 0.06978476 
20400 0.05947102 0.05947102 
20600 0.05947102 0.05947102 
20800 0.05947102 0.05947102 
21000 0.05947102 0.05947102 
21200 0.05947102 0.05947102 
21400 0.05947102 0.05947102 
21600 0.05897229 0.05897229 
21800 0.05897229 0.05897229 
22000 0.03724066 0.03724066 
22200 0.03724066 0.03724066 
22400 0.03724066 0.03724066 
22600 0.03724066 0.03724066 
22800 0.01576752 0.01576752 
23000 0.01576752 0.01576752 
23200 0.01576752 0.01576752 
23400 0.01576752 0.01576752 
23600 0.01576752 0.01576752 
23800 0.01576752 0.01576752 
24000 0.01576752 0.01576752 
24200 0.01576752 0.01576752 
24400 0.01576752 0.01576752 
24600 0.01576752 0.01576752 
24800 0.01576752 0.01576752 
25000 0.01576752 0.01576752 
25200 0.01576752 0.01576752 
25400 0.01576752 0.01576752 
25600 0.01576752 0.01576752 
25800 0.01576752 0.01576752 
26000 0.01576752 0.01576752 
26200 0.01576752 0.01576752 
26400 0.01576752 0.01576752 
26600 0.01576752 0.01576752 
26800 0.01576752 0.01576752 
27000 0.01576752 0.01576752 
27200 0.01576752 0.01576752 
27400 0.01576752 0.01576752 
27600 0.01576752 0.01576752 
27800 0.01576752 0.01576752 
28000 0.01576752 0.01576752 
28200 0.01576752 0.01576752 
28400 0.01576752 0.01576752 
28600 0.01398355 0.01398355 
28800 0.01398355 0.01398355 
29000 0.01398355 0.01398355 
29200 0.01398355 0.01398355 
29400 0.01398355 0.01398355 
29600 0.01398355 0.01398355 
29800 0.01398355 0.01398355 
30000 0.01398355 0.01398355 
30200 0.01398355 0.01398355 
30400 0.01398355 0.01398355 
30600 0.01398355 0.01398355 
30800 0.01398355 0.01398355 
31000 0.01398355 0.01398355 
31200 0.01398355 0.01398355 
31400 0.01398355 0.01398355 
31600 0.01398355 0.01398355 
31800 0.01398355 0.01398355 
32000 0.01398355 0.01398355 
32200 0.01398355 0.01398355 
32400 0.01398355 0.01398355 
32600 0.01398355 0.01398355 
32800 0.01398355 0.01398355 
33000 0.01398355 0.01398355 
33200 0.01398355 0.01398355 
33400 0.01398355 0.01398355 
33600 0.01398355 0.01398355 
33800 0.01398355 0.01398355 
34000 0.01398355 0.01398355 
34200 0.01398355 0.01398355 
34400 0.01398355 0.01398355 
34600 0.01398355 0.01398355 
34800 0.01398355 0.01398355 
35000 0.01398355 0.01398355 
35200 0.01398355 0.01398355 
35400 0.01398355 0.01398355 
35600 0.01398355 0.01398355 
35800 0.01398355 0.01398355 
36000 0.01398355 0.01398355 
36200 0.01398355 0.01398355 
36400 0.01398355 0.01398355 
36600 0.01398355 0.01398355 
36800 0.01398355 0.01398355 
37000 0.01398355 0.01398355 
37200 0.01398355 0.01398355 
37400 0.01398355 0.01398355 
37600 0.01398355 0.01398355 
37800 0.01020727 0.01020727 
38000 0.01020727 0.01020727 
38200 0.01020727 0.01020727 
38400 0.01020727 0.01020727 
38600 0.01020727 0.01020727 
38800 0.01020727 0.01020727 
39000 0.01020727 0.01020727 
39200 0.01020727 0.01020727 
39400 0.01020727 0.01020727 
39600 0.01020727 0.01020727 
39800 0.01020727 0.01020727 
40000 0.01020727 0.01020727 
40200 0.01020727 0.01020727 
40400 0.01020727 0.01020727 
40600 0.01020727 0.01020727 
40800 0.01020727 0.01020727 
41000 0.01020727 0.01020727 
41200 0.01020727 0.01020727 
41400 0.01020727 0.01020727 
41600 0.01020727 0.01020727 
41800 0.01020727 0.01020727 
42000 0.01020727 0.01020727 
42200 0.01020727 0.01020727 
42400 0.01020727 0.01020727 
42600 0.01020727 0.01020727 
42800 0.01020727 0.01020727 
43000 0.01020727 0.01020727 
43200 0.00002537 0.00002537 
43400 0.00002537 0.00002537 
43600 0.00002537 0.00002537 
43800 0.00002537 0.00002537 
44000 0.00002537 0.00002537 
44200 0.00002537 0.00002537 
44400 0.00002537 0.00002537 
44600 0.00002537 0.00002537 
44800 0.00002537 0.00002537 
45000 0.00002537 0.00002537 
45200 0.00002537 0.00002537 
45400 0.00002537 0.00002537 
45600 0.00002537 0.00002537 
45800 0.00002537 0.00002537 
46000 0.00002537 0.00002537 
46200 0.00002537 0.00002537 
46400 0.00002537 0.00002537 
46600 0.00002537 0.00002537 
46800 0.00002537 0.00002537 
47000 0.00002537 0.00002537 
47200 0.00002537 0.00002537 
47400 0.00002537 0.00002537 
47600 0.00002537 0.00002537 
47800 0.00002537 0.00002537 
48000 0.00002537 0.00002537 
48200 0.00002537 0.00002537 
48400 0.00002537 0.00002537 
48600 0.00002537 0.00002537 
48800 0.00002537 0.00002537 
49000 0.00002537 0.00002537 
49200 0.00002537 0.00002537 
49400 0.00002537 0.00002537 
49600 0.00002537 0.00002537 
49800 0.00002537 0.00002537 
50000 0.00002537 0.00002537 
50200 0.00002537 0.00002537 
50400 0.00002537 0.00002537 
50600 0.00002537 0.00002537 
50800 0.00002537 0.00002537 
51000 0.00002537 0.00002537 
51200 0.00002537 0.00002537 
51400 0.00002537 0.00002537 
51600 0.00002537 0.00002537 
51800 0.00002537 0.00002537 
52000 0.00002537 0.00002537 
52200 0.00002537 0.00002537 
52400 0.00002537 0.00002537 
52600 0.00002537 0.00002537 
52800 0.00002537 0.00002537 
53000 0.00002537 0.00002537 
53200 0.00002537 0.00002537 
53400 0.00002537 0.00002537 
53600 0.00002537 0.00002537 
53800 0.00002537 0.00002537 
54000 0.00002537 0.00002537 
54200 0.00002537 0.00002537 
54400 0.00002537 0.00002537 
54600 0.00002537 0.00002537 
54800 0.00002537 0.00002537 
55000 0.00002537 0.00002537 
55200 0.00002537 0.00002537 
55400 0.00002537 0.00002537 
55600 0.00002537 0.00002537 
55800 0.00002537 0.00002537 
56000 0.00002537 0.00002537 
56200 0.00002537 0.00002537 
56400 0.00002537 0.00002537 
56600 0.00002537 0.00002537 
56800 0.00002537 0.00002537 
57000 0.00002537 0.00002537 
57200 0.00002537 0.00002537 
57400 0.00002537 0.00002537 
57600 0.00002537 0.00002537 
57800 0.00002537 0.00002537 
58000 0.00002537 0.00002537 
58200 0.00002537 0.00002537 
58400 0.00002537 0.00002537 
58600 0.00002537 0.00002537 
58800 0.00002537 0.00002537 
59000 0.00002537 0.00002537 
59200 0.00002537 0.00002537 
59400 0.00002537 0.00002537 
59600 0.00002537 0.00002537 
59800 0.00002537 0.00002537 
60000 0.00002537 0.00002537 
60200 0.00002537 0.00002537 
60400 0.00002537 0.00002537 
60600 0.00002537 0.00002537 
60800 0.00002537 0.00002537 
61000 0.00002537 0.00002537 
61200 0.00002537 0.00002537 
61400 0.00002537 0.00002537 
61600 0.00002537 0.00002537 
61800 0.00002537 0.00002537 
62000 0.00002537 0.00002537 
62200 0.00002537 0.00002537 
62400 0.00002537 0.00002537 
62600 0.00002537 0.00002537 
62800 0.00002537 0.00002537 
63000 0.00002537 0.00002537 
63200 0.00002537 0.00002537 
63400 0.00002537 0.00002537 
63600 0.00002537 0.00002537 
63800 0.00002537 0.00002537 
64000 0.00002537 0.00002537 
64200 0.00002537 0.00002537 
64400 0.00002537 0.00002537 
64600 0.00002537 0.00002537 
64800 0.00002537 0.00002537 
65000 0.00002537 0.00002537 
65200 0.00002537 0.00002537 
65400 0.00002537 0.00002537 
65600 0.00002537 0.00002537 
65800 0.00002537 0.00002537 
66000 0.00002537 0.00002537 
66200 0.00002537 0.00002537 
66400 0.00002537 0.00002537 
66600 0.00002537 0.00002537 
66800 0.00002537 0.00002537 
67000 0.00002537 0.00002537 
67200 0.00002537 0.00002537 
67400 0.00002537 0.00002537 
67600 0.00002537 0.00002537 
67800 0.00002537 0.00002537 
68000 0.00002537 0.00002537 
68200 0.00002537 0.00002537 
68400 0.00002537 0.00002537 
68600 0.00002537 0.00002537 
68800 0.00002537 0.00002537 
69000 0.00002537 0.00002537 
69200 0.00002537 0.00002537 
69400 0.00002537 0.00002537 
69600 0.00002537 0.00002537 
69800 0.00002537 0.00002537 
70000 0.00002537 0.00002537 
70200 0.00002537 0.00002537 
70400 0.00002537 0.00002537 
70600 0.00002537 0.00002537 
70800 0.00002537 0.00002537 
71000 0.00002537 0.00002537 
71200 0.00002537 0.00002537 
71400 0.00002537 0.00002537 
71600 0.00002537 0.00002537 
71800 0.00002537 0.00002537 
72000 0.00002537 0.00002537 
72200 0.00002537 0.00002537 
72400 0.00002537 0.00002537 
72600 0.00002537 0.00002537 
72800 0.00002537 0.00002537 
73000 0.00002537 0.00002537 
73200 0.00002537 0.00002537 
73400 0.00002537 0.00002537 
73600 0.00002537 0.00002537 
73800 0.00002537 0.00002537 
74000 0.00002537 0.00002537 
74200 0.00002537 0.00002537 
74400 0.00002537 0.00002537 
74600 0.00002537 0.00002537 
74800 0.00002537 0.00002537 
75000 0.00002537 0.00002537 
75200 0.00002537 0.00002537 
75400 0.00002537 0.00002537 
75600 0.00002537 0.00002537 
75800 0.00002537 0.00002537 
76000 0.00002537 0.00002537 
76200 0.00002537 0.00002537 
76400 0.00002537 0.00002537 
76600 0.00002537 0.00002537 
76800 0.00002537 0.00002537 
77000 0.00002537 0.00002537 
77200 0.00002537 0.00002537 
77400 0.00002537 0.00002537 
77600 0.00002537 0.00002537 
77800 0.00002537 0.00002537 
78000 0.00002537 0.00002537 
78200 0.00002537 0.00002537 
78400 0.00002537 0.00002537 
78600 0.00002537 0.00002537 
78800 0.00002537 0.00002537 
79000 0.00002537 0.00002537 
79200 0.00002537 0.00002537 
79400 0.00002537 0.00002537 
79600 0.00002537 0.00002537 
79800 0.00002537 0.00002537 
80000 0.00002537 0.00002537 
80200 0.00002537 0.00002537 
80400 0.00002537 0.00002537 
80600 0.00002537 0.00002537 
80800 0.00002537 0.00002537 
81000 0.00002537 0.00002537 
81200 0.00002537 0.00002537 
81400 0.00002537 0.00002537 
81600 0.00002537 0.00002537 
81800 0.00002537 0.00002537 
82000 0.00002537 0.00002537 
82200 0.00002537 0.00002537 
82400 0.00002537 0.00002537 
82600 0.00002537 0.00002537 
82800 0.00002537 0.00002537 
83000 0.00002537 0.00002537 
83200 0.00002537 0.00002537 
83400 0.00002537 0.00002537 
83600 0.00002537 0.00002537 
83800 0.00002537 0.00002537 
84000 0.00002537 0.00002537 
84200 0.00002537 0.00002537 
84400 0.00002537 0.00002537 
84600 0.00002537 0.00002537 
84800 0.00002537 0.00002537 
85000 0.00002537 0.00002537 
85200 0.00002537 0.00002537 
85400 0.00002537 0.00002537 
85600 0.00002537 0.00002537 
85800 0.00002537 0.00002537 
86000 0.00002537 0.00002537 
86200 0.00002537 0.00002537 
86400 0.00002537 0.00002537 
86600 0.00002537 0.00002537 
86800 0.00002537 0.00002537 
87000 0.00002537 0.00002537 
87200 0.00002537 0.00002537 
87400 0.00002537 0.00002537 
87600 0.00002537 0.00002537 
87800 0.00002537 0.00002537 
88000 0.00002537 0.00002537 
88200 0.00002537 0.00002537 
88400 0.00002537 0.00002537 
88600 0.00002537 0.00002537 
88800 0.00002537 0.00002537 
89000 0.00002537 0.00002537 
89200 0.00002537 0.00002537 
89400 0.00002537 0.00002537 
89600 0.00002537 0.00002537 
89800 0.00002537 0.00002537 
90000 0.00002537 0.00002537 
90200 0.00002537 0.00002537 
90400 0.00002537 0.00002537 
90600 0.00002537 0.00002537 
90800 0.00002537 0.00002537 
91000 0.00002537 0.00002537 
91200 0.00002537 0.00002537 
91400 0.00002537 0.00002537 
91600 0.00002537 0.00002537 
91800 0.00002537 0.00002537 
92000 0.00002537 0.00002537 
92200 0.00002537 0.00002537 
92400 0.00002537 0.00002537 
92600 0.00002537 0.00002537 
92800 0.00002537 0.00002537 
93000 0.00002537 0.00002537 
93200 0.00002537 0.00002537 
93400 0.00002537 0.00002537 
93600 0.00002537 0.00002537 
93800 0.00002537 0.00002537 
94000 0.00002537 0.00002537 
94200 0.00002537 0.00002537 
94400 0.00002537 0.00002537 
94600 0.00002537 0.00002537 
94800 0.00002537 0.00002537 
95000 0.00002537 0.00002537 
95200 0.00002537 0.00002537 
95400 0.00002537 0.00002537 
95600 0.00002537 0.00002537 
95800 0.00002537 0.00002537 
96000 0.00002537 0.00002537 
96200 0.00002537 0.00002537 
96400 0.00002537 0.00002537 
96600 0.00002537 0.00002537 
96800 0.00002537 0.00002537 
97000 0.00002537 0.00002537 
97200 0.00002537 0.00002537 
97400 0.00002537 0.00002537 
97600 0.00002537 0.00002537 
97800 0.00002537 0.00002537 
98000 0.00002537 0.00002537 
98200 0.00002537 0.00002537 
98400 0.00002537 0.00002537 
98600 0.00002537 0.00002537 
98800 0.00002537 0.00002537 
99000 0.00002537 0.00002537 
99200 0.00002537 0.00002537 
99400 0.00002537 0.00002537 
99600 0.00002537 0.00002537 
99800 0.00002537 0.00002537 
100000 0.00002537 0.00002537 
100200 0.00002537 0.00002537 
100400 0.00002537 0.00002537 
100600 0.00002537 0.00002537 
100800 0.00002537 0.00002537 
101000 0.00002537 0.00002537 
101200 0.00002537 0.00002537 
101400 0.00002537 0.00002537 
101600 0.00002537 0.00002537 
101800 0.00002537 0.00002537 
102000 0.00002537 0.00002537 
102200 0.00002537 0.00002537 
102400 0.00002537 0.00002537 
102600 0.00002537 0.00002537 
102800 0.00002537 0.00002537 
103000 0.00002537 0.00002537 
103200 0.00002537 0.00002537 
103400 0.00002537 0.00002537 
103600 0.00002537 0.00002537 
103800 0.00002537 0.00002537 
104000 0.00002537 0.00002537 
104200 0.00002537 0.00002537 
104400 0.00002537 0.00002537 
104600 0.00002537 0.00002537 
104800 0.00002537 0.00002537 
105000 0.00002537 0.00002537 
105200 0.00002537 0.00002537 
105400 0.00002537 0.00002537 
105600 0.00002537 0.00002537 
105800 0.00002537 0.00002537 
106000 0.00002537 0.00002537 
106200 0.00002537 0.00002537 
106400 0.00002537 0.00002537 
106600 0.00002537 0.00002537 
106800 0.00002537 0.00002537 
107000 0.00002537 0.00002537 
107200 0.00002537 0.00002537 
107400 0.00002537 0.00002537 
107600 0.00002537 0.00002537 
107800 0.00002537 0.00002537 
108000 0.00002537 0.00002537 
108200 0.00002537 0.00002537 
108400 0.00002537 0.00002537 
108600 0.00002537 0.00002537 
108800 0.00002537 0.00002537 
109000 0.00002537 0.00002537 
109200 0.00002537 0.00002537 
109400 0.00002537 0.00002537 
109600 0.00002537 0.00002537 
109800 0.00002537 0.00002537 
110000 0.00002537 0.00002537 
110200 0.00002537 0.00002537 
110400 0.00002537 0.00002537 
110600 0.00002537 0.00002537 
110800 0.00002537 0.00002537 
111000 0.00002537 0.00002537 
111200 0.00002537 0.00002537 
111400 0.00002537 0.00002537 
111600 0.00002537 0.00002537 
111800 0.00002537 0.00002537 
112000 0.00002537 0.00002537 
112200 0.00002537 0.00002537 
112400 0.00002537 0.00002537 
112600 0.00002537 0.00002537 
112800 0.00002537 0.00002537 
113000 0.00002537 0.00002537 
113200 0.00002537 0.00002537 
113400 0.00002537 0.00002537 
113600 0.00002537 0.00002537 
113800 0.00002537 0.00002537 
114000 0.00002537 0.00002537 
114200 0.00002537 0.00002537 
114400 0.00002537 0.00002537 
114600 0.00002537 0.00002537 
114800 0.00002537 0.00002537 
115000 0.00002537 0.00002537 
115200 0.00002537 0.00002537 
115400 0.00002537 0.00002537 
115600 0.00002537 0.00002537 
115800 0.00002537 0.00002537 
116000 0.00002537 0.00002537 
116200 0.00002537 0.00002537 
116400 0.00002537 0.00002537 
116600 0.00002537 0.00002537 
116800 0.00002537 0.00002537 
117000 0.00002537 0.00002537 
117200 0.00002537 0.00002537 
117400 0.00002537 0.00002537 
117600 0.00002537 0.00002537 
117800 0.00002537 0.00002537 
118000 0.00002537 0.00002537 
118200 0.00002537 0.00002537 
118400 0.00002537 0.00002537 
118600 0.00002537 0.00002537 
118800 0.00002537 0.00002537 
119000 0.00002537 0.00002537 
119200 0.00002537 0.00002537 
119400 0.00002537 0.00002537 
119600 0.00002537 0.00002537 
119800 0.00002537 0.00002537 
120000 0.00002537 0.00002537 
120200 0.00002537 0.00002537 
120400 0.00002537 0.00002537 
120600 0.00002537 0.00002537 
120800 0.00002537 0.00002537 
121000 0.00002537 0.00002537 
121200 0.00002537 0.00002537 
121400 0.00002537 0.00002537 
121600 0.00002537 0.00002537 
121800 0.00002537 0.00002537 
122000 0.00002537 0.00002537 
122200 0.00002537 0.00002537 
122400 0.00002537 0.00002537 
122600 0.00002537 0.00002537 
122800 0.00002537 0.00002537 
123000 0.00002537 0.00002537 
123200 0.00002537 0.00002537 
123400 0.00002537 0.00002537 
123600 0.00002537 0.00002537 
123800 0.00002537 0.00002537 
124000 0.00002537 0.00002537 
124200 0.00002537 0.00002537 
124400 0.00002537 0.00002537 
124600 0.00002537 0.00002537 
124800 0.00002537 0.00002537 
125000 0.00002537 0.00002537 
125200 0.00002537 0.00002537 
125400 0.00002537 0.00002537 
125600 0.00002537 0.00002537 
125800 0.00002537 0.00002537 
126000 0.00002537 0.00002537 
126200 0.00002537 0.00002537 
126400 0.00002537 0.00002537 
126600 0.00002537 0.00002537 
126800 0.00002537 0.00002537 
127000 0.00002537 0.00002537 
127200 0.00002537 0.00002537 
127400 0.00002537 0.00002537 
127600 0.00002537 0.00002537 
127800 0.00002537 0.00002537 
128000 0.00002537 0.00002537 
128200 0.00002537 0.00002537 
128400 0.00002537 0.00002537 
128600 0.00002537 0.00002537 
128800 0.00002537 0.00002537 
129000 0.00002537 0.00002537 
129200 0.00002537 0.00002537 
129400 0.00002537 0.00002537 
129600 0.00002537 0.00002537 
129800 0.00002537 0.00002537 
130000 0.00002537 0.00002537 
130200 0.00002537 0.00002537 
130400 0.00002537 0.00002537 
130600 0.00002537 0.00002537 
130800 0.00002537 0.00002537 
131000 0.00002537 0.00002537 
131200 0.00002537 0.00002537 
131400 0.00002537 0.00002537 
131600 0.00002537 0.00002537 
131800 0.00002537 0.00002537 
132000 0.00002537 0.00002537 
132200 0.00002537 0.00002537 
132400 0.00002537 0.00002537 
132600 0.00002537 0.00002537 
132800 0.00002537 0.00002537 
133000 0.00002537 0.00002537 
133200 0.00002537 0.00002537 
133400 0.00002537 0.00002537 
133600 0.00002537 0.00002537 
133800 0.00002537 0.00002537 
134000 0.00002537 0.00002537 
134200 0.00002537 0.00002537 
134400 0.00002537 0.00002537 
134600 0.00002537 0.00002537 
134800 0.00002537 0.00002537 
135000 0.00002537 0.00002537 
135200 0.00002537 0.00002537 
135400 0.00002537 0.00002537 
135600 0.00002537 0.00002537 
135800 0.00002537 0.00002537 
136000 0.00002537 0.00002537 
136200 0.00002537 0.00002537 
136400 0.00002537 0.00002537 
136600 0.00002537 0.00002537 
136800 0.00002537 0.00002537 
137000 0.00002537 0.00002537 
137200 0.00002537 0.00002537 
137400 0.00002537 0.00002537 
137600 0.00002537 0.00002537 
137800 0.00002537 0.00002537 
138000 0.00002537 0.00002537 
138200 0.00002537 0.00002537 
138400 0.00002537 0.00002537 
138600 0.00002537 0.00002537 
138800 0.00002537 0.00002537 
139000 0.00002537 0.00002537 
139200 0.00002537 0.00002537 
139400 0.00002537 0.00002537 
139600 0.00002537 0.00002537 
139800 0.00002537 0.00002537 
140000 0.00002537 0.00002537 
140200 0.00002537 0.00002537 
140400 0.00002537 0.00002537 
140600 0.00002537 0.00002537 
140800 0.00002537 0.00002537 
141000 0.00002537 0.00002537 
141200 0.00002537 0.00002537 
141400 0.00002537 0.00002537 
141600 0.00002537 0.00002537 
141800 0.00002537 0.00002537 
142000 0.00002537 0.00002537 
142200 0.00002537 0.00002537 
142400 0.00002537 0.00002537 
142600 0.00002537 0.00002537 
142800 0.00002537 0.00002537 
143000 0.00002537 0.00002537 
143200 0.00002537 0.00002537 
143400 0.00002537 0.00002537 
143600 0.00002537 0.00002537 
143800 0.00002537 0.00002537 
144000 0.00002537 0.00002537 
144200 0.00002537 0.00002537 
144400 0.00002537 0.00002537 
144600 0.00002537 0.00002537 
144800 0.00002537 0.00002537 
145000 0.00002537 0.00002537 
145200 0.00002537 0.00002537 
145400 0.00002537 0.00002537 
145600 0.00002537 0.00002537 
145800 0.00002537 0.00002537 
146000 0.00002537 0.00002537 
146200 0.00002537 0.00002537 
146400 0.00002537 0.00002537 
146600 0.00002537 0.00002537 
146800 0.00002537 0.00002537 
147000 0.00002537 0.00002537 
147200 0.00002537 0.00002537 
147400 0.00002537 0.00002537 
147600 0.00002537 0.00002537 
147800 0.00002537 0.00002537 
148000 0.00002537 0.00002537 
148200 0.00002537 0.00002537 
148400 0.00002537 0.00002537 
148600 0.00002537 0.00002537 
148800 0.00002537 0.00002537 
149000 0.00002537 0.00002537 
149200 0.00002537 0.00002537 
149400 0.00002537 0.00002537 
149600 0.00002537 0.00002537 
149800 0.00002537 0.00002537 
150000 0.00002537 0.00002537 
150200 0.00002537 0.00002537 
150400 0.00002537 0.00002537 
150600 0.00002537 0.00002537 
150800 0.00002537 0.00002537 
151000 0.00002537 0.00002537 
151200 0.00002537 0.00002537 
151400 0.00002537 0.00002537 
151600 0.00002537 0.00002537 
151800 0.00002537 0.00002537 
152000 0.00002537 0.00002537 
152200 0.00002537 0.00002537 
152400 0.00002537 0.00002537 
152600 0.00002537 0.00002537 
152800 0.00002537 0.00002537 
153000 0.00002537 0.00002537 
153200 0.00002537 0.00002537 
153400 0.00002537 0.00002537 
153600 0.00002537 0.00002537 
153800 0.00002537 0.00002537 
154000 0.00002537 0.00002537 
154200 0.00002537 0.00002537 
154400 0.00002537 0.00002537 
154600 0.00002537 0.00002537 
154800 0.00002537 0.00002537 
155000 0.00002537 0.00002537 
155200 0.00002537 0.00002537 
155400 0.00002537 0.00002537 
155600 0.00002537 0.00002537 
155800 0.00002537 0.00002537 
156000 0.00002537 0.00002537 
156200 0.00002537 0.00002537 
156400 0.00002537 0.00002537 
156600 0.00002537 0.00002537 
156800 0.00002537 0.00002537 
157000 0.00002537 0.00002537 
157200 0.00002537 0.00002537 
157400 0.00002537 0.00002537 
157600 0.00002537 0.00002537 
157800 0.00002537 0.00002537 
158000 0.00002537 0.00002537 
158200 0.00002537 0.00002537 
158400 0.00002537 0.00002537 
158600 0.00002537 0.00002537 
158800 0.00002537 0.00002537 
159000 0.00002537 0.00002537 
159200 0.00002537 0.00002537 
159400 0.00002537 0.00002537 
159600 0.00002537 0.00002537 
159800 0.00002537 0.00002537 
160000 0.00002537 0.00002537 
160200 0.00002537 0.00002537 
160400 0.00002537 0.00002537 
160600 0.00002537 0.00002537 
160800 0.00002537 0.00002537 
161000 0.00002537 0.00002537 
161200 0.00002537 0.00002537 
161400 0.00002537 0.00002537 
161600 0.00002537 0.00002537 
161800 0.00002537 0.00002537 
162000 0.00002537 0.00002537 
162200 0.00002537 0.00002537 
162400 0.00002537 0.00002537 
162600 0.00002537 0.00002537 
162800 0.00002537 0.00002537 
163000 0.00002537 0.00002537 
163200 0.00002537 0.00002537 
163400 0.00002537 0.00002537 
163600 0.00002537 0.00002537 
163800 0.00002537 0.00002537 
164000 0.00002537 0.00002537 
164200 0.00002537 0.00002537 
164400 0.00002537 0.00002537 
164600 0.00002537 0.00002537 
164800 0.00002537 0.00002537 
165000 0.00002537 0.00002537 
165200 0.00002537 0.00002537 
165400 0.00002537 0.00002537 
165600 0.00002537 0.00002537 
165800 0.00002537 0.00002537 
166000 0.00002537 0.00002537 
166200 0.00002537 0.00002537 
166400 0.00002537 0.00002537 
166600 0.00002537 0.00002537 
166800 0.00002537 0.00002537 
167000 0.00002537 0.00002537 
167200 0.00002537 0.00002537 
167400 0.00002537 0.00002537 
167600 0.00002537 0.00002537 
167800 0.00002537 0.00002537 
168000 0.00002537 0.00002537 
168200 0.00002537 0.00002537 
168400 0.00002537 0.00002537 
168600 0.00002537 0.00002537 
168800 0.00002537 0.00002537 
169000 0.00002537 0.00002537 
169200 0.00002537 0.00002537 
169400 0.00002537 0.00002537 
169600 0.00002537 0.00002537 
169800 0.00002537 0.00002537 
170000 0.00002537 0.00002537 
170200 0.00002537 0.00002537 
170400 0.00002537 0.00002537 
170600 0.00002537 0.00002537 
170800 0.00002537 0.00002537 
171000 0.00002537 0.00002537 
171200 0.00002537 0.00002537 
171400 0.00002537 0.00002537 
171600 0.00002537 0.00002537 
171800 0.00002537 0.00002537 
172000 0.00002537 0.00002537 
172200 0.00002537 0.00002537 
172400 0.00002537 0.00002537 
172600 0.00002537 0.00002537 
172800 0.00002537 0.00002537 
173000 0.00002537 0.00002537 
173200 0.00002537 0.00002537 
173400 0.00002537 0.00002537 
173600 0.00002537 0.00002537 
173800 0.00002537 0.00002537 
174000 0.00002537 0.00002537 
174200 0.00002537 0.00002537 
174400 0.00002537 0.00002537 
174600 0.00002537 0.00002537 
174800 0.00002537 0.00002537 
175000 0.00002537 0.00002537 
175200 0.00002537 0.00002537 
175400 0.00002537 0.00002537 
175600 0.00002537 0.00002537 
175800 0.00002537 0.00002537 
176000 0.00002537 0.00002537 
176200 0.00002537 0.00002537 
176400 0.00002537 0.00002537 
176600 0.00002537 0.00002537 
176800 0.00002537 0.00002537 
177000 0.00002537 0.00002537 
177200 0.00002537 0.00002537 
177400 0.00002537 0.00002537 
177600 0.00002537 0.00002537 
177800 0.00002537 0.00002537 
178000 0.00002537 0.00002537 
178200 0.00002537 0.00002537 
178400 0.00002537 0.00002537 
178600 0.00002537 0.00002537 
178800 0.00002537 0.00002537 
179000 0.00002537 0.00002537 
179200 0.00002537 0.00002537 
179400 0.00002537 0.00002537 
179600 0.00002537 0.00002537 
179800 0.00002537 0.00002537 
180000 0.00002537 0.00002537 
180200 0.00002537 0.00002537 
180400 0.00002537 0.00002537 
180600 0.00002537 0.00002537 
180800 0.00002537 0.00002537 
181000 0.00002537 0.00002537 
181200 0.00002537 0.00002537 
181400 0.00002537 0.00002537 
181600 0.00002537 0.00002537 
181800 0.00002537 0.00002537 
182000 0.00002537 0.00002537 
182200 0.00002537 0.00002537 
182400 0.00002537 0.00002537 
182600 0.00002537 0.00002537 
182800 0.00002537 0.00002537 
183000 0.00002537 0.00002537 
183200 0.00002537 0.00002537 
183400 0.00002537 0.00002537 
183600 0.00002537 0.00002537 
183800 0.00002537 0.00002537 
184000 0.00002537 0.00002537 
184200 0.00002537 0.00002537 
184400 0.00002537 0.00002537 
184600 0.00002537 0.00002537 
184800 0.00002537 0.00002537 
185000 0.00002537 0.00002537 
185200 0.00002537 0.00002537 
185400 0.00002537 0.00002537 
185600 0.00002537 0.00002537 
185800 0.00002537 0.00002537 
186000 0.00002537 0.00002537 
186200 0.00002537 0.00002537 
186400 0.00002537 0.00002537 
186600 0.00002537 0.00002537 
186800 0.00002537 0.00002537 
187000 0.00002537 0.00002537 
187200 0.00002537 0.00002537 
187400 0.00002537 0.00002537 
187600 0.00002537 0.00002537 
187800 0.00002537 0.00002537 
188000 0.00002537 0.00002537 
188200 0.00002537 0.00002537 
188400 0.00002537 0.00002537 
188600 0.00002537 0.00002537 
188800 0.00002537 0.00002537 
189000 0.00002537 0.00002537 
189200 0.00002537 0.00002537 
189400 0.00002537 0.00002537 
189600 0.00002537 0.00002537 
189800 0.00002537 0.00002537 
190000 0.00002537 0.00002537 
190200 0.00002537 0.00002537 
190400 0.00002537 0.00002537 
190600 0.00002537 0.00002537 
190800 0.00002537 0.00002537 
191000 0.00002537 0.00002537 
191200 0.00002537 0.00002537 
191400 0.00002537 0.00002537 
191600 0.00002537 0.00002537 
191800 0.00002537 0.00002537 
192000 0.00002537 0.00002537 
192200 0.00002537 0.00002537 
192400 0.00002537 0.00002537 
192600 0.00002537 0.00002537 
192800 0.00002537 0.00002537 
193000 0.00002537 0.00002537 
193200 0.00002537 0.00002537 
193400 0.00002537 0.00002537 
193600 0.00002537 0.00002537 
193800 0.00002537 0.00002537 
194000 0.00002537 0.00002537 
194200 0.00002537 0.00002537 
194400 0.00002537 0.00002537 
194600 0.00002537 0.00002537 
194800 0.00002537 0.00002537 
195000 0.00002537 0.00002537 
195200 0.00002537 0.00002537 
195400 0.00002537 0.00002537 
195600 0.00002537 0.00002537 
195800 0.00002537 0.00002537 
196000 0.00002537 0.00002537 
196200 0.00002537 0.00002537 
196400 0.00002537 0.00002537 
196600 0.00002537 0.00002537 
196800 0.00002537 0.00002537 
197000 0.00002537 0.00002537 
197200 0.00002537 0.00002537 
197400 0.00002537 0.00002537 
197600 0.00002537 0.00002537 
197800 0.00002537 0.00002537 
198000 0.00002537 0.00002537 
198200 0.00002537 0.00002537 
198400 0.00002537 0.00002537 
198600 0.00002537 0.00002537 
198800 0.00002537 0.00002537 
199000 0.00002537 0.00002537 
199200 0.00002537 0.00002537 
199400 0.00002537 0.00002537 
199600 0.00002537 0.00002537 
199800 0.00002537 0.00002537 
200000 0.00002537 0.00002537 
200200 0.00002537 0.00002537 
200400 0.00002537 0.00002537 
200600 0.00002537 0.00002537 
200800 0.00002537 0.00002537 
201000 0.00002537 0.00002537 
201200 0.00002537 0.00002537 
201400 0.00002537 0.00002537 
201600 0.00002537 0.00002537 
201800 0.00002537 0.00002537 
202000 0.00002537 0.00002537 
202200 0.00002537 0.00002537 
202400 0.00002537 0.00002537 
202600 0.00002537 0.00002537 
202800 0.00002537 0.00002537 
203000 0.00002537 0.00002537 
203200 0.00002537 0.00002537 
203400 0.00002537 0.00002537 
203600 0.00002537 0.00002537 
203800 0.00002537 0.00002537 
204000 0.00002537 0.00002537 
204200 0.00002537 0.00002537 
204400 0.00002537 0.00002537 
204600 0.00002537 0.00002537 
204800 0.00002537 0.00002537 
205000 0.00002537 0.00002537 
205200 0.00002537 0.00002537 
205400 0.00002537 0.00002537 
205600 0.00002537 0.00002537 
205800 0.00002537 0.00002537 
206000 0.00002537 0.00002537 
206200 0.00002537 0.00002537 
206400 0.00002537 0.00002537 
206600 0.00002537 0.00002537 
206800 0.00002537 0.00002537 
207000 0.00002537 0.00002537 
207200 0.00002537 0.00002537 
207400 0.00002537 0.00002537 
207600 0.00002537 0.00002537 
207800 0.00002537 0.00002537 
208000 0.00002537 0.00002537 
208200 0.00002537 0.00002537 
208400 0.00002537 0.00002537 
208600 0.00002537 0.00002537 
208800 0.00002537 0.00002537 
209000 0.00002537 0.00002537 
209200 0.00002537 0.00002537 
209400 0.00002537 0.00002537 
209600 0.00002537 0.00002537 
209800 0.00002537 0.00002537 
210000 0.00002537 0.00002537 
210200 0.00002537 0.00002537 
210400 0.00002537 0.00002537 
210600 0.00002537 0.00002537 
210800 0.00002537 0.00002537 
211000 0.00002537 0.00002537 
211200 0.00002537 0.00002537 
211400 0.00002537 0.00002537 
211600 0.00002537 0.00002537 
211800 0.00002537 0.00002537 
212000 0.00002537 0.00002537 
212200 0.00002537 0.00002537 
212400 0.00002537 0.00002537 
212600 0.00002537 0.00002537 
212800 0.00002537 0.00002537 
213000 0.00002537 0.00002537 
213200 0.00002537 0.00002537 
213400 0.00002537 0.00002537 
213600 0.00002537 0.00002537 
213800 0.00002537 0.00002537 
214000 0.00002537 0.00002537 
214200 0.00002537 0.00002537 
214400 0.00002537 0.00002537 
214600 0.00002537 0.00002537 
214800 0.00002537 0.00002537 
215000 0.00002537 0.00002537 
215200 0.00002537 0.00002537 
215400 0.00002537 0.00002537 
215600 0.00002537 0.00002537 
215800 0.00002537 0.00002537 
216000 0.00002537 0.00002537 
216200 0.00002537 0.00002537 
216400 0.00002537 0.00002537 
216600 0.00002537 0.00002537 
216800 0.00002537 0.00002537 
217000 0.00002537 0.00002537 
217200 0.00002537 0.00002537 
217400 0.00002537 0.00002537 
217600 0.00002537 0.00002537 
217800 0.00002537 0.00002537 
218000 0.00002537 0.00002537 
218200 0.00002537 0.00002537 
218400 0.00002537 0.00002537 
218600 0.00002537 0.00002537 
218800 0.00002537 0.00002537 
219000 0.00002537 0.00002537 
219200 0.00002537 0.00002537 
219400 0.00002537 0.00002537 
219600 0.00002537 0.00002537 
219800 0.00002537 0.00002537 
220000 0.00002537 0.00002537 
220200 0.00002537 0.00002537 
220400 0.00002537 0.00002537 
220600 0.00002537 0.00002537 
220800 0.00002537 0.00002537 
221000 0.00002537 0.00002537 
221200 0.00002537 0.00002537 
221400 0.00002537 0.00002537 
221600 0.00002537 0.00002537 
221800 0.00002537 0.00002537 
222000 0.00002537 0.00002537 
222200 0.00002537 0.00002537 
222400 0.00002537 0.00002537 
222600 0.00002537 0.00002537 
222800 0.00002537 0.00002537 
223000 0.00002537 0.00002537 
223200 0.00002537 0.00002537 
223400 0.00002537 0.00002537 
223600 0.00002537 0.00002537 
223800 0.00002537 0.00002537 
224000 0.00002537 0.00002537 
224200 0.00002537 0.00002537 
224400 0.00002537 0.00002537 
224600 0.00002537 0.00002537 
224800 0.00002537 0.00002537 
225000 0.00002537 0.00002537 
225200 0.00002537 0.00002537 
225400 0.00002537 0.00002537 
225600 0.00002537 0.00002537 
225800 0.00002537 0.00002537 
226000 0.00002537 0.00002537 
226200 0.00002537 0.00002537 
226400 0.00002537 0.00002537 
226600 0.00002537 0.00002537 
226800 0.00002537 0.00002537 
227000 0.00002537 0.00002537 
227200 0.00002537 0.00002537 
227400 0.00002537 0.00002537 
227600 0.00002537 0.00002537 
227800 0.00002537 0.00002537 
228000 0.00002537 0.00002537 
228200 0.00002537 0.00002537 
228400 0.00002537 0.00002537 
228600 0.00002537 0.00002537 
228800 0.00002537 0.00002537 
229000 0.00002537 0.00002537 
229200 0.00002537 0.00002537 
229400 0.00002537 0.00002537 
229600 0.00002537 0.00002537 
229800 0.00002537 0.00002537 
230000 0.00002537 0.00002537 
230200 0.00002537 0.00002537 
230400 0.00002537 0.00002537 
230600 0.00002537 0.00002537 
230800 0.00002537 0.00002537 
231000 0.00002537 0.00002537 
231200 0.00002537 0.00002537 
231400 0.00002537 0.00002537 
231600 0.00002537 0.00002537 
231800 0.00002537 0.00002537 
232000 0.00002537 0.00002537 
232200 0.00002537 0.00002537 
232400 0.00002537 0.00002537 
232600 0.00002537 0.00002537 
232800 0.00002537 0.00002537 
233000 0.00002537 0.00002537 
233200 0.00002537 0.00002537 
233400 0.00002537 0.00002537 
233600 0.00002537 0.00002537 
233800 0.00002537 0.00002537 
234000 0.00002537 0.00002537 
234200 0.00002537 0.00002537 
234400 0.00002537 0.00002537 
234600 0.00002537 0.00002537 
234800 0.00002537 0.00002537 
235000 0.00002537 0.00002537 
235200 0.00002537 0.00002537 
235400 0.00002537 0.00002537 
235600 0.00002537 0.00002537 
235800 0.00002537 0.00002537 
236000 0.00002537 0.00002537 
236200 0.00002537 0.00002537 
236400 0.00002537 0.00002537 
236600 0.00002537 0.00002537 
236800 0.00002537 0.00002537 
237000 0.00002537 0.00002537 
237200 0.00002537 0.00002537 
237400 0.00002537 0.00002537 
237600 0.00002537 0.00002537 
237800 0.00002537 0.00002537 
238000 0.00002537 0.00002537 
238200 0.00002537 0.00002537 
238400 0.00002537 0.00002537 
238600 0.00002537 0.00002537 
238800 0.00002537 0.00002537 
239000 0.00002537 0.00002537 
239200 0.00002537 0.00002537 
239400 0.00002537 0.00002537 
239600 0.00002537 0.00002537 
239800 0.00002537 0.00002537 
240000 0.00002537 0.00002537 
240200 0.00002537 0.00002537 
240400 0.00002537 0.00002537 
240600 0.00002537 0.00002537 
240800 0.00002537 0.00002537 
241000 0.00002537 0.00002537 
241200 0.00002537 0.00002537 
241400 0.00002537 0.00002537 
241600 0.00002537 0.00002537 
241800 0.00002537 0.00002537 
242000 0.00002537 0.00002537 
242200 0.00002537 0.00002537 
242400 0.00002537 0.00002537 
242600 0.00002537 0.00002537 
242800 0.00002537 0.00002537 
243000 0.00002537 0.00002537 
243200 0.00002537 0.00002537 
243400 0.00002537 0.00002537 
243600 0.00002537 0.00002537 
243800 0.00002537 0.00002537 
244000 0.00002537 0.00002537 
244200 0.00002537 0.00002537 
244400 0.00002537 0.00002537 
244600 0.00002537 0.00002537 
244800 0.00002537 0.00002537 
245000 0.00002537 0.00002537 
245200 0.00002537 0.00002537 
245400 0.00002537 0.00002537 
245600 0.00002537 0.00002537 
245800 0.00002537 0.00002537 
246000 0.00002537 0.00002537 
246200 0.00002537 0.00002537 
246400 0.00002537 0.00002537 
246600 0.00002537 0.00002537 
246800 0.00002537 0.00002537 
247000 0.00002537 0.00002537 
247200 0.00002537 0.00002537 
247400 0.00002537 0.00002537 
247600 0.00002537 0.00002537 
247800 0.00002537 0.00002537 
248000 0.00002537 0.00002537 
248200 0.00002537 0.00002537 
248400 0.00002537 0.00002537 
248600 0.00002537 0.00002537 
248800 0.00002537 0.00002537 
249000 0.00002537 0.00002537 
249200 0.00002537 0.00002537 
249400 0.00002537 0.00002537 
249600 0.00002537 0.00002537 
249800 0.00002537 0.00002537 
250000 0.00002537 0.00002537 
250200 0.00002537 0.00002537 
250400 0.00002537 0.00002537 
250600 0.00002537 0.00002537 
250800 0.00002537 0.00002537 
251000 0.00002537 0.00002537 
251200 0.00002537 0.00002537 
251400 0.00002537 0.00002537 
251600 0.00002537 0.00002537 
251800 0.00002537 0.00002537 
252000 0.00002537 0.00002537 
252200 0.00002537 0.00002537 
252400 0.00002537 0.00002537 
252600 0.00002537 0.00002537 
252800 0.00002537 0.00002537 
253000 0.00002537 0.00002537 
253200 0.00002537 0.00002537 
253400 0.00002537 0.00002537 
253600 0.00002537 0.00002537 
253800 0.00002537 0.00002537 
254000 0.00002537 0.00002537 
254200 0.00002537 0.00002537 
254400 0.00002537 0.00002537 
254600 0.00002537 0.00002537 
254800 0.00002537 0.00002537 
255000 0.00002537 0.00002537 
255200 0.00002537 0.00002537 
255400 0.00002537 0.00002537 
255600 0.00002537 0.00002537 
255800 0.00002537 0.00002537 
256000 0.00002537 0.00002537 
256200 0.00002537 0.00002537 
256400 0.00002537 0.00002537 
256600 0.00002537 0.00002537 
256800 0.00002537 0.00002537 
257000 0.00002537 0.00002537 
257200 0.00002537 0.00002537 
257400 0.00002537 0.00002537 
257600 0.00002537 0.00002537 
257800 0.00002537 0.00002537 
258000 0.00002537 0.00002537 
258200 0.00002537 0.00002537 
258400 0.00002537 0.00002537 
258600 0.00002537 0.00002537 
258800 0.00002537 0.00002537 
259000 0.00002537 0.00002537 
259200 0.00002537 0.00002537 
259400 0.00002537 0.00002537 
259600 0.00002537 0.00002537 
259800 0.00002537 0.00002537 
260000 0.00002537 0.00002537 
260200 0.00002537 0.00002537 
260400 0.00002537 0.00002537 
260600 0.00002537 0.00002537 
260800 0.00002537 0.00002537 
261000 0.00002537 0.00002537 
261200 0.00002537 0.00002537 
261400 0.00002537 0.00002537 
261600 0.00002537 0.00002537 
261800 0.00002537 0.00002537 
262000 0.00002537 0.00002537 
262200 0.00002537 0.00002537 
262400 0.00002537 0.00002537 
262600 0.00002537 0.00002537 
262800 0.00002537 0.00002537 
263000 0.00002537 0.00002537 
263200 0.00002537 0.00002537 
263400 0.00002537 0.00002537 
263600 0.00002537 0.00002537 
263800 0.00002537 0.00002537 
264000 0.00002537 0.00002537 
264200 0.00002537 0.00002537 
264400 0.00002537 0.00002537 
264600 0.00002537 0.00002537 
264800 0.00002537 0.00002537 
265000 0.00002537 0.00002537 
265200 0.00002537 0.00002537 
265400 0.00002537 0.00002537 
265600 0.00002537 0.00002537 
265800 0.00002537 0.00002537 
266000 0.00002537 0.00002537 
266200 0.00002537 0.00002537 
266400 0.00002537 0.00002537 
266600 0.00002537 0.00002537 
266800 0.00002537 0.00002537 
267000 0.00002537 0.00002537 
267200 0.00002537 0.00002537 
267400 0.00002537 0.00002537 
267600 0.00002537 0.00002537 
267800 0.00002537 0.00002537 
268000 0.00002537 0.00002537 
268200 0.00002537 0.00002537 
268400 0.00002537 0.00002537 
268600 0.00002537 0.00002537 
268800 0.00002537 0.00002537 
269000 0.00002537 0.00002537 
269200 0.00002537 0.00002537 
269400 0.00002537 0.00002537 
269600 0.00002537 0.00002537 
269800 0.00002537 0.00002537 
270000 0.00002537 0.00002537 
270200 0.00002537 0.00002537 
270400 0.00002537 0.00002537 
270600 0.00002537 0.00002537 
270800 0.00002537 0.00002537 
271000 0.00002537 0.00002537 
271200 0.00002537 0.00002537 
271400 0.00002537 0.00002537 
271600 0.00002537 0.00002537 
271800 0.00002537 0.00002537 
272000 0.00002537 0.00002537 
272200 0.00002537 0.00002537 
272400 0.00002537 0.00002537 
272600 0.00002537 0.00002537 
272800 0.00002537 0.00002537 
273000 0.00002537 0.00002537 
273200 0.00002537 0.00002537 
273400 0.00002537 0.00002537 
273600 0.00002537 0.00002537 
273800 0.00002537 0.00002537 
274000 0.00002537 0.00002537 
274200 0.00002537 0.00002537 
274400 0.00002537 0.00002537 
274600 0.00002537 0.00002537 
274800 0.00002537 0.00002537 
275000 0.00002537 0.00002537 
275200 0.00002537 0.00002537 
275400 0.00002537 0.00002537 
275600 0.00002537 0.00002537 
275800 0.00002537 0.00002537 
276000 0.00002537 0.00002537 
276200 0.00002537 0.00002537 
276400 0.00002537 0.00002537 
276600 0.00002537 0.00002537 
276800 0.00002537 0.00002537 
277000 0.00002537 0.00002537 
277200 0.00002537 0.00002537 
277400 0.00002537 0.00002537 
277600 0.00002537 0.00002537 
277800 0.00002537 0.00002537 
278000 0.00002537 0.00002537 
278200 0.00002537 0.00002537 
278400 0.00002537 0.00002537 
278600 0.00002537 0.00002537 
278800 0.00002537 0.00002537 
279000 0.00002537 0.00002537 
279200 0.00002537 0.00002537 
279400 0.00002537 0.00002537 
279600 0.00002537 0.00002537 
279800 0.00002537 0.00002537 
280000 0.00002537 0.00002537 
280200 0.00002537 0.00002537 
280400 0.00002537 0.00002537 
280600 0.00002537 0.00002537 
280800 0.00002537 0.00002537 
281000 0.00002537 0.00002537 
281200 0.00002537 0.00002537 
281400 0.00002537 0.00002537 
281600 0.00002537 0.00002537 
281800 0.00002537 0.00002537 
282000 0.00002537 0.00002537 
282200 0.00002537 0.00002537 
282400 0.00002537 0.00002537 
282600 0.00002537 0.00002537 
282800 0.00002537 0.00002537 
283000 0.00002537 0.00002537 
283200 0.00002537 0.00002537 
283400 0.00002537 0.00002537 
283600 0.00002537 0.00002537 
283800 0.00002537 0.00002537 
284000 0.00002537 0.00002537 
284200 0.00002537 0.00002537 
284400 0.00002537 0.00002537 
284600 0.00002537 0.00002537 
284800 0.00002537 0.00002537 
285000 0.00002537 0.00002537 
285200 0.00002537 0.00002537 
285400 0.00002537 0.00002537 
285600 0.00002537 0.00002537 
285800 0.00002537 0.00002537 
286000 0.00002537 0.00002537 
286200 0.00002537 0.00002537 
286400 0.00002537 0.00002537 
286600 0.00002537 0.00002537 
286800 0.00002537 0.00002537 
287000 0.00002537 0.00002537 
287200 0.00002537 0.00002537 
287400 0.00002537 0.00002537 
287600 0.00002537 0.00002537 
287800 0.00002537 0.00002537 
288000 0.00002537 0.00002537 
288200 0.00002537 0.00002537 
288400 0.00002537 0.00002537 
288600 0.00002537 0.00002537 
288800 0.00002537 0.00002537 
289000 0.00002537 0.00002537 
289200 0.00002537 0.00002537 
289400 0.00002537 0.00002537 
289600 0.00002537 0.00002537 
289800 0.00002537 0.00002537 
290000 0.00002537 0.00002537 
290200 0.00002537 0.00002537 
290400 0.00002537 0.00002537 
290600 0.00002537 0.00002537 
290800 0.00002537 0.00002537 
291000 0.00002537 0.00002537 
291200 0.00002537 0.00002537 
291400 0.00002537 0.00002537 
291600 0.00002537 0.00002537 
291800 0.00002537 0.00002537 
292000 0.00002537 0.00002537 
292200 0.00002537 0.00002537 
292400 0.00002537 0.00002537 
292600 0.00002537 0.00002537 
292800 0.00002537 0.00002537 
293000 0.00002537 0.00002537 
293200 0.00002537 0.00002537 
293400 0.00002537 0.00002537 
293600 0.00002537 0.00002537 
293800 0.00002537 0.00002537 
294000 0.00002537 0.00002537 
294200 0.00002537 0.00002537 
294400 0.00002537 0.00002537 
294600 0.00002537 0.00002537 
294800 0.00002537 0.00002537 
295000 0.00002537 0.00002537 
295200 0.00002537 0.00002537 
295400 0.00002537 0.00002537 
295600 0.00002537 0.00002537 
295800 0.00002537 0.00002537 
296000 0.00002537 0.00002537 
296200 0.00002537 0.00002537 
296400 0.00002537 0.00002537 
296600 0.00002537 0.00002537 
296800 0.00002537 0.00002537 
297000 0.00002537 0.00002537 
297200 0.00002537 0.00002537 
297400 0.00002537 0.00002537 
297600 0.00002537 0.00002537 
297800 0.00002537 0.00002537 
298000 0.00002537 0.00002537 
298200 0.00002537 0.00002537 
298400 0.00002537 0.00002537 
298600 0.00002537 0.00002537 
298800 0.00002537 0.00002537 
299000 0.00002537 0.00002537 
299200 0.00002537 0.00002537 
299400 0.00002537 0.00002537 
299600 0.00002537 0.00002537 
299800 0.00002537 0.00002537 
300000 0.00002537 0.00002537 
