0.105134 0 0.392323 3.84175e-05 0.392362
0.167299 0.001 0.392175 0.000146036 0.392321
0.181513 0.002 0.391974 0.000303139 0.392277
0.197499 0.003 0.391745 0.000485626 0.39223
0.213672 0.004 0.391513 0.000674225 0.392187
0.228056 0.005 0.391292 0.000861634 0.392153
0.24161 0.006 0.391082 0.00105474 0.392136
0.254233 0.007 0.390867 0.00127109 0.392139
0.266747 0.008 0.390626 0.00153097 0.392157
0.279965 0.009 0.390336 0.00184836 0.392185
0.293823 0.01 0.389986 0.0022243 0.39221
0.307733 0.011 0.389578 0.00264541 0.392223
0.321515 0.012 0.389128 0.00308807 0.392216
0.335356 0.013 0.38866 0.00352664 0.392186
0.349075 0.014 0.388195 0.00394244 0.392137
0.362884 0.015 0.387746 0.00432996 0.392076
0.376731 0.016 0.387313 0.00469777 0.392011
0.390563 0.017 0.386883 0.00506385 0.391947
0.404439 0.018 0.386441 0.0054472 0.391888
0.418408 0.019 0.385972 0.00585914 0.391831
0.432256 0.02 0.385476 0.00629767 0.391774
0.446117 0.021 0.384966 0.00674725 0.391713
0.459844 0.022 0.384465 0.00718405 0.391649
0.472809 0.023 0.384001 0.00758451 0.391585
0.485082 0.024 0.383594 0.00793388 0.391528
0.496435 0.025 0.383253 0.00823131 0.391484
0.507882 0.026 0.38297 0.00848943 0.391459
0.519258 0.027 0.382726 0.00872866 0.391455
0.531614 0.028 0.382496 0.00896851 0.391465
0.544207 0.029 0.382261 0.00921926 0.391481
0.556644 0.03 0.382014 0.00947751 0.391492
0.569807 0.031 0.381761 0.00972713 0.391488
0.583076 0.032 0.38152 0.00994542 0.391466
0.596222 0.033 0.381312 0.0101118 0.391424
0.609504 0.034 0.381152 0.010216 0.391368
0.622657 0.035 0.381044 0.0102616 0.391305
0.635994 0.036 0.380979 0.0102646 0.391244
0.649142 0.037 0.38094 0.0102469 0.391187
0.664547 0.038 0.380909 0.0102277 0.391137
0.680681 0.039 0.380875 0.0102152 0.39109
0.695934 0.04 0.380839 0.010204 0.391043
0.707345 0.041 0.380817 0.0101771 0.390994
0.721342 0.042 0.380833 0.0101125 0.390945
0.733661 0.043 0.380908 0.00999248 0.390901
0.747305 0.044 0.381057 0.00981039 0.390868
0.762309 0.045 0.381279 0.0095738 0.390852
0.780044 0.046 0.381557 0.00930146 0.390858
0.795657 0.047 0.381868 0.00901621 0.390884
0.811299 0.048 0.382186 0.00873618 0.390922
0.823439 0.049 0.382495 0.008468 0.390963
0.836497 0.05 0.382791 0.00820466 0.390996
0.849093 0.051 0.383085 0.00792885 0.391013
0.863219 0.052 0.383392 0.00762048 0.391013
0.876391 0.053 0.383731 0.00726533 0.390996
0.889429 0.054 0.384109 0.00686146 0.390971
0.90276 0.055 0.384523 0.00642075 0.390943
0.91669 0.056 0.384955 0.00596502 0.39092
0.930307 0.057 0.385386 0.0055183 0.390905
0.944223 0.058 0.385797 0.00509824 0.390896
0.957841 0.059 0.38618 0.00471018 0.39089
0.971381 0.06 0.386539 0.00434613 0.390885
0.984943 0.061 0.38689 0.00398914 0.390879
0.998394 0.062 0.387255 0.00362116 0.390877
1.01197 0.063 0.387651 0.00323146 0.390882
1.02471 0.064 0.388081 0.00282196 0.390903
1.03717 0.065 0.388537 0.00240764 0.390945
1.04978 0.066 0.388996 0.00201166 0.391007
1.06235 0.067 0.38943 0.00165721 0.391088
1.07499 0.068 0.389817 0.0013593 0.391176
1.08765 0.069 0.390144 0.00111978 0.391263
1.10031 0.07 0.390411 0.000927485 0.391339
1.11491 0.071 0.390633 0.000763517 0.391396
1.1325 0.072 0.390826 0.00060943 0.391435
1.14675 0.073 0.391005 0.000455162 0.39146
1.1599 0.074 0.391173 0.000303483 0.391477
1.16045 0.075 0.391324 0.000169213 0.391493
1.1609 0.076 0.39144 7.35368e-05 0.391513
1.16147 0.077 0.391502 3.56781e-05 0.391538
1.16204 0.078 0.3915 6.52468e-05 0.391565
1.16269 0.079 0.391433 0.00015831 0.391591
1.16327 0.08 0.391315 0.000298739 0.391614
1.16408 0.081 0.391169 0.0004643 0.391633
1.16485 0.082 0.391019 0.000635056 0.391654
1.16562 0.083 0.390882 0.000800752 0.391683
1.16641 0.084 0.390761 0.000964256 0.391725
1.16723 0.085 0.390644 0.0011397 0.391784
1.16804 0.086 0.390513 0.00134611 0.39186
1.16895 0.087 0.390346 0.00159901 0.391945
1.16961 0.088 0.390127 0.00190345 0.392031
1.17009 0.089 0.389856 0.00225115 0.392107
1.17052 0.09 0.389541 0.00262295 0.392164
1.17111 0.091 0.389205 0.00299558 0.3922
1.17211 0.092 0.388866 0.00335004 0.392216
1.17307 0.093 0.388538 0.00367829 0.392216
1.17402 0.094 0.388224 0.00398557 0.39221
1.17502 0.095 0.387914 0.00428749 0.392202
1.17597 0.096 0.387593 0.00460298 0.392196
1.17695 0.097 0.387245 0.00494598 0.392191
1.17784 0.098 0.386867 0.00531921 0.392186
1.17874 0.099 0.386465 0.00571233 0.392177
1.1797 0.1 0.386057 0.00610545 0.392163
1.18068 0.101 0.385669 0.0064764 0.392146
1.18162 0.102 0.385323 0.00680889 0.392131
1.18263 0.103 0.385028 0.00709843 0.392126
1.18359 0.104 0.384782 0.00735348 0.392136
1.1845 0.105 0.38457 0.00759152 0.392162
1.18554 0.106 0.384369 0.00783151 0.392201
1.18647 0.107 0.38416 0.00808584 0.392246
1.18762 0.108 0.383931 0.00835484 0.392286
1.18866 0.109 0.383686 0.00862621 0.392312
1.18964 0.11 0.383439 0.00887939 0.392318
1.19063 0.111 0.383209 0.00909325 0.392302
1.19163 0.112 0.383014 0.00925404 0.392268
1.19273 0.113 0.382861 0.00936035 0.392222
1.19374 0.114 0.382748 0.00942317 0.392171
1.19468 0.115 0.38266 0.00946109 0.392121
1.19558 0.116 0.382581 0.00949243 0.392073
1.19646 0.117 0.382498 0.00952762 0.392026
1.1974 0.118 0.382412 0.00956466 0.391976
1.19832 0.119 0.382333 0.00958971 0.391923
1.19927 0.12 0.382283 0.00958235 0.391865
1.2003 0.121 0.382284 0.00952358 0.391808
1.2015 0.122 0.382353 0.00940329 0.391756
1.20252 0.123 0.382493 0.00922424 0.391717
1.20366 0.124 0.382694 0.00900103 0.391695
1.20478 0.125 0.382935 0.00875441 0.39169
1.20591 0.126 0.383193 0.00850327 0.391696
1.2071 0.127 0.383448 0.0082575 0.391705
1.20828 0.128 0.383693 0.00801448 0.391708
1.2095 0.129 0.383935 0.00776072 0.391695
1.2106 0.13 0.384186 0.00747792 0.391664
1.21184 0.131 0.384463 0.00715101 0.391614
1.21309 0.132 0.384777 0.00677499 0.391552
1.2143 0.133 0.385125 0.00635785 0.391483
1.21543 0.134 0.385497 0.00591834 0.391416
1.21646 0.135 0.385873 0.00547961 0.391353
1.2177 0.136 0.386234 0.00506108 0.391295
1.21884 0.137 0.386568 0.00467192 0.39124
1.22014 0.138 0.386876 0.00430863 0.391184
1.22133 0.139 0.38717 0.00395771 0.391127
1.22245 0.14 0.387469 0.00360229 0.391071
1.22342 0.141 0.38779 0.00323012 0.39102
1.22439 0.142 0.388141 0.00283966 0.39098
1.22542 0.143 0.388516 0.00244183 0.390958
1.22665 0.144 0.388898 0.0020568 0.390955
1.22771 0.145 0.389262 0.00170697 0.390969
1.22862 0.146 0.389584 0.00140903 0.390993
1.22959 0.147 0.389849 0.00116822 0.391017
1.23049 0.148 0.390054 0.000977098 0.391031
1.23151 0.149 0.39021 0.000819178 0.391029
1.23259 0.15 0.390333 0.000676156 0.391009
1.23324 0.151 0.390437 0.000535674 0.390973
1.23371 0.152 0.39053 0.000396598 0.390927
1.23411 0.153 0.390608 0.000269704 0.390878
1.23452 0.154 0.390658 0.000173488 0.390831
1.23497 0.155 0.390662 0.000126807 0.390789
1.2354 0.156 0.390608 0.000141276 0.390749
1.23586 0.157 0.390493 0.000216466 0.39071
1.23628 0.158 0.390328 0.000339815 0.390668
1.23673 0.159 0.390132 0.000491289 0.390623
1.23721 0.16 0.389928 0.000650934 0.390579
1.23771 0.161 0.389735 0.000806307 0.390542
1.23826 0.162 0.389559 0.000956839 0.390516
1.23882 0.163 0.389394 0.00111341 0.390508
1.23944 0.164 0.389223 0.00129333 0.390516
1.24016 0.165 0.389024 0.00151269 0.390537
1.2409 0.166 0.388782 0.00177928 0.390561
1.24157 0.167 0.388491 0.00208871 0.39058
1.24229 0.168 0.388159 0.00242547 0.390585
1.24295 0.169 0.387802 0.00276837 0.39057
1.24366 0.17 0.387439 0.00309828 0.390538
1.24451 0.171 0.387086 0.00340496 0.390491
1.24552 0.172 0.386746 0.00369044 0.390437
1.24657 0.173 0.386414 0.00396746 0.390381
1.24775 0.174 0.386075 0.00425366 0.390329
1.24877 0.175 0.385716 0.00456387 0.39028
1.24981 0.176 0.385329 0.00490354 0.390233
1.25077 0.177 0.384919 0.00526592 0.390185
1.25177 0.178 0.384499 0.00563415 0.390134
1.25282 0.179 0.384094 0.00598737 0.390082
1.25403 0.18 0.383724 0.0063084 0.390033
1.25499 0.181 0.383403 0.00658998 0.389993
1.25592 0.182 0.383132 0.00683703 0.389969
1.25686 0.183 0.382897 0.00706406 0.389961
1.25776 0.184 0.382681 0.0072888 0.38997
1.25864 0.185 0.382463 0.00752447 0.389988
1.25971 0.186 0.382232 0.00777402 0.390006
1.26067 0.187 0.381986 0.00802832 0.390015
1.26161 0.188 0.381738 0.00826931 0.390008
1.26261 0.189 0.381506 0.00847658 0.389982
1.26355 0.19 0.381305 0.00863501 0.38994
1.26451 0.191 0.381148 0.00874021 0.389888
1.26555 0.192 0.381032 0.00879978 0.389832
1.26652 0.193 0.380947 0.00882976 0.389777
1.26752 0.194 0.380879 0.00884781 0.389726
1.26849 0.195 0.380814 0.00886585 0.389679
1.2695 0.196 0.380749 0.00888493 0.389634
1.27067 0.197 0.380692 0.00889467 0.389587
1.27188 0.198 0.380662 0.00887721 0.389539
1.27283 0.199 0.380678 0.00881425 0.389492
1.2739 0.2 0.636241 0.00997469 0.646216
1.27501 0.201 0.655619 0.0122469 0.667866
1.27594 0.202 0.668795 0.0156938 0.684489
1.27683 0.203 0.675108 0.0203238 0.695432
1.278 0.204 0.674217 0.0260818 0.700299
1.27923 0.205 0.666134 0.032842 0.698976
1.2803 0.206 0.651231 0.0404071 0.691638
1.28147 0.207 0.630231 0.0485154 0.678746
1.2827 0.208 0.604177 0.0568549 0.661032
1.28389 0.209 0.574387 0.0650829 0.63947
1.28506 0.21 0.542392 0.0728479 0.61524
1.28606 0.211 0.509867 0.0798097 0.589676
1.28702 0.212 0.478555 0.0856559 0.56421
1.28797 0.213 0.450195 0.0901144 0.540309
1.28892 0.214 0.426452 0.0929619 0.519414
1.28966 0.215 0.408845 0.0940317 0.502876
1.29013 0.216 0.398682 0.0932221 0.491904
1.29078 0.217 0.397004 0.0905063 0.48751
1.29176 0.218 0.404521 0.0859433 0.490464
1.29287 0.219 0.421577 0.0796864 0.501263
1.29385 0.22 0.448113 0.0719875 0.5201
1.29496 0.221 0.483658 0.0631935 0.546851
1.2962 0.222 0.527339 0.0537337 0.581072
1.29719 0.223 0.57791 0.0441001 0.62201
1.29823 0.224 0.633804 0.0348215 0.668625
1.2993 0.225 0.693196 0.0264369 0.719633
1.30037 0.226 0.754079 0.0194701 0.773549
1.30131 0.227 0.814343 0.0144086 0.828752
1.30235 0.228 0.871855 0.011686 0.883541
1.30325 0.229 0.92454 0.0116683 0.936209
1.30435 0.23 0.970462 0.0146405 0.985102
1.30527 0.231 1.0079 0.0207933 1.02869
1.30622 0.232 1.03541 0.0302089 1.06562
1.30717 0.233 1.05192 0.0428482 1.09477
1.30828 0.234 1.05675 0.058542 1.11529
1.30927 0.235 1.04967 0.0769888 1.12666
1.31031 0.236 1.03093 0.0977619 1.12869
1.31138 0.237 1.00121 0.120326 1.12154
1.31242 0.238 0.961649 0.144063 1.10571
1.31335 0.239 0.913763 0.168298 1.08206
1.31453 0.24 0.859393 0.192332 1.05172
1.31547 0.241 0.800632 0.21547 1.0161
1.3165 0.242 0.739751 0.23704 0.976791
1.31744 0.243 0.679115 0.256417 0.935531
1.31851 0.244 0.621097 0.273035 0.894132
1.31943 0.245 0.568 0.286409 0.854409
1.32055 0.246 0.52197 0.296143 0.818112
1.32149 0.247 0.484909 0.301954 0.786863
1.32247 0.248 0.458407 0.303683 0.76209
1.32344 0.249 0.443666 0.301311 0.744977
1.32432 0.25 0.441456 0.294955 0.736411
1.32524 0.251 0.452074 0.284873 0.736947
1.3262 0.252 0.47534 0.271445 0.746785
1.32725 0.253 0.510603 0.255157 0.76576
1.32833 0.254 0.556766 0.236579 0.793345
1.32945 0.255 0.612336 0.21634 0.828677
1.33055 0.256 0.675472 0.195111 0.870583
1.33162 0.257 0.74405 0.173586 0.917636
1.33277 0.258 0.815736 0.152466 0.968202
1.33385 0.259 0.88806 0.132443 1.0205
1.33492 0.26 0.958503 0.114184 1.07269
1.33602 0.261 1.02459 0.0983046 1.12289
1.33711 0.262 1.08396 0.0853479 1.16931
1.33818 0.263 1.13452 0.0757596 1.21028
1.33933 0.264 1.17444 0.0698671 1.24431
1.34053 0.265 1.2023 0.0678646 1.27017
1.34147 0.266 1.21712 0.069807 1.28692
1.34242 0.267 1.21838 0.0756109 1.29399
1.3434 0.268 1.20606 0.0850625 1.29112
1.34437 0.269 1.18063 0.0978284 1.27845
1.34551 0.27 1.14301 0.113469 1.25648
1.34642 0.271 1.09458 0.13145 1.22603
1.34736 0.272 1.03708 0.151156 1.18824
1.34833 0.273 0.972594 0.171913 1.14451
1.3493 0.274 0.903461 0.192978 1.09644
1.35042 0.275 0.832192 0.213595 1.04579
1.35134 0.276 0.761371 0.233016 0.994387
1.35244 0.277 0.693552 0.250538 0.944089
1.35353 0.278 0.631157 0.265527 0.896684
1.35461 0.279 0.576386 0.277449 0.853835
1.35556 0.28 0.531125 0.285889 0.817014
1.35656 0.281 0.496878 0.290567 0.787444
1.35769 0.282 0.474708 0.291348 0.766056
1.35871 0.283 0.465204 0.288244 0.753448
1.35972 0.284 0.468461 0.281411 0.749873
1.36073 0.285 0.484079 0.271143 0.755223
1.3617 0.286 0.511181 0.257861 0.769042
1.36266 0.287 0.548448 0.242099 0.790547
1.36368 0.288 0.594172 0.224484 0.818656
1.36468 0.289 0.646314 0.205746 0.85206
1.3657 0.29 0.702584 0.186624 0.889207
1.36689 0.291 0.760563 0.16786 0.928423
1.3679 0.292 0.817791 0.150171 0.967962
1.36906 0.293 0.871859 0.134217 1.00608
1.37003 0.294 0.92051 0.120573 1.04108
1.37109 0.295 0.961733 0.109706 1.07144
1.37226 0.296 0.993838 0.10195 1.09579
1.37344 0.297 1.01553 0.0974974 1.11303
1.37449 0.298 1.02596 0.096388 1.12235
1.37549 0.299 1.02474 0.0985081 1.12325
1.37665 0.3 1.01199 0.103597 1.11559
1.37775 0.301 0.988301 0.111262 1.09956
1.37871 0.302 0.954704 0.120991 1.0757
1.37952 0.303 0.912648 0.132187 1.04483
1.38003 0.304 0.863917 0.144186 1.0081
1.38047 0.305 0.810555 0.156299 0.966854
1.38088 0.306 0.754784 0.167834 0.922619
1.38127 0.307 0.698902 0.178139 0.877041
1.38178 0.308 0.645187 0.186627 0.831814
1.38265 0.309 0.595804 0.192803 0.788608
1.38366 0.31 0.552711 0.196293 0.749004
1.38481 0.311 0.517578 0.196855 0.714433
1.38583 0.312 0.49172 0.194396 0.686116
1.38694 0.313 0.476043 0.188973 0.665016
1.38795 0.314 0.471011 0.18079 0.6518
1.38904 0.315 0.476626 0.170192 0.646818
1.39003 0.316 0.492435 0.157646 0.650081
1.39112 0.317 0.517551 0.143723 0.661274
1.39212 0.318 0.550692 0.129069 0.679762
1.39326 0.319 0.590241 0.114379 0.70462
1.39421 0.32 0.634312 0.100363 0.734675
1.39533 0.321 0.681552 0.0857705 0.767322
1.39631 0.322 0.731866 0.0704176 0.802284
1.39742 0.323 0.782856 0.0557034 0.838559
1.39832 0.324 0.831397 0.0427641 0.874161
1.39947 0.325 0.875463 0.0324041 0.907867
1.40062 0.326 0.912143 0.0263993 0.938542
1.40176 0.327 0.938582 0.0260978 0.96468
1.40282 0.328 0.952831 0.0319694 0.984801
1.40383 0.329 0.954208 0.043455 0.997663
1.40485 0.33 0.943299 0.0591698 1.00247
1.4059 0.331 0.921626 0.0773814 0.999008
1.40692 0.332 0.891106 0.0966384 0.987745
1.40797 0.333 0.852429 0.117833 0.970262
1.40905 0.334 0.806943 0.139322 0.946265
1.41018 0.335 0.757139 0.16001 0.917148
1.4114 0.336 0.704566 0.180764 0.88533
1.4126 0.337 0.650074 0.2012 0.851274
1.4138 0.338 0.596036 0.220432 0.816467
1.41477 0.339 0.544901 0.237605 0.782506
1.41578 0.34 0.499036 0.251934 0.75097
1.41676 0.341 0.460625 0.262737 0.723362
1.41775 0.342 0.431577 0.269464 0.701041
1.41877 0.343 0.413439 0.271731 0.68517
1.4198 0.344 0.40733 0.26933 0.67666
1.42083 0.345 0.413887 0.262252 0.676139
1.42187 0.346 0.433233 0.250685 0.683917
1.42285 0.347 0.464963 0.235014 0.699976
1.42387 0.348 0.508155 0.215808 0.723963
1.42496 0.349 0.561403 0.193803 0.755205
1.42612 0.35 0.622864 0.169868 0.792732
1.42711 0.351 0.690334 0.144979 0.835313
1.42817 0.352 0.76133 0.120175 0.881505
1.42923 0.353 0.833193 0.0965158 0.929709
1.43023 0.354 0.903192 0.0750393 0.978231
1.4313 0.355 0.968635 0.0567171 1.02535
1.43226 0.356 1.02698 0.0424124 1.0694
1.43326 0.357 1.07595 0.0328425 1.10879
1.43427 0.358 1.11361 0.0285464 1.14215
1.43524 0.359 1.13846 0.0298602 1.16832
1.43623 0.36 1.14949 0.036901 1.18639
1.43722 0.361 1.14626 0.049559 1.19582
1.43816 0.362 1.12886 0.0675002 1.19636
1.43916 0.363 1.09797 0.0901779 1.18815
1.44017 0.364 1.0548 0.116854 1.17165
1.44115 0.365 1.00105 0.146627 1.14767
1.44208 0.366 0.938854 0.178469 1.11732
1.4431 0.367 0.870698 0.211265 1.08196
1.44409 0.368 0.799305 0.243861 1.04317
1.44513 0.369 0.727621 0.274922 1.00254
1.44619 0.37 0.658714 0.303313 0.962027
1.44721 0.371 0.595325 0.328123 0.923448
1.44825 0.372 0.539946 0.348593 0.888538
1.44928 0.373 0.494764 0.364104 0.858868
1.45029 0.374 0.461626 0.374168 0.835793
1.45129 0.375 0.441983 0.378429 0.820412
1.45228 0.376 0.436834 0.376704 0.813538
1.4533 0.377 0.446651 0.36902 0.815671
1.45428 0.378 0.471322 0.355658 0.826981
1.45527 0.379 0.510112 0.337177 0.847288
1.45622 0.38 0.561671 0.314388 0.876058
1.45719 0.381 0.624096 0.28831 0.912406
1.45817 0.382 0.695031 0.26009 0.955121
1.45921 0.383 0.771825 0.230879 1.0027
1.46018 0.384 0.851625 0.201859 1.05348
1.46132 0.385 0.93148 0.17413 1.10561
1.46225 0.386 1.00852 0.148678 1.1572
1.4632 0.387 1.07999 0.126396 1.20638
1.46429 0.388 1.14331 0.108098 1.25141
1.46541 0.389 1.19616 0.0945168 1.29067
1.46647 0.39 1.23649 0.0862906 1.32278
1.46784 0.391 1.2629 0.081726 1.34463
1.46891 0.392 1.28212 0.0714079 1.35353
1.47005 0.393 1.29679 0.0579397 1.35473
1.47108 0.394 1.30232 0.0473072 1.34963
1.47215 0.395 1.29214 0.0464858 1.33863
1.47333 0.396 1.26048 0.0605871 1.32106
1.4746 0.397 1.20495 0.0906815 1.29563
1.47553 0.398 1.12806 0.133168 1.26123
1.47667 0.399 1.03686 0.180944 1.21781
1.47762 0.4 0.94097 0.225916 1.16689
1.47865 0.401 0.849676 0.261855 1.11153
1.4796 0.402 0.769189 0.288002 1.05719
1.48067 0.403 0.695059 0.313976 1.00903
1.4816 0.404 0.625497 0.338742 0.964239
1.48253 0.405 0.563137 0.361227 0.924364
1.48346 0.406 0.510403 0.380387 0.89079
1.48449 0.407 0.469368 0.395298 0.864667
1.48545 0.408 0.441633 0.405232 0.846865
1.48649 0.409 0.428231 0.409705 0.837935
1.48748 0.41 0.429578 0.408492 0.83807
1.48864 0.411 0.445479 0.401606 0.847086
1.48955 0.412 0.475178 0.389251 0.864429
1.49054 0.413 0.517426 0.371778 0.889204
1.49146 0.414 0.570563 0.349657 0.920219
1.49255 0.415 0.63258 0.323473 0.956053
1.4937 0.416 0.701179 0.293939 0.995118
1.49476 0.417 0.773812 0.261916 1.03573
1.49582 0.418 0.847741 0.228415 1.07616
1.49693 0.419 0.920117 0.194574 1.11469
1.49795 0.42 0.988047 0.161709 1.14976
1.4991 0.421 1.04881 0.130895 1.1797
1.50009 0.422 1.1001 0.103087 1.20319
1.50105 0.423 1.14003 0.0791185 1.21914
1.50203 0.424 1.16711 0.0596723 1.22678
1.50309 0.425 1.1804 0.0452516 1.22565
1.50402 0.426 1.17946 0.0361626 1.21563
1.50524 0.427 1.16444 0.0325048 1.19695
1.50621 0.428 1.13601 0.0341696 1.17018
1.5073 0.429 1.09536 0.0408485 1.13621
1.50826 0.43 1.04413 0.0520482 1.09618
1.50929 0.431 0.984366 0.0671149 1.05148
1.51038 0.432 0.918416 0.0852633 1.00368
1.51169 0.433 0.848831 0.105612 0.954443
1.5128 0.434 0.778269 0.12722 0.905489
1.51358 0.435 0.709402 0.14907 0.858472
1.51399 0.436 0.644891 0.17013 0.815021
1.51442 0.437 0.587097 0.189529 0.776627
1.51479 0.438 0.538018 0.206526 0.744544
1.51521 0.439 0.49924 0.220514 0.719754
1.51586 0.44 0.471911 0.231017 0.702927
1.51683 0.441 0.456721 0.237679 0.6944
1.51778 0.442 0.453903 0.240271 0.694174
1.51878 0.443 0.463229 0.238696 0.701925
1.51972 0.444 0.484009 0.233018 0.717027
1.52082 0.445 0.515104 0.223476 0.73858
1.5218 0.446 0.554949 0.21049 0.76544
1.52275 0.447 0.601618 0.194646 0.796264
1.52379 0.448 0.652899 0.176656 0.829555
1.52469 0.449 0.706416 0.157304 0.86372
1.52569 0.45 0.759748 0.137381 0.897129
1.52678 0.451 0.810556 0.117645 0.9282
1.52799 0.452 0.856673 0.0987815 0.955455
1.52915 0.453 0.896208 0.0813865 0.977595
1.5304 0.454 0.927587 0.0659703 0.993557
1.53162 0.455 0.94959 0.0529669 1.00256
1.53291 0.456 0.961372 0.0427375 1.00411
1.53408 0.457 0.962482 0.0355619 0.998043
1.53512 0.458 0.952879 0.0316174 0.984496
1.53634 0.459 0.932954 0.0309504 0.963904
1.53763 0.46 0.903533 0.0334518 0.936985
1.53882 0.461 0.865862 0.0388487 0.90471
1.53991 0.462 0.821562 0.0467169 0.868279
1.54099 0.463 0.772553 0.0565158 0.829069
1.54226 0.464 0.720954 0.0676377 0.788592
1.54339 0.465 0.668963 0.0794592 0.748422
1.54466 0.466 0.618751 0.0913823 0.710133
1.54582 0.467 0.572362 0.10286 0.675221
1.54693 0.468 0.531637 0.1134 0.645036
1.54821 0.469 0.498162 0.122564 0.620727
1.54947 0.47 0.473231 0.129961 0.603192
1.55071 0.471 0.457806 0.135247 0.593053
1.55176 0.472 0.45249 0.138147 0.590637
1.55272 0.473 0.457485 0.138484 0.595968
1.55376 0.474 0.472564 0.136207 0.608771
1.55479 0.475 0.497055 0.131426 0.628481
1.55587 0.476 0.529849 0.124407 0.654256
1.55684 0.477 0.569442 0.115565 0.685007
1.55787 0.478 0.614013 0.105419 0.719432
1.55888 0.479 0.661524 0.0945474 0.756072
1.55996 0.48 0.709831 0.083537 0.793368
1.56098 0.481 0.756794 0.0729459 0.829739
1.56194 0.482 0.800367 0.0632844 0.863651
1.56297 0.483 0.838676 0.0550111 0.893687
1.564 0.484 0.870073 0.0485368 0.91861
1.56504 0.485 0.893183 0.0442255 0.937409
1.56601 0.486 0.906947 0.0423854 0.949332
1.56706 0.487 0.91067 0.0432682 0.953938
1.56811 0.488 0.904396 0.0461084 0.950504
1.5691 0.489 0.889036 0.0510545 0.940091
1.57023 0.49 0.864377 0.0589142 0.923292
1.5712 0.491 0.830528 0.0701582 0.900686
1.57216 0.492 0.788367 0.0846092 0.872976
1.57318 0.493 0.739715 0.101358 0.841073
1.57427 0.494 0.687228 0.11895 0.806178
1.57537 0.495 0.634049 0.135753 0.769802
1.57633 0.496 0.583341 0.150725 0.734066
1.57736 0.497 0.53683 0.16412 0.70095
1.57841 0.498 0.496242 0.175396 0.671638
1.57925 0.499 0.463401 0.184128 0.647529
1.57976 0.5 0.4398 0.190014 0.629813
1.5802 0.501 0.426561 0.192861 0.619422
1.58059 0.502 0.424415 0.192572 0.616988
1.581 0.503 0.433685 0.189142 0.622826
1.5814 0.504 0.454271 0.182658 0.636929
1.58183 0.505 0.485644 0.173324 0.658967
1.58226 0.506 0.52684 0.161468 0.688307
1.58266 0.507 0.576469 0.147558 0.724028
1.58303 0.508 0.632759 0.132189 0.764949
1.58346 0.509 0.693617 0.116052 0.809669
1.58414 0.51 0.756728 0.099889 0.856617
1.58519 0.511 0.81967 0.0844358 0.904106
1.58629 0.512 0.880033 0.0703733 0.950406
1.58741 0.513 0.935511 0.0583135 0.993825
1.58865 0.514 0.984011 0.0487574 1.03277
1.58983 0.515 1.02371 0.042105 1.06582
1.59073 0.516 1.05313 0.0386637 1.09179
1.59184 0.517 1.07112 0.0386547 1.10977
1.59285 0.518 1.07695 0.0422108 1.11916
1.59381 0.519 1.0703 0.0493604 1.11966
1.59487 0.52 1.05131 0.0600043 1.11131
1.59613 0.521 1.02059 0.0738937 1.09449
1.59734 0.522 0.979248 0.0906196 1.06987
1.59838 0.523 0.928818 0.109622 1.03844
1.59938 0.524 0.871235 0.13022 1.00146
1.60041 0.525 0.808732 0.15166 0.960392
1.6015 0.526 0.743734 0.173163 0.916898
1.60265 0.527 0.67874 0.193978 0.872718
1.60372 0.528 0.616219 0.213404 0.829624
1.60479 0.529 0.558517 0.230816 0.789333
1.60593 0.53 0.507784 0.245656 0.75344
1.60709 0.531 0.465912 0.257441 0.723353
1.60822 0.532 0.434484 0.26576 0.700243
1.60939 0.533 0.414713 0.270295 0.685008
1.61035 0.534 0.407395 0.270846 0.678241
1.61148 0.535 0.41285 0.267363 0.680212
1.61256 0.536 0.431177 0.258305 0.689482
1.61352 0.537 0.465488 0.240724 0.706212
1.61454 0.538 0.514654 0.217191 0.731845
1.61557 0.539 0.574147 0.19164 0.765787
1.61657 0.54 0.63847 0.168001 0.806471
1.61755 0.541 0.702638 0.14886 0.851499
1.61856 0.542 0.763355 0.134688 0.898043
1.61949 0.543 0.819461 0.123908 0.943369
1.62045 0.544 0.871494 0.113793 0.985287
1.62145 0.545 0.92059 0.101796 1.02239
1.62244 0.546 0.967188 0.0868085 1.054
1.62341 0.547 1.0076 0.0745198 1.08212
1.62441 0.548 1.03767 0.0652672 1.10294
1.62543 0.549 1.05632 0.0592781 1.1156
1.62643 0.55 1.06294 0.0566397 1.11958
1.62741 0.551 1.05739 0.057277 1.11466
1.62837 0.552 1.04004 0.0609487 1.10098
1.62936 0.553 1.01176 0.0672646 1.07902
1.63037 0.554 0.97386 0.0757215 1.04958
1.63131 0.555 0.928013 0.0857512 1.01376
1.63239 0.556 0.876159 0.0967666 0.972925
1.63351 0.557 0.82041 0.108198 0.928607
1.63458 0.558 0.762962 0.119512 0.882474
1.63574 0.559 0.706018 0.13022 0.836238
1.63688 0.56 0.651716 0.139875 0.79159
1.63786 0.561 0.60207 0.148069 0.750139
1.63895 0.562 0.558902 0.154448 0.71335
1.64019 0.563 0.523774 0.158727 0.682501
1.64131 0.564 0.49791 0.160723 0.658633
1.64229 0.565 0.482133 0.160381 0.642515
1.6429 0.566 0.476816 0.157792 0.634608
1.64333 0.567 0.481854 0.153192 0.635046
1.64372 0.568 0.496681 0.146942 0.643624
1.6441 0.569 0.520311 0.139489 0.6598
1.64456 0.57 0.551401 0.131324 0.682725
1.64494 0.571 0.588337 0.122942 0.711279
1.64542 0.572 0.629308 0.114814 0.744121
1.64623 0.573 0.672383 0.107377 0.779761
1.64723 0.574 0.715579 0.101035 0.816614
1.64815 0.575 0.756915 0.0961588 0.853074
1.6492 0.576 0.794481 0.0930886 0.887569
1.65039 0.577 0.826503 0.0921189 0.918621
1.65149 0.578 0.851424 0.0934737 0.944898
1.65255 0.579 0.867988 0.0972744 0.965263
1.65369 0.58 0.87531 0.103511 0.978821
1.65484 0.581 0.872937 0.112026 0.984962
1.656 0.582 0.866005 0.112601 0.978606
1.65713 0.583 0.85927 0.107085 0.966355
1.65827 0.584 0.849527 0.100449 0.949976
1.65947 0.585 0.831651 0.0986967 0.930347
1.66061 0.586 0.801008 0.106332 0.90734
1.66187 0.587 0.755789 0.124408 0.880197
1.66309 0.588 0.698313 0.149935 0.848249
1.66434 0.589 0.634746 0.1769 0.811646
1.66569 0.59 0.573421 0.198394 0.771814
1.66682 0.591 0.522209 0.209283 0.731492
1.6679 0.592 0.485041 0.212695 0.697736
1.66914 0.593 0.456043 0.214081 0.670125
1.67039 0.594 0.435119 0.213195 0.648314
1.6714 0.595 0.423416 0.209886 0.633302
1.67243 0.596 0.421706 0.204114 0.62582
1.67339 0.597 0.430348 0.195952 0.626301
1.67434 0.598 0.449294 0.18556 0.634854
1.67527 0.599 0.478056 0.173235 0.651291
1.67626 0.6 0.515703 0.159386 0.67509
1.67722 0.601 0.560923 0.144503 0.705426
1.67832 0.602 0.612079 0.129123 0.741202
1.67929 0.603 0.667291 0.113804 0.781095
1.68023 0.604 0.724516 0.0990949 0.823611
1.6812 0.605 0.781631 0.0855184 0.86715
1.68219 0.606 0.836499 0.073618 0.910117
1.68316 0.607 0.887009 0.0638645 0.950874
1.68419 0.608 0.931242 0.0566396 0.987882
1.68516 0.609 0.96752 0.0522262 1.01975
1.68614 0.61 0.994482 0.0507941 1.04528
1.68711 0.611 1.01114 0.052392 1.06353
1.68806 0.612 1.01691 0.0569436 1.07385
1.68897 0.613 1.01166 0.06425 1.07591
1.69003 0.614 0.995699 0.0739976 1.0697
1.69099 0.615 0.969763 0.085771 1.05553
1.69202 0.616 0.935 0.0990708 1.03407
1.69301 0.617 0.89291 0.113335 1.00625
1.69401 0.618 0.845292 0.127963 0.973255
1.6951 0.619 0.794166 0.142342 0.936508
1.69627 0.62 0.741692 0.155875 0.897566
1.69727 0.621 0.690081 0.168002 0.858083
1.69837 0.622 0.641507 0.178231 0.819738
1.69939 0.623 0.598016 0.186153 0.784168
1.70051 0.624 0.561444 0.191461 0.752905
1.70164 0.625 0.533345 0.193964 0.727308
1.70305 0.626 0.514922 0.193594 0.708516
1.70435 0.627 0.506989 0.190408 0.697396
1.7057 0.628 0.509927 0.184584 0.694511
1.70679 0.629 0.523678 0.176417 0.700095
1.70744 0.63 0.547743 0.1663 0.714044
1.70783 0.631 0.581205 0.154716 0.735921
1.70822 0.632 0.62276 0.14221 0.764971
1.70861 0.633 0.670778 0.129373 0.800151
1.70903 0.634 0.723359 0.116813 0.840172
1.7095 0.635 0.778413 0.105135 0.883549
1.70997 0.636 0.833745 0.0949155 0.92866
1.71039 0.637 0.887136 0.0866759 0.973812
1.71083 0.638 0.936438 0.0808657 1.0173
1.71138 0.639 0.979657 0.0778415 1.0575
1.71213 0.64 1.01503 0.0778518 1.09289
1.71308 0.641 1.04112 0.0810258 1.12214
1.71407 0.642 1.05682 0.0873655 1.14418
1.71508 0.643 1.06147 0.0967437 1.15821
1.71619 0.644 1.05483 0.108906 1.16374
1.71722 0.645 1.03714 0.123477 1.16062
1.71817 0.646 1.00906 0.139975 1.14904
1.71931 0.647 0.971706 0.157823 1.12953
1.72044 0.648 0.926558 0.176377 1.10293
1.72167 0.649 0.875436 0.194941 1.07038
1.7226 0.65 0.824018 0.203447 1.02746
1.72347 0.651 0.782428 0.201293 0.983721
1.72441 0.652 0.747315 0.195744 0.943059
1.72532 0.653 0.712143 0.195009 0.907152
1.72629 0.654 0.671185 0.204732 0.875918
1.72718 0.655 0.622614 0.225534 0.848149
1.72823 0.656 0.569973 0.252594 0.822567
1.72914 0.657 0.521414 0.277435 0.79885
1.73025 0.658 0.486982 0.291222 0.778204
1.73132 0.659 0.474968 0.289542 0.76451
1.73242 0.66 0.480648 0.284602 0.76525
1.73346 0.661 0.498004 0.276612 0.774616
1.73458 0.662 0.526432 0.265901 0.792334
1.73557 0.663 0.564893 0.252906 0.817798
1.73656 0.664 0.611944 0.238152 0.850096
1.7375 0.665 0.665804 0.222234 0.888038
1.7385 0.666 0.724418 0.20579 0.930209
1.73956 0.667 0.785541 0.189479 0.975019
1.74058 0.668 0.846828 0.173944 1.02077
1.74155 0.669 0.905929 0.159794 1.06572
1.74257 0.67 0.960584 0.147572 1.10816
1.74356 0.671 1.00871 0.137735 1.14645
1.74471 0.672 1.0485 0.130629 1.17913
1.74571 0.673 1.07846 0.126481 1.20495
1.74679 0.674 1.09753 0.125384 1.22291
1.74784 0.675 1.10505 0.127295 1.23235
1.74883 0.676 1.10086 0.132037 1.23289
1.74976 0.677 1.08524 0.139311 1.22455
1.75083 0.678 1.05894 0.148703 1.20764
1.75186 0.679 1.02314 0.159712 1.18285
1.75283 0.68 0.979377 0.171767 1.15114
1.75377 0.681 0.929513 0.184256 1.11377
1.7547 0.682 0.875629 0.196554 1.07218
1.75567 0.683 0.819954 0.208052 1.02801
1.75658 0.684 0.764767 0.218182 0.982949
1.7575 0.685 0.712307 0.226448 0.938755
1.75876 0.686 0.664681 0.232442 0.897123
1.76001 0.687 0.623778 0.235866 0.859644
1.76117 0.688 0.591192 0.236544 0.827736
1.76231 0.689 0.568163 0.234427 0.802589
1.76332 0.69 0.555525 0.229597 0.785122
1.7643 0.691 0.553677 0.222265 0.775942
1.76508 0.692 0.562569 0.212756 0.775325
1.7656 0.693 0.581704 0.2015 0.783204
1.766 0.694 0.611987 0.18498 0.796967
1.76639 0.695 0.654848 0.163858 0.818706
1.76676 0.696 0.707207 0.140909 0.848116
1.76711 0.697 0.764537 0.119573 0.88411
1.76748 0.698 0.822006 0.10283 0.924836
1.76784 0.699 0.875634 0.0922536 0.967887
1.76819 0.7 0.923061 0.087623 1.01068
1.76853 0.701 0.963669 0.0872242 1.05089
1.76895 0.702 0.998026 0.0887203 1.08675
1.76933 0.703 1.02693 0.0902295 1.11716
1.76969 0.704 1.05045 0.0911748 1.14163
1.77005 0.705 1.06607 0.0954217 1.16149
1.77041 0.706 1.07035 0.103506 1.17386
1.7708 0.707 1.063 0.1152 1.1782
1.77118 0.708 1.04422 0.130123 1.17434
1.77161 0.709 1.01472 0.147758 1.16248
1.77225 0.71 0.975627 0.167466 1.14309
1.77311 0.711 0.928492 0.188511 1.117
1.77403 0.712 0.875208 0.210087 1.08529
1.775 0.713 0.817935 0.231349 1.04928
1.7759 0.714 0.759021 0.251447 1.01047
1.7769 0.715 0.700903 0.26956 0.970463
1.77795 0.716 0.646006 0.284934 0.93094
1.77894 0.717 0.596646 0.296909 0.893555
1.7799 0.718 0.554931 0.304954 0.859885
1.78084 0.719 0.522671 0.308692 0.831364
1.78182 0.72 0.501301 0.307921 0.809222
1.78279 0.721 0.491816 0.302624 0.79444
1.78384 0.722 0.494726 0.292979 0.787705
1.78472 0.723 0.510028 0.279355 0.789383
1.78557 0.724 0.5372 0.262304 0.799504
1.78647 0.725 0.57522 0.242541 0.817761
1.78739 0.726 0.622599 0.220917 0.843517
1.78829 0.727 0.677442 0.198393 0.875835
1.78928 0.728 0.73752 0.175993 0.913514
1.79016 0.729 0.80036 0.154773 0.955133
1.79131 0.73 0.863348 0.135766 0.999114
1.79232 0.731 0.924655 0.117761 1.04242
1.79344 0.732 0.983874 0.101049 1.08492
1.79453 0.733 1.03793 0.0876639 1.12559
1.79558 0.734 1.08303 0.0800132 1.16304
1.79652 0.735 1.11557 0.0800958 1.19567
1.79759 0.736 1.13298 0.0888146 1.2218
1.79879 0.737 1.13427 0.105648 1.23992
1.79998 0.738 1.12017 0.128811 1.24898
1.80102 0.739 1.09277 0.155837 1.24861
1.80213 0.74 1.05576 0.182404 1.23816
1.80305 0.741 1.01259 0.208093 1.22069
1.80407 0.742 0.962673 0.235909 1.19858
1.80506 0.743 0.904403 0.266903 1.17131
1.80628 0.744 0.839445 0.299963 1.13941
1.80727 0.745 0.7711 0.332739 1.10384
1.80838 0.746 0.703803 0.362204 1.06601
1.80943 0.747 0.642314 0.385507 1.02782
1.81046 0.748 0.590073 0.402892 0.992965
1.81161 0.749 0.547855 0.414443 0.962298
1.81281 0.75 0.517519 0.419764 0.937282
1.81388 0.751 0.500569 0.418705 0.919274
1.81489 0.752 0.497998 0.411366 0.909363
1.81584 0.753 0.51024 0.398087 0.908327
1.81685 0.754 0.537155 0.379439 0.916594
1.81753 0.755 0.578036 0.356195 0.934231
1.81801 0.756 0.631631 0.329299 0.96093
1.81844 0.757 0.69619 0.299832 0.996022
1.81883 0.758 0.769533 0.268968 1.0385
1.81923 0.759 0.84913 0.237928 1.08706
1.81966 0.76 0.934307 0.203527 1.13783
1.82003 0.761 1.02498 0.166576 1.19155
1.82066 0.762 1.11757 0.129586 1.24716
1.82168 0.763 1.20708 0.09611 1.30319
1.8227 0.764 1.28793 0.069743 1.35767
1.82371 0.765 1.35516 0.0530468 1.40821
1.82465 0.766 1.40544 0.0468324 1.45227
1.82568 0.767 1.43754 0.0500672 1.48761
1.8267 0.768 1.45218 0.0604364 1.51261
1.82773 0.769 1.45122 0.0753284 1.52655
1.82882 0.77 1.43665 0.0928498 1.5295
1.82987 0.771 1.40974 0.112469 1.5222
1.83101 0.772 1.36957 0.13745 1.50702
1.83222 0.773 1.31477 0.167675 1.48244
1.8334 0.774 1.2473 0.202057 1.44936
1.83451 0.775 1.16967 0.239356 1.40903
1.83576 0.776 1.08475 0.278221 1.36298
1.83678 0.777 0.995676 0.317238 1.31291
1.83783 0.778 0.905722 0.354977 1.2607
1.83874 0.779 0.818204 0.390046 1.20825
1.83977 0.78 0.736342 0.42114 1.15748
1.84086 0.781 0.663135 0.447087 1.11022
1.84202 0.782 0.601257 0.466901 1.06816
1.84309 0.783 0.552943 0.479813 1.03276
1.84417 0.784 0.519914 0.485306 1.00522
1.84527 0.785 0.5033 0.483139 0.986439
1.84635 0.786 0.503599 0.473358 0.976957
1.84747 0.787 0.520651 0.4563 0.976951
1.84848 0.788 0.553648 0.43258 0.986228
1.84949 0.789 0.601159 0.403077 1.00424
1.85059 0.79 0.661182 0.368897 1.03008
1.85151 0.791 0.731227 0.331336 1.06256
1.85242 0.792 0.808447 0.291482 1.09993
1.85335 0.793 0.890981 0.249315 1.1403
1.85431 0.794 0.97591 0.206953 1.18286
1.85539 0.795 1.05897 0.167039 1.22601
1.8565 0.796 1.13566 0.132217 1.26788
1.85752 0.797 1.20186 0.104569 1.30643
1.85847 0.798 1.25443 0.0852279 1.33966
1.85949 0.799 1.29148 0.074295 1.36577
1.86061 0.8 1.31237 0.0710773 1.38345
1.86157 0.801 1.31737 0.0745478 1.39192
1.8625 0.802 1.30718 0.083829 1.39101
1.86351 0.803 1.2823 0.0994169 1.38172
1.86446 0.804 1.24229 0.121506 1.3638
1.86556 0.805 1.18852 0.149154 1.33767
1.86657 0.806 1.12308 0.181214 1.3043
1.86763 0.807 1.04854 0.216381 1.26492
1.86855 0.808 0.967767 0.253248 1.22102
1.86959 0.809 0.883876 0.29036 1.17424
1.87066 0.81 0.80007 0.326279 1.12635
1.87169 0.811 0.719517 0.359637 1.07915
1.87275 0.812 0.645228 0.389194 1.03442
1.87385 0.813 0.57993 0.413886 0.993815
1.87494 0.814 0.525963 0.432865 0.958828
1.87621 0.815 0.485189 0.445534 0.930723
1.87739 0.816 0.458921 0.45156 0.910481
1.87862 0.817 0.447875 0.450891 0.898766
1.87979 0.818 0.452148 0.443747 0.895895
1.88081 0.819 0.47122 0.430612 0.901832
1.88144 0.82 0.503982 0.412203 0.916185
1.8819 0.821 0.548787 0.389439 0.938226
1.88231 0.822 0.603521 0.363403 0.966924
1.88271 0.823 0.6657 0.335122 1.00082
1.88305 0.824 0.735042 0.301288 1.03633
1.88347 0.825 0.811296 0.26297 1.07427
1.88379 0.826 0.890822 0.222888 1.11371
1.88418 0.827 0.96856 0.184803 1.15336
1.88461 0.828 1.03897 0.152475 1.19145
1.88501 0.829 1.09721 0.128589 1.2258
1.88554 0.83 1.14012 0.114061 1.25418
1.88634 0.831 1.16668 0.107981 1.27467
1.88732 0.832 1.17779 0.108214 1.28601
1.88832 0.833 1.17541 0.112394 1.2878
1.88927 0.834 1.16156 0.118932 1.28049
1.89024 0.835 1.13747 0.127615 1.26508
1.89134 0.836 1.10244 0.141594 1.24403
1.89237 0.837 1.05484 0.161339 1.21618
1.89329 0.838 0.996848 0.183623 1.18047
1.89435 0.839 0.936938 0.201257 1.1382
1.89529 0.84 0.879128 0.215439 1.09457
1.89622 0.841 0.822451 0.229809 1.05226
1.89725 0.842 0.764341 0.248612 1.01295
1.8983 0.843 0.702657 0.274582 0.977239
1.89928 0.844 0.637534 0.307438 0.944972
1.90019 0.845 0.572287 0.343579 0.915866
1.90129 0.846 0.512976 0.377135 0.89011
1.9024 0.847 0.466762 0.401959 0.868721
1.90345 0.848 0.439697 0.413784 0.85348
1.90446 0.849 0.433596 0.416211 0.849808
1.90548 0.85 0.441948 0.413456 0.855404
1.9065 0.851 0.46344 0.405494 0.868934
1.9075 0.852 0.497291 0.392506 0.889797
1.90851 0.853 0.542423 0.374073 0.916496
1.90953 0.854 0.598534 0.349851 0.948385
1.91066 0.855 0.66336 0.321425 0.984785
1.91165 0.856 0.733347 0.291012 1.02436
1.91266 0.857 0.804504 0.260876 1.06538
1.91368 0.858 0.873079 0.232753 1.10583
1.91465 0.859 0.936114 0.207501 1.14362
1.91574 0.86 0.991703 0.1851 1.1768
1.9169 0.861 1.03887 0.164986 1.20385
1.91804 0.862 1.07716 0.146576 1.22374
1.91913 0.863 1.10576 0.131331 1.23709
1.92015 0.864 1.12209 0.120581 1.24267
1.92112 0.865 1.12552 0.114528 1.24005
1.92215 0.866 1.11611 0.11319 1.2293
1.92328 0.867 1.09443 0.116393 1.21082
1.92426 0.868 1.06155 0.123788 1.18534
1.92522 0.869 1.01899 0.134868 1.15386
1.92633 0.87 0.968641 0.148987 1.11763
1.92733 0.871 0.912703 0.165393 1.0781
1.92838 0.872 0.853581 0.18326 1.03684
1.92948 0.873 0.79379 0.201724 0.995514
1.93052 0.874 0.735852 0.219923 0.955775
1.93155 0.875 0.682192 0.237027 0.919219
1.9326 0.876 0.635038 0.25228 0.887319
1.93377 0.877 0.596332 0.265027 0.861358
1.93498 0.878 0.567649 0.274738 0.842387
1.93605 0.879 0.55014 0.281032 0.831172
1.93711 0.88 0.544481 0.283692 0.828173
1.93813 0.881 0.55085 0.282667 0.833517
1.9392 0.882 0.568926 0.278072 0.846998
1.94011 0.883 0.597895 0.270186 0.868081
1.94068 0.884 0.636497 0.259432 0.895929
1.94112 0.885 0.683069 0.24636 0.929429
1.94149 0.886 0.735623 0.231621 0.967244
1.94189 0.887 0.791921 0.215939 1.00786
1.94225 0.888 0.849575 0.200078 1.04965
1.94258 0.889 0.906136 0.184812 1.09095
1.94297 0.89 0.959204 0.170889 1.13009
1.94346 0.891 1.00652 0.158999 1.16552
1.94399 0.892 1.04605 0.14975 1.1958
1.94457 0.893 1.0761 0.143633 1.21973
1.94514 0.894 1.09533 0.141009 1.23634
1.94602 0.895 1.10288 0.142088 1.24497
1.94699 0.896 1.09833 0.146921 1.24526
1.94798 0.897 1.0818 0.155393 1.23719
1.9489 0.898 1.05387 0.167229 1.2211
1.94989 0.899 1.01561 0.182 1.19761
1.95085 0.9 0.968524 0.199137 1.16766
1.95181 0.901 0.914497 0.217957 1.13245
1.95277 0.902 0.85571 0.237683 1.09339
1.95372 0.903 0.795917 0.250003 1.04592
1.95462 0.904 0.753311 0.241624 0.994935
1.95558 0.905 0.729955 0.220678 0.950634
1.9566 0.906 0.716274 0.200172 0.916446
1.95765 0.907 0.700248 0.192567 0.892815
1.95897 0.908 0.672953 0.204594 0.877548
1.95992 0.909 0.63278 0.234382 0.867162
1.96093 0.91 0.586602 0.272069 0.858672
1.96198 0.911 0.547421 0.303646 0.851067
1.9631 0.912 0.529413 0.316486 0.845899
1.96408 0.913 0.542182 0.307421 0.849603
1.96512 0.914 0.57391 0.295892 0.869801
1.96627 0.915 0.614983 0.282178 0.897161
1.96724 0.916 0.663995 0.266638 0.930633
1.96825 0.917 0.719228 0.249699 0.968928
1.96923 0.918 0.778719 0.231839 1.01056
1.9702 0.919 0.840335 0.213569 1.0539
1.97121 0.92 0.901856 0.195414 1.09727
1.97224 0.921 0.961063 0.177893 1.13896
1.97317 0.922 1.01582 0.161496 1.17732
1.97416 0.923 1.06418 0.146666 1.21084
1.97515 0.924 1.10441 0.133781 1.23819
1.97615 0.925 1.13512 0.123136 1.25826
1.97711 0.926 1.15529 0.114935 1.27023
1.97806 0.927 1.16429 0.109278 1.27357
1.97898 0.928 1.16195 0.106163 1.26811
1.97994 0.929 1.14851 0.105481 1.25399
1.98084 0.93 1.12467 0.107024 1.2317
1.98172 0.931 1.09151 0.110498 1.202
1.98267 0.932 1.05045 0.115528 1.16598
1.98371 0.933 1.00325 0.121686 1.12493
1.98468 0.934 0.951843 0.128499 1.08034
1.98561 0.935 0.898335 0.135481 1.03382
1.98662 0.936 0.84488 0.142146 0.987026
1.98764 0.937 0.793607 0.148033 0.941639
1.98886 0.938 0.746525 0.152726 0.899251
1.98991 0.939 0.705454 0.155872 0.861325
1.99091 0.94 0.671942 0.157195 0.829137
1.99198 0.941 0.647213 0.156511 0.803723
1.9931 0.942 0.632114 0.153728 0.785842
1.99425 0.943 0.627087 0.14886 0.775947
1.99529 0.944 0.632152 0.142018 0.77417
1.99629 0.945 0.646912 0.133407 0.780319
1.9974 0.946 0.670568 0.123322 0.79389
1.99838 0.947 0.701956 0.112129 0.814086
1.99894 0.948 0.739601 0.100254 0.839855
1.99936 0.949 0.781772 0.0881626 0.869935
1.99974 0.95 0.826559 0.076345 0.902904
2.00014 0.951 0.871951 0.0652915 0.937242
2.00061 0.952 0.91592 0.0554746 0.971394
2.00101 0.953 0.956504 0.0473291 1.00383
2.00158 0.954 0.991888 0.0412335 1.03312
2.00241 0.955 1.02048 0.0374947 1.05797
2.00338 0.956 1.04097 0.036334 1.07731
2.00437 0.957 1.05241 0.0378777 1.09029
2.00544 0.958 1.05421 0.0421499 1.09636
2.00636 0.959 1.0462 0.0490707 1.09527
2.00737 0.96 1.02864 0.0584575 1.08709
2.00841 0.961 1.00216 0.0700305 1.07219
2.0094 0.962 0.967818 0.0834227 1.05124
2.01037 0.963 0.926988 0.0981926 1.02518
2.01145 0.964 0.881339 0.113841 0.99518
2.01246 0.965 0.832759 0.129831 0.962589
2.01355 0.966 0.783281 0.145606 0.928887
2.01476 0.967 0.734999 0.160615 0.895615
2.016 0.968 0.689981 0.174336 0.864317
2.01715 0.969 0.650184 0.186293 0.836477
2.01815 0.97 0.61737 0.196082 0.813452
2.01919 0.971 0.593034 0.203387 0.796421
2.02021 0.972 0.578337 0.207994 0.786331
2.02127 0.973 0.574055 0.209802 0.783858
2.02226 0.974 0.580543 0.208835 0.789377
2.02347 0.975 0.597712 0.205233 0.802946
2.02446 0.976 0.625035 0.19926 0.824296
2.02548 0.977 0.661557 0.191287 0.852844
2.0265 0.978 0.705932 0.181782 0.887714
2.02745 0.979 0.756475 0.17129 0.927765
2.0284 0.98 0.81123 0.16041 0.97164
2.02958 0.981 0.868041 0.149775 1.01782
2.03063 0.982 0.924649 0.140018 1.06467
2.03172 0.983 0.978774 0.131749 1.11052
2.03273 0.984 1.02822 0.125527 1.15374
2.03382 0.985 1.07094 0.121836 1.19278
2.03481 0.986 1.10517 0.121059 1.22623
2.03611 0.987 1.12945 0.123465 1.25291
2.03717 0.988 1.14272 0.129192 1.27191
2.03827 0.989 1.14436 0.138243 1.2826
2.03926 0.99 1.13421 0.150482 1.28469
2.0403 0.991 1.11257 0.16564 1.27821
2.04135 0.992 1.08023 0.183325 1.26356
2.04236 0.993 1.04018 0.199037 1.23922
2.0436 0.994 0.996478 0.213275 1.20975
2.04465 0.995 0.948203 0.228677 1.17688
2.0457 0.996 0.894218 0.247502 1.14172
2.04682 0.997 0.83452 0.270476 1.105
2.04786 0.998 0.771079 0.296261 1.06734
2.04892 0.999 0.707893 0.321764 1.02966
2.05002 1 0.650218 0.343171 0.993389
2.05113 1.001 0.603251 0.357295 0.960546
2.05225 1.002 0.57058 0.364055 0.934635
2.05356 1.003 0.550748 0.366489 0.917237
2.05481 1.004 0.543473 0.364656 0.908128
2.05586 1.005 0.549117 0.358765 0.907882
2.05708 1.006 0.567552 0.349169 0.916722
2.05797 1.007 0.598166 0.336346 0.934512
2.05855 1.008 0.639884 0.320877 0.96076
2.05893 1.009 0.691215 0.303424 0.994639
2.0593 1.01 0.750305 0.284709 1.03501
2.05964 1.011 0.815008 0.265481 1.08049
2.06001 1.012 0.882964 0.246494 1.12946
2.06045 1.013 0.951688 0.22848 1.18017
2.06086 1.014 1.01866 0.212126 1.23079
2.06136 1.015 1.08143 0.19805 1.27948
2.06191 1.016 1.13768 0.186781 1.32447
2.0625 1.017 1.18535 0.178745 1.36409
2.06319 1.018 1.22266 0.174247 1.39691
2.0639 1.019 1.24824 0.173469 1.42171
2.06467 1.02 1.26112 0.176455 1.43758
2.06537 1.021 1.26082 0.183121 1.44394
2.06598 1.022 1.24732 0.193251 1.44057
2.06682 1.023 1.22108 0.206509 1.42759
2.06773 1.024 1.18306 0.22245 1.40551
2.06873 1.025 1.13459 0.240538 1.37513
2.0698 1.026 1.07743 0.260165 1.3376
2.07076 1.027 1.01362 0.280675 1.2943
2.07176 1.028 0.945431 0.301388 1.24682
2.07276 1.029 0.875285 0.321628 1.19691
2.0738 1.03 0.805647 0.340746 1.14639
2.07483 1.031 0.738937 0.358151 1.09709
2.07589 1.032 0.679166 0.367717 1.04688
2.07681 1.033 0.636184 0.363805 0.999989
2.0779 1.034 0.612066 0.350788 0.962855
2.07881 1.035 0.600191 0.337644 0.937835
2.08 1.036 0.592388 0.332314 0.924701
2.08109 1.037 0.582928 0.33849 0.921418
2.08212 1.038 0.570989 0.354151 0.92514
2.08312 1.039 0.560992 0.372418 0.93341
2.08419 1.04 0.560678 0.384384 0.945063
2.08519 1.041 0.577688 0.383725 0.961413
2.08628 1.042 0.610539 0.376044 0.986583
2.0873 1.043 0.655627 0.361901 1.01753
2.08843 1.044 0.707359 0.346414 1.05377
2.08956 1.045 0.761784 0.330074 1.09186
2.0907 1.046 0.816708 0.313365 1.13007
2.09188 1.047 0.869969 0.296747 1.16672
2.09319 1.048 0.919524 0.280631 1.20015
2.09432 1.049 0.963527 0.26537 1.2289
2.09532 1.05 1.0004 0.251239 1.25164
2.09635 1.051 1.02891 0.238432 1.26735
2.09742 1.052 1.04818 0.227056 1.27524
2.09874 1.053 1.05774 0.21713 1.27487
2.09986 1.054 1.05753 0.208596 1.26613
2.10106 1.055 1.04791 0.201323 1.24924
2.10211 1.056 1.02961 0.195124 1.22473
2.10348 1.057 1.00368 0.18977 1.19345
2.10476 1.058 0.971506 0.18501 1.15652
2.10619 1.059 0.934651 0.180594 1.11525
2.10746 1.06 0.894844 0.176286 1.07113
2.10853 1.061 0.853876 0.171888 1.02576
2.10961 1.062 0.813524 0.167252 0.980776
2.11066 1.063 0.775472 0.162299 0.937771
2.11171 1.064 0.741235 0.157023 0.898258
2.11266 1.065 0.712094 0.151499 0.863593
2.11382 1.066 0.689045 0.145881 0.834927
2.11487 1.067 0.672754 0.140401 0.813155
2.11593 1.068 0.663534 0.135355 0.798889
2.11704 1.069 0.661337 0.131093 0.79243
2.1182 1.07 0.66576 0.128001 0.793761
2.11899 1.071 0.67607 0.126479 0.802548
2.11946 1.072 0.691237 0.126923 0.81816
2.11982 1.073 0.709994 0.1297 0.839694
2.12021 1.074 0.730891 0.135127 0.866018
2.12056 1.075 0.752367 0.14345 0.895817
2.12096 1.076 0.772827 0.154825 0.927652
2.12135 1.077 0.790716 0.169305 0.960021
2.12179 1.078 0.804594 0.186828 0.991422
2.12215 1.079 0.813207 0.207211 1.02042
2.12251 1.08 0.816852 0.224623 1.04148
2.1229 1.081 0.826733 0.220552 1.04729
2.12329 1.082 0.862634 0.185199 1.04783
2.12368 1.083 0.916801 0.136033 1.05283
2.12408 1.084 0.96709 0.0968827 1.06397
2.12447 1.085 0.989929 0.088354 1.07828
2.12488 1.086 0.969773 0.119503 1.08928
2.12526 1.087 0.905503 0.184081 1.08958
2.12563 1.088 0.811198 0.262847 1.07404
2.12598 1.089 0.710987 0.331031 1.04202
2.12636 1.09 0.630012 0.367969 0.997981
2.12681 1.091 0.580796 0.374826 0.955621
2.12751 1.092 0.551935 0.375591 0.927526
2.12839 1.093 0.526708 0.375027 0.901735
2.12927 1.094 0.506493 0.372746 0.879239
2.13014 1.095 0.492962 0.368435 0.861397
2.13102 1.096 0.487535 0.361879 0.849414
2.13195 1.097 0.491313 0.352969 0.844282
2.1328 1.098 0.505018 0.341718 0.846736
2.13369 1.099 0.528956 0.328267 0.857223
2.1346 1.1 0.562994 0.312882 0.875876
2.13554 1.101 0.606553 0.295949 0.902503
2.13646 1.102 0.658623 0.277965 0.936589
2.13735 1.103 0.717797 0.259517 0.977314
2.13824 1.104 0.782318 0.241261 1.02358
2.13918 1.105 0.850151 0.223894 1.07405
2.14011 1.106 0.919057 0.20813 1.12719
2.14097 1.107 0.986682 0.194663 1.18135
2.14183 1.108 1.05066 0.184139 1.2348
2.14271 1.109 1.10869 0.177125 1.28582
2.14363 1.11 1.15867 0.174082 1.33275
2.14464 1.111 1.19874 0.175342 1.37409
2.14589 1.112 1.2274 0.181087 1.40849
2.14707 1.113 1.24356 0.191338 1.4349
2.14854 1.114 1.24658 0.20595 1.45253
2.14971 1.115 1.23633 0.224611 1.46094
2.1509 1.116 1.21319 0.24685 1.46004
2.152 1.117 1.17803 0.272051 1.45008
2.15301 1.118 1.1322 0.299475 1.43167
2.15421 1.119 1.07748 0.328285 1.40576
2.15564 1.12 1.016 0.357575 1.37358
2.15678 1.121 0.950202 0.386403 1.3366
2.15784 1.122 0.882695 0.413824 1.29652
2.15889 1.123 0.816199 0.438926 1.25512
2.16001 1.124 0.753425 0.46086 1.21428
2.16122 1.125 0.696977 0.478874 1.17585
2.16247 1.126 0.649252 0.492335 1.14159
2.16346 1.127 0.612351 0.500754 1.11311
2.16443 1.128 0.587996 0.503804 1.0918
2.16547 1.129 0.577466 0.501325 1.07879
2.16649 1.13 0.581544 0.493337 1.07488
2.16742 1.131 0.600491 0.48003 1.08052
2.16841 1.132 0.63403 0.461767 1.0958
2.1693 1.133 0.68135 0.439061 1.12041
2.16987 1.134 0.741142 0.412564 1.15371
2.17038 1.135 0.811636 0.383045 1.19468
2.17075 1.136 0.890668 0.351359 1.24203
2.17141 1.137 0.975752 0.318425 1.29418
2.1723 1.138 1.06417 0.28519 1.34936
2.17329 1.139 1.15308 0.252605 1.40569
2.17419 1.14 1.2396 0.221588 1.46119
2.1751 1.141 1.32091 0.192998 1.5139
2.176 1.142 1.39436 0.167609 1.56197
2.17687 1.143 1.45759 0.146084 1.60367
2.17776 1.144 1.50855 0.128954 1.6375
2.17879 1.145 1.54563 0.116607 1.66224
2.17967 1.146 1.56771 0.109271 1.67698
2.18057 1.147 1.57415 0.107012 1.68116
2.18152 1.148 1.56486 0.10973 1.67459
2.18237 1.149 1.54031 0.11717 1.65748
2.18322 1.15 1.50146 0.128926 1.63039
2.18414 1.151 1.44976 0.144459 1.59422
2.18505 1.152 1.38708 0.163114 1.55019
2.18587 1.153 1.31566 0.184147 1.4998
2.18674 1.154 1.23799 0.206746 1.44474
2.18762 1.155 1.15678 0.230063 1.38684
2.18851 1.156 1.07477 0.253241 1.32801
2.18947 1.157 0.994734 0.275446 1.27018
2.19038 1.158 0.919289 0.295891 1.21518
2.19126 1.159 0.850855 0.313868 1.16472
2.19229 1.16 0.791546 0.328767 1.12031
2.19332 1.161 0.743102 0.340101 1.0832
2.19427 1.162 0.706826 0.347519 1.05434
2.19525 1.163 0.683539 0.350817 1.03436
2.19628 1.164 0.673559 0.349946 1.0235
2.19744 1.165 0.676691 0.34501 1.0217
2.19847 1.166 0.692241 0.336263 1.0285
2.19945 1.167 0.719052 0.324093 1.04314
2.20048 1.168 0.755547 0.309011 1.06456
2.20172 1.169 0.799806 0.291625 1.09143
2.20275 1.17 0.849633 0.272618 1.12225
2.20376 1.171 0.902658 0.25272 1.15538
2.20492 1.172 0.956424 0.232676 1.1891
2.20613 1.173 1.00849 0.213216 1.22171
2.20734 1.174 1.05653 0.195027 1.25155
2.20847 1.175 1.09841 0.178723 1.27714
2.20951 1.176 1.13232 0.164822 1.29714
2.21045 1.177 1.15676 0.153725 1.31049
2.2115 1.178 1.1707 0.145702 1.3164
2.21259 1.179 1.17351 0.140882 1.31439
2.21353 1.18 1.16506 0.139253 1.30432
2.21467 1.181 1.14571 0.140662 1.28637
2.21584 1.182 1.11622 0.144831 1.26106
2.21685 1.183 1.07781 0.151368 1.22918
2.21806 1.184 1.03203 0.159791 1.19182
2.21927 1.185 0.980703 0.169551 1.15025
2.22047 1.186 0.925879 0.180064 1.10594
2.22157 1.187 0.869704 0.190734 1.06044
2.22254 1.188 0.814346 0.200989 1.01533
2.22352 1.189 0.761898 0.2103 0.972198
2.2245 1.19 0.714291 0.218214 0.932505
2.22549 1.191 0.673213 0.224368 0.897581
2.2265 1.192 0.640037 0.228509 0.868546
2.2276 1.193 0.615773 0.230501 0.846275
2.22876 1.194 0.601025 0.230332 0.831356
2.22965 1.195 0.595971 0.228107 0.824078
2.23031 1.196 0.600366 0.224046 0.824413
2.23077 1.197 0.613556 0.218468 0.832025
2.23118 1.198 0.634513 0.211773 0.846285
2.23159 1.199 0.661884 0.204419 0.866303
2.23206 1.2 0.694059 0.196903 0.890962
2.23244 1.201 0.729242 0.18973 0.918973
2.2329 1.202 0.765533 0.183394 0.948927
2.23338 1.203 0.801014 0.178344 0.979359
2.23403 1.204 0.833836 0.174974 1.00881
2.23482 1.205 0.862295 0.173594 1.03589
2.23563 1.206 0.884917 0.174417 1.05933
2.23645 1.207 0.900513 0.177552 1.07807
2.23724 1.208 0.908238 0.182994 1.09123
2.23804 1.209 0.907624 0.190625 1.09825
2.23882 1.21 0.898606 0.200216 1.09882
2.23967 1.211 0.881523 0.211441 1.09296
2.24047 1.212 0.857101 0.223888 1.08099
2.24127 1.213 0.826432 0.237075 1.06351
2.24204 1.214 0.790918 0.250479 1.0414
2.24286 1.215 0.752217 0.26355 1.01577
2.24368 1.216 0.712167 0.275745 0.987912
2.24457 1.217 0.67271 0.286552 0.959262
2.24536 1.218 0.635804 0.295513 0.931317
2.24618 1.219 0.603336 0.30225 0.905586
2.24711 1.22 0.577037 0.306486 0.883524
2.24822 1.221 0.558402 0.308064 0.866466
2.24927 1.222 0.548619 0.306954 0.855573
2.25047 1.223 0.54851 0.303269 0.851779
2.25134 1.224 0.55849 0.297256 0.855746
2.25211 1.225 0.57884 0.286293 0.865133
2.25284 1.226 0.619853 0.258824 0.878677
2.25358 1.227 0.681701 0.222966 0.904668
2.25429 1.228 0.75351 0.190008 0.943518
2.25504 1.229 0.823008 0.170109 0.993117
2.25584 1.23 0.880859 0.168469 1.04933
2.25659 1.231 0.923703 0.183499 1.1072
2.25746 1.232 0.954728 0.207702 1.16243
2.25825 1.233 0.981581 0.230895 1.21248
2.25906 1.234 1.01249 0.244469 1.25696
2.25984 1.235 1.05111 0.250997 1.30211
2.26066 1.236 1.08515 0.260723 1.34588
2.26161 1.237 1.10989 0.273693 1.38358
2.26269 1.238 1.12418 0.289824 1.41401
2.26375 1.239 1.12729 0.308901 1.43619
2.26484 1.24 1.1189 0.330586 1.44949
2.26602 1.241 1.09916 0.354424 1.45358
2.26707 1.242 1.07674 0.360806 1.43755
2.26817 1.243 1.066 0.350723 1.41672
2.26926 1.244 1.05873 0.336344 1.39508
2.27057 1.245 1.04234 0.331257 1.3736
2.27168 1.246 1.00596 0.344772 1.35073
2.27291 1.247 0.945505 0.377942 1.32345
2.27407 1.248 0.866107 0.422927 1.28903
2.2752 1.249 0.78084 0.465921 1.24676
2.27617 1.25 0.70631 0.492498 1.19881
2.27707 1.251 0.656809 0.493237 1.15005
2.27808 1.252 0.637039 0.476753 1.11379
2.27936 1.253 0.632145 0.454871 1.08702
2.2803 1.254 0.639776 0.428313 1.06809
2.28134 1.255 0.660008 0.397989 1.058
2.28252 1.256 0.692416 0.364967 1.05738
2.2836 1.257 0.736092 0.330428 1.06652
2.28464 1.258 0.789673 0.295621 1.08529
2.28579 1.259 0.851399 0.261818 1.11322
2.28678 1.26 0.919172 0.230268 1.14944
2.28778 1.261 0.990638 0.202146 1.19278
2.28839 1.262 1.06327 0.178518 1.24179
2.28888 1.263 1.13447 0.160298 1.29476
2.28929 1.264 1.20164 0.148221 1.34986
2.28964 1.265 1.26232 0.142817 1.40514
2.2901 1.266 1.31424 0.144391 1.45863
2.29047 1.267 1.35541 0.153019 1.50843
2.29085 1.268 1.38423 0.168537 1.55277
2.29122 1.269 1.39951 0.190554 1.59007
2.29163 1.27 1.40054 0.218456 1.619
2.29213 1.271 1.38712 0.251429 1.63855
2.2927 1.272 1.35957 0.288483 1.64805
2.29321 1.273 1.31873 0.328479 1.6472
2.29374 1.274 1.26592 0.370168 1.63609
2.29453 1.275 1.20293 0.412226 1.61516
2.29547 1.276 1.13195 0.4533 1.58525
2.29663 1.277 1.05545 0.492048 1.5475
2.29766 1.278 0.976163 0.527188 1.50335
2.29872 1.279 0.896998 0.556166 1.45316
2.29975 1.28 0.831484 0.561961 1.39344
2.30086 1.281 0.786272 0.551295 1.33757
2.30183 1.282 0.755948 0.527277 1.28322
2.30292 1.283 0.74127 0.496565 1.23783
2.30392 1.284 0.730769 0.473526 1.20429
2.305 1.285 0.713197 0.467612 1.18081
2.30599 1.286 0.684227 0.479562 1.16379
2.30694 1.287 0.648571 0.50114 1.14971
2.30797 1.288 0.618329 0.518521 1.13685
2.30902 1.289 0.606869 0.525485 1.13235
2.31006 1.29 0.611383 0.52413 1.13551
2.3111 1.291 0.636854 0.506617 1.14347
