100 0.2322 0.2322 
200 0.2273 0.2273 
300 0.2273 0.2273 
400 0.2273 0.2273 
500 0.2270 0.2270 
600 0.2270 0.2270 
700 0.2270 0.2270 
800 0.2270 0.2270 
900 0.1918 0.1918 
1000 0.1918 0.1918 
1100 0.1918 0.1918 
1200 0.1918 0.1918 
1300 0.1918 0.1918 
1400 0.1900 0.1900 
1500 0.1900 0.1900 
1600 0.1900 0.1900 
1700 0.1809 0.1809 
1800 0.1809 0.1809 
1900 0.1809 0.1809 
2000 0.1809 0.1809 
2100 0.1809 0.1809 
2200 0.1809 0.1809 
2300 0.1809 0.1809 
2400 0.1809 0.1809 
2500 0.1809 0.1809 
2600 0.1660 0.1660 
2700 0.1660 0.1660 
2800 0.1660 0.1660 
2900 0.1660 0.1660 
3000 0.1660 0.1660 
3100 0.1660 0.1660 
3200 0.1660 0.1660 
3300 0.1660 0.1660 
3400 0.1660 0.1660 
3500 0.1660 0.1660 
3600 0.1660 0.1660 
3700 0.1660 0.1660 
3800 0.1660 0.1660 
3900 0.1660 0.1660 
4000 0.1660 0.1660 
4100 0.1660 0.1660 
4200 0.1660 0.1660 
4300 0.1660 0.1660 
4400 0.1660 0.1660 
4500 0.1660 0.1660 
4600 0.1660 0.1660 
4700 0.1660 0.1660 
4800 0.1660 0.1660 
4900 0.1660 0.1660 
5000 0.1660 0.1660 
5100 0.1660 0.1660 
5200 0.1660 0.1660 
5300 0.1660 0.1660 
5400 0.1660 0.1660 
5500 0.1660 0.1660 
5600 0.1660 0.1660 
5700 0.1660 0.1660 
5800 0.1660 0.1660 
5900 0.1660 0.1660 
6000 0.1554 0.1554 
6100 0.1554 0.1554 
6200 0.1554 0.1554 
6300 0.1554 0.1554 
6400 0.1554 0.1554 
6500 0.1554 0.1554 
6600 0.1554 0.1554 
6700 0.1554 0.1554 
6800 0.1554 0.1554 
6900 0.1554 0.1554 
7000 0.1554 0.1554 
7100 0.1554 0.1554 
7200 0.1554 0.1554 
7300 0.1554 0.1554 
7400 0.1554 0.1554 
7500 0.1554 0.1554 
7600 0.1554 0.1554 
7700 0.1554 0.1554 
7800 0.1554 0.1554 
7900 0.1554 0.1554 
8000 0.1554 0.1554 
8100 0.1554 0.1554 
8200 0.1554 0.1554 
8300 0.1554 0.1554 
8400 0.1554 0.1554 
8500 0.1554 0.1554 
8600 0.1554 0.1554 
8700 0.1554 0.1554 
8800 0.1554 0.1554 
8900 0.1554 0.1554 
9000 0.1554 0.1554 
9100 0.1554 0.1554 
9200 0.1554 0.1554 
9300 0.1006 0.1006 
9400 0.1006 0.1006 
9500 0.1006 0.1006 
9600 0.1006 0.1006 
9700 0.1006 0.1006 
9800 0.1006 0.1006 
9900 0.1006 0.1006 
10000 0.1006 0.1006 
10100 0.1006 0.1006 
10200 0.1006 0.1006 
10300 0.1006 0.1006 
10400 0.1006 0.1006 
10500 0.1006 0.1006 
10600 0.1006 0.1006 
10700 0.1006 0.1006 
10800 0.0963 0.0963 
10900 0.0963 0.0963 
11000 0.0963 0.0963 
11100 0.0963 0.0963 
11200 0.0963 0.0963 
11300 0.0963 0.0963 
11400 0.0810 0.0810 
11500 0.0810 0.0810 
11600 0.0810 0.0810 
11700 0.0810 0.0810 
11800 0.0810 0.0810 
11900 0.0810 0.0810 
12000 0.0810 0.0810 
12100 0.0810 0.0810 
12200 0.0810 0.0810 
12300 0.0810 0.0810 
12400 0.0810 0.0810 
12500 0.0810 0.0810 
12600 0.0810 0.0810 
12700 0.0810 0.0810 
12800 0.0810 0.0810 
12900 0.0810 0.0810 
13000 0.0810 0.0810 
13100 0.0810 0.0810 
13200 0.0782 0.0782 
13300 0.0782 0.0782 
13400 0.0782 0.0782 
13500 0.0782 0.0782 
13600 0.0782 0.0782 
13700 0.0782 0.0782 
13800 0.0782 0.0782 
13900 0.0782 0.0782 
14000 0.0782 0.0782 
14100 0.0782 0.0782 
14200 0.0782 0.0782 
14300 0.0782 0.0782 
14400 0.0782 0.0782 
14500 0.0782 0.0782 
14600 0.0782 0.0782 
14700 0.0782 0.0782 
14800 0.0782 0.0782 
14900 0.0782 0.0782 
15000 0.0782 0.0782 
15100 0.0782 0.0782 
15200 0.0782 0.0782 
15300 0.0782 0.0782 
15400 0.0782 0.0782 
15500 0.0782 0.0782 
15600 0.0782 0.0782 
15700 0.0782 0.0782 
15800 0.0782 0.0782 
15900 0.0782 0.0782 
16000 0.0782 0.0782 
16100 0.0782 0.0782 
16200 0.0782 0.0782 
16300 0.0782 0.0782 
16400 0.0782 0.0782 
16500 0.0782 0.0782 
16600 0.0734 0.0734 
16700 0.0734 0.0734 
16800 0.0734 0.0734 
16900 0.0734 0.0734 
17000 0.0734 0.0734 
17100 0.0734 0.0734 
17200 0.0734 0.0734 
17300 0.0734 0.0734 
17400 0.0734 0.0734 
17500 0.0734 0.0734 
17600 0.0734 0.0734 
17700 0.0734 0.0734 
17800 0.0734 0.0734 
17900 0.0734 0.0734 
18000 0.0734 0.0734 
18100 0.0734 0.0734 
18200 0.0734 0.0734 
18300 0.0734 0.0734 
18400 0.0734 0.0734 
18500 0.0734 0.0734 
18600 0.0734 0.0734 
18700 0.0734 0.0734 
18800 0.0734 0.0734 
18900 0.0734 0.0734 
19000 0.0734 0.0734 
19100 0.0734 0.0734 
19200 0.0734 0.0734 
19300 0.0734 0.0734 
19400 0.0734 0.0734 
19500 0.0734 0.0734 
19600 0.0734 0.0734 
19700 0.0734 0.0734 
19800 0.0734 0.0734 
19900 0.0734 0.0734 
20000 0.0734 0.0734 
20100 0.0734 0.0734 
20200 0.0734 0.0734 
20300 0.0734 0.0734 
20400 0.0734 0.0734 
20500 0.0734 0.0734 
20600 0.0734 0.0734 
20700 0.0734 0.0734 
20800 0.0734 0.0734 
20900 0.0734 0.0734 
21000 0.0734 0.0734 
21100 0.0734 0.0734 
21200 0.0734 0.0734 
21300 0.0734 0.0734 
21400 0.0734 0.0734 
21500 0.0734 0.0734 
21600 0.0734 0.0734 
21700 0.0734 0.0734 
21800 0.0734 0.0734 
21900 0.0734 0.0734 
22000 0.0734 0.0734 
22100 0.0734 0.0734 
22200 0.0734 0.0734 
22300 0.0734 0.0734 
22400 0.0734 0.0734 
22500 0.0734 0.0734 
22600 0.0734 0.0734 
22700 0.0734 0.0734 
22800 0.0734 0.0734 
22900 0.0734 0.0734 
23000 0.0734 0.0734 
23100 0.0734 0.0734 
23200 0.0734 0.0734 
23300 0.0734 0.0734 
23400 0.0734 0.0734 
23500 0.0734 0.0734 
23600 0.0734 0.0734 
23700 0.0734 0.0734 
23800 0.0734 0.0734 
23900 0.0734 0.0734 
24000 0.0734 0.0734 
24100 0.0734 0.0734 
24200 0.0734 0.0734 
24300 0.0734 0.0734 
24400 0.0734 0.0734 
24500 0.0611 0.0611 
24600 0.0611 0.0611 
24700 0.0611 0.0611 
24800 0.0611 0.0611 
24900 0.0611 0.0611 
25000 0.0611 0.0611 
25100 0.0611 0.0611 
25200 0.0611 0.0611 
25300 0.0611 0.0611 
25400 0.0611 0.0611 
25500 0.0611 0.0611 
25600 0.0611 0.0611 
25700 0.0611 0.0611 
25800 0.0611 0.0611 
25900 0.0611 0.0611 
26000 0.0611 0.0611 
26100 0.0611 0.0611 
26200 0.0611 0.0611 
26300 0.0611 0.0611 
26400 0.0611 0.0611 
26500 0.0611 0.0611 
26600 0.0611 0.0611 
26700 0.0611 0.0611 
26800 0.0611 0.0611 
26900 0.0611 0.0611 
27000 0.0611 0.0611 
27100 0.0611 0.0611 
27200 0.0611 0.0611 
27300 0.0611 0.0611 
27400 0.0611 0.0611 
27500 0.0611 0.0611 
27600 0.0611 0.0611 
27700 0.0611 0.0611 
27800 0.0611 0.0611 
27900 0.0611 0.0611 
28000 0.0611 0.0611 
28100 0.0611 0.0611 
28200 0.0611 0.0611 
28300 0.0611 0.0611 
28400 0.0611 0.0611 
28500 0.0611 0.0611 
28600 0.0611 0.0611 
28700 0.0611 0.0611 
28800 0.0611 0.0611 
28900 0.0611 0.0611 
29000 0.0611 0.0611 
29100 0.0611 0.0611 
29200 0.0611 0.0611 
29300 0.0611 0.0611 
29400 0.0611 0.0611 
29500 0.0611 0.0611 
29600 0.0611 0.0611 
29700 0.0611 0.0611 
29800 0.0611 0.0611 
29900 0.0611 0.0611 
30000 0.0611 0.0611 
30100 0.0611 0.0611 
30200 0.0611 0.0611 
30300 0.0611 0.0611 
30400 0.0611 0.0611 
30500 0.0611 0.0611 
30600 0.0611 0.0611 
30700 0.0611 0.0611 
30800 0.0611 0.0611 
30900 0.0611 0.0611 
31000 0.0611 0.0611 
31100 0.0611 0.0611 
31200 0.0611 0.0611 
31300 0.0611 0.0611 
31400 0.0611 0.0611 
31500 0.0611 0.0611 
31600 0.0611 0.0611 
31700 0.0611 0.0611 
31800 0.0597 0.0597 
31900 0.0597 0.0597 
32000 0.0597 0.0597 
32100 0.0597 0.0597 
32200 0.0597 0.0597 
32300 0.0597 0.0597 
32400 0.0597 0.0597 
32500 0.0597 0.0597 
32600 0.0597 0.0597 
32700 0.0597 0.0597 
32800 0.0597 0.0597 
32900 0.0597 0.0597 
33000 0.0597 0.0597 
33100 0.0597 0.0597 
33200 0.0597 0.0597 
33300 0.0597 0.0597 
33400 0.0597 0.0597 
33500 0.0597 0.0597 
33600 0.0597 0.0597 
33700 0.0597 0.0597 
33800 0.0597 0.0597 
33900 0.0597 0.0597 
34000 0.0597 0.0597 
34100 0.0597 0.0597 
34200 0.0597 0.0597 
34300 0.0597 0.0597 
34400 0.0597 0.0597 
34500 0.0597 0.0597 
34600 0.0597 0.0597 
34700 0.0597 0.0597 
34800 0.0597 0.0597 
34900 0.0597 0.0597 
35000 0.0597 0.0597 
35100 0.0597 0.0597 
35200 0.0597 0.0597 
35300 0.0597 0.0597 
35400 0.0597 0.0597 
35500 0.0597 0.0597 
35600 0.0597 0.0597 
35700 0.0597 0.0597 
35800 0.0597 0.0597 
35900 0.0597 0.0597 
36000 0.0597 0.0597 
36100 0.0597 0.0597 
36200 0.0597 0.0597 
36300 0.0597 0.0597 
36400 0.0597 0.0597 
36500 0.0597 0.0597 
36600 0.0597 0.0597 
36700 0.0597 0.0597 
36800 0.0597 0.0597 
36900 0.0597 0.0597 
37000 0.0597 0.0597 
37100 0.0597 0.0597 
37200 0.0597 0.0597 
37300 0.0597 0.0597 
37400 0.0597 0.0597 
37500 0.0597 0.0597 
37600 0.0597 0.0597 
37700 0.0597 0.0597 
37800 0.0597 0.0597 
37900 0.0597 0.0597 
38000 0.0597 0.0597 
38100 0.0597 0.0597 
38200 0.0597 0.0597 
38300 0.0597 0.0597 
38400 0.0597 0.0597 
38500 0.0597 0.0597 
38600 0.0597 0.0597 
38700 0.0597 0.0597 
38800 0.0597 0.0597 
38900 0.0597 0.0597 
39000 0.0597 0.0597 
39100 0.0597 0.0597 
39200 0.0597 0.0597 
39300 0.0597 0.0597 
39400 0.0597 0.0597 
39500 0.0597 0.0597 
39600 0.0597 0.0597 
39700 0.0597 0.0597 
39800 0.0597 0.0597 
39900 0.0597 0.0597 
40000 0.0597 0.0597 
40100 0.0597 0.0597 
40200 0.0597 0.0597 
40300 0.0597 0.0597 
40400 0.0597 0.0597 
40500 0.0597 0.0597 
40600 0.0597 0.0597 
40700 0.0597 0.0597 
40800 0.0597 0.0597 
40900 0.0597 0.0597 
41000 0.0597 0.0597 
41100 0.0597 0.0597 
41200 0.0597 0.0597 
41300 0.0597 0.0597 
41400 0.0597 0.0597 
41500 0.0597 0.0597 
41600 0.0597 0.0597 
41700 0.0597 0.0597 
41800 0.0597 0.0597 
41900 0.0597 0.0597 
42000 0.0597 0.0597 
42100 0.0597 0.0597 
42200 0.0597 0.0597 
42300 0.0597 0.0597 
42400 0.0597 0.0597 
42500 0.0597 0.0597 
42600 0.0597 0.0597 
42700 0.0597 0.0597 
42800 0.0597 0.0597 
42900 0.0597 0.0597 
43000 0.0597 0.0597 
43100 0.0597 0.0597 
43200 0.0597 0.0597 
43300 0.0597 0.0597 
43400 0.0597 0.0597 
43500 0.0597 0.0597 
43600 0.0597 0.0597 
43700 0.0597 0.0597 
43800 0.0597 0.0597 
43900 0.0597 0.0597 
44000 0.0597 0.0597 
44100 0.0597 0.0597 
44200 0.0597 0.0597 
44300 0.0597 0.0597 
44400 0.0597 0.0597 
44500 0.0597 0.0597 
44600 0.0597 0.0597 
44700 0.0597 0.0597 
44800 0.0597 0.0597 
44900 0.0597 0.0597 
45000 0.0597 0.0597 
45100 0.0597 0.0597 
45200 0.0597 0.0597 
45300 0.0597 0.0597 
45400 0.0597 0.0597 
45500 0.0597 0.0597 
45600 0.0597 0.0597 
45700 0.0597 0.0597 
45800 0.0597 0.0597 
45900 0.0597 0.0597 
46000 0.0597 0.0597 
46100 0.0597 0.0597 
46200 0.0597 0.0597 
46300 0.0597 0.0597 
46400 0.0597 0.0597 
46500 0.0597 0.0597 
46600 0.0597 0.0597 
46700 0.0597 0.0597 
46800 0.0597 0.0597 
46900 0.0597 0.0597 
47000 0.0597 0.0597 
47100 0.0597 0.0597 
47200 0.0597 0.0597 
47300 0.0597 0.0597 
47400 0.0597 0.0597 
47500 0.0597 0.0597 
47600 0.0597 0.0597 
47700 0.0597 0.0597 
47800 0.0597 0.0597 
47900 0.0597 0.0597 
48000 0.0597 0.0597 
48100 0.0597 0.0597 
48200 0.0597 0.0597 
48300 0.0597 0.0597 
48400 0.0597 0.0597 
48500 0.0597 0.0597 
48600 0.0597 0.0597 
48700 0.0597 0.0597 
48800 0.0597 0.0597 
48900 0.0597 0.0597 
49000 0.0597 0.0597 
49100 0.0597 0.0597 
49200 0.0597 0.0597 
49300 0.0597 0.0597 
49400 0.0597 0.0597 
49500 0.0597 0.0597 
49600 0.0597 0.0597 
49700 0.0597 0.0597 
49800 0.0597 0.0597 
49900 0.0597 0.0597 
50000 0.0597 0.0597 
50100 0.0597 0.0597 
50200 0.0597 0.0597 
50300 0.0597 0.0597 
50400 0.0597 0.0597 
50500 0.0597 0.0597 
50600 0.0597 0.0597 
50700 0.0597 0.0597 
50800 0.0597 0.0597 
50900 0.0597 0.0597 
51000 0.0597 0.0597 
51100 0.0597 0.0597 
51200 0.0597 0.0597 
51300 0.0597 0.0597 
51400 0.0597 0.0597 
51500 0.0597 0.0597 
51600 0.0597 0.0597 
51700 0.0597 0.0597 
51800 0.0597 0.0597 
51900 0.0597 0.0597 
52000 0.0597 0.0597 
52100 0.0597 0.0597 
52200 0.0597 0.0597 
52300 0.0597 0.0597 
52400 0.0597 0.0597 
52500 0.0590 0.0590 
52600 0.0590 0.0590 
52700 0.0590 0.0590 
52800 0.0590 0.0590 
52900 0.0590 0.0590 
53000 0.0590 0.0590 
53100 0.0590 0.0590 
53200 0.0590 0.0590 
53300 0.0590 0.0590 
53400 0.0590 0.0590 
53500 0.0590 0.0590 
53600 0.0590 0.0590 
53700 0.0590 0.0590 
53800 0.0590 0.0590 
53900 0.0590 0.0590 
54000 0.0590 0.0590 
54100 0.0590 0.0590 
54200 0.0590 0.0590 
54300 0.0590 0.0590 
54400 0.0590 0.0590 
54500 0.0590 0.0590 
54600 0.0590 0.0590 
54700 0.0590 0.0590 
54800 0.0590 0.0590 
54900 0.0590 0.0590 
55000 0.0590 0.0590 
55100 0.0590 0.0590 
55200 0.0590 0.0590 
55300 0.0590 0.0590 
55400 0.0590 0.0590 
55500 0.0590 0.0590 
55600 0.0590 0.0590 
55700 0.0590 0.0590 
55800 0.0590 0.0590 
55900 0.0590 0.0590 
56000 0.0590 0.0590 
56100 0.0590 0.0590 
56200 0.0590 0.0590 
56300 0.0590 0.0590 
56400 0.0590 0.0590 
56500 0.0590 0.0590 
56600 0.0590 0.0590 
56700 0.0590 0.0590 
56800 0.0590 0.0590 
56900 0.0590 0.0590 
57000 0.0590 0.0590 
57100 0.0590 0.0590 
57200 0.0590 0.0590 
57300 0.0590 0.0590 
57400 0.0590 0.0590 
57500 0.0590 0.0590 
57600 0.0590 0.0590 
57700 0.0590 0.0590 
57800 0.0590 0.0590 
57900 0.0590 0.0590 
58000 0.0590 0.0590 
58100 0.0590 0.0590 
58200 0.0590 0.0590 
58300 0.0590 0.0590 
58400 0.0590 0.0590 
58500 0.0590 0.0590 
58600 0.0590 0.0590 
58700 0.0590 0.0590 
58800 0.0590 0.0590 
58900 0.0590 0.0590 
59000 0.0590 0.0590 
59100 0.0590 0.0590 
59200 0.0590 0.0590 
59300 0.0590 0.0590 
59400 0.0590 0.0590 
59500 0.0590 0.0590 
59600 0.0590 0.0590 
59700 0.0590 0.0590 
59800 0.0590 0.0590 
59900 0.0590 0.0590 
60000 0.0590 0.0590 
60100 0.0590 0.0590 
60200 0.0590 0.0590 
60300 0.0590 0.0590 
60400 0.0590 0.0590 
60500 0.0590 0.0590 
60600 0.0590 0.0590 
60700 0.0590 0.0590 
60800 0.0590 0.0590 
60900 0.0590 0.0590 
61000 0.0590 0.0590 
61100 0.0590 0.0590 
61200 0.0590 0.0590 
61300 0.0590 0.0590 
61400 0.0590 0.0590 
61500 0.0590 0.0590 
61600 0.0590 0.0590 
61700 0.0590 0.0590 
61800 0.0590 0.0590 
61900 0.0590 0.0590 
62000 0.0590 0.0590 
62100 0.0590 0.0590 
62200 0.0590 0.0590 
62300 0.0590 0.0590 
62400 0.0590 0.0590 
62500 0.0590 0.0590 
62600 0.0590 0.0590 
62700 0.0590 0.0590 
62800 0.0590 0.0590 
62900 0.0590 0.0590 
63000 0.0590 0.0590 
63100 0.0590 0.0590 
63200 0.0590 0.0590 
63300 0.0590 0.0590 
63400 0.0590 0.0590 
63500 0.0590 0.0590 
63600 0.0590 0.0590 
63700 0.0590 0.0590 
63800 0.0590 0.0590 
63900 0.0590 0.0590 
64000 0.0590 0.0590 
64100 0.0590 0.0590 
64200 0.0590 0.0590 
64300 0.0590 0.0590 
64400 0.0590 0.0590 
64500 0.0590 0.0590 
64600 0.0590 0.0590 
64700 0.0590 0.0590 
64800 0.0590 0.0590 
64900 0.0590 0.0590 
65000 0.0590 0.0590 
65100 0.0590 0.0590 
65200 0.0590 0.0590 
65300 0.0590 0.0590 
65400 0.0590 0.0590 
65500 0.0590 0.0590 
65600 0.0590 0.0590 
65700 0.0590 0.0590 
65800 0.0590 0.0590 
65900 0.0590 0.0590 
66000 0.0590 0.0590 
66100 0.0590 0.0590 
66200 0.0590 0.0590 
66300 0.0590 0.0590 
66400 0.0590 0.0590 
66500 0.0590 0.0590 
66600 0.0590 0.0590 
66700 0.0590 0.0590 
66800 0.0529 0.0529 
66900 0.0529 0.0529 
67000 0.0529 0.0529 
67100 0.0529 0.0529 
67200 0.0529 0.0529 
67300 0.0529 0.0529 
67400 0.0529 0.0529 
67500 0.0529 0.0529 
67600 0.0529 0.0529 
67700 0.0529 0.0529 
67800 0.0529 0.0529 
67900 0.0529 0.0529 
68000 0.0529 0.0529 
68100 0.0529 0.0529 
68200 0.0529 0.0529 
68300 0.0529 0.0529 
68400 0.0529 0.0529 
68500 0.0273 0.0273 
68600 0.0273 0.0273 
68700 0.0273 0.0273 
68800 0.0273 0.0273 
68900 0.0273 0.0273 
69000 0.0273 0.0273 
69100 0.0273 0.0273 
69200 0.0273 0.0273 
69300 0.0273 0.0273 
69400 0.0273 0.0273 
69500 0.0273 0.0273 
69600 0.0273 0.0273 
69700 0.0273 0.0273 
69800 0.0273 0.0273 
69900 0.0273 0.0273 
70000 0.0273 0.0273 
70100 0.0273 0.0273 
70200 0.0273 0.0273 
70300 0.0128 0.0128 
70400 0.0128 0.0128 
70500 0.0128 0.0128 
70600 0.0128 0.0128 
70700 0.0128 0.0128 
70800 0.0128 0.0128 
70900 0.0128 0.0128 
71000 0.0128 0.0128 
71100 0.0128 0.0128 
71200 0.0128 0.0128 
71300 0.0128 0.0128 
71400 0.0128 0.0128 
71500 0.0128 0.0128 
71600 0.0128 0.0128 
71700 0.0128 0.0128 
71800 0.0128 0.0128 
71900 0.0128 0.0128 
72000 0.0128 0.0128 
72100 0.0128 0.0128 
72200 0.0128 0.0128 
72300 0.0128 0.0128 
72400 0.0128 0.0128 
72500 0.0128 0.0128 
72600 0.0128 0.0128 
72700 0.0128 0.0128 
72800 0.0128 0.0128 
72900 0.0128 0.0128 
73000 0.0128 0.0128 
73100 0.0128 0.0128 
73200 0.0128 0.0128 
73300 0.0128 0.0128 
73400 0.0128 0.0128 
73500 0.0128 0.0128 
73600 0.0128 0.0128 
73700 0.0128 0.0128 
73800 0.0128 0.0128 
73900 0.0128 0.0128 
74000 0.0128 0.0128 
74100 0.0128 0.0128 
74200 0.0128 0.0128 
74300 0.0128 0.0128 
74400 0.0128 0.0128 
74500 0.0128 0.0128 
74600 0.0128 0.0128 
74700 0.0128 0.0128 
74800 0.0128 0.0128 
74900 0.0128 0.0128 
75000 0.0128 0.0128 
75100 0.0128 0.0128 
75200 0.0128 0.0128 
75300 0.0128 0.0128 
75400 0.0128 0.0128 
75500 0.0128 0.0128 
75600 0.0128 0.0128 
75700 0.0128 0.0128 
75800 0.0128 0.0128 
75900 0.0128 0.0128 
76000 0.0128 0.0128 
76100 0.0128 0.0128 
76200 0.0128 0.0128 
76300 0.0128 0.0128 
76400 0.0128 0.0128 
76500 0.0128 0.0128 
76600 0.0128 0.0128 
76700 0.0128 0.0128 
76800 0.0128 0.0128 
76900 0.0128 0.0128 
77000 0.0128 0.0128 
77100 0.0128 0.0128 
77200 0.0128 0.0128 
77300 0.0128 0.0128 
77400 0.0128 0.0128 
77500 0.0128 0.0128 
77600 0.0128 0.0128 
77700 0.0128 0.0128 
77800 0.0128 0.0128 
77900 0.0128 0.0128 
78000 0.0128 0.0128 
78100 0.0128 0.0128 
78200 0.0128 0.0128 
78300 0.0128 0.0128 
78400 0.0128 0.0128 
78500 0.0128 0.0128 
78600 0.0128 0.0128 
78700 0.0128 0.0128 
78800 0.0128 0.0128 
78900 0.0128 0.0128 
79000 0.0128 0.0128 
79100 0.0128 0.0128 
79200 0.0128 0.0128 
79300 0.0128 0.0128 
79400 0.0128 0.0128 
79500 0.0128 0.0128 
79600 0.0128 0.0128 
79700 0.0128 0.0128 
79800 0.0128 0.0128 
79900 0.0128 0.0128 
80000 0.0128 0.0128 
80100 0.0128 0.0128 
80200 0.0128 0.0128 
80300 0.0128 0.0128 
80400 0.0128 0.0128 
80500 0.0128 0.0128 
80600 0.0128 0.0128 
80700 0.0128 0.0128 
80800 0.0128 0.0128 
80900 0.0128 0.0128 
81000 0.0128 0.0128 
81100 0.0128 0.0128 
81200 0.0128 0.0128 
81300 0.0128 0.0128 
81400 0.0128 0.0128 
81500 0.0128 0.0128 
81600 0.0128 0.0128 
81700 0.0128 0.0128 
81800 0.0128 0.0128 
81900 0.0128 0.0128 
82000 0.0128 0.0128 
82100 0.0128 0.0128 
82200 0.0128 0.0128 
82300 0.0128 0.0128 
82400 0.0128 0.0128 
82500 0.0128 0.0128 
82600 0.0128 0.0128 
82700 0.0128 0.0128 
82800 0.0128 0.0128 
82900 0.0128 0.0128 
83000 0.0128 0.0128 
83100 0.0128 0.0128 
83200 0.0128 0.0128 
83300 0.0128 0.0128 
83400 0.0128 0.0128 
83500 0.0128 0.0128 
83600 0.0128 0.0128 
83700 0.0128 0.0128 
83800 0.0128 0.0128 
83900 0.0128 0.0128 
84000 0.0128 0.0128 
84100 0.0128 0.0128 
84200 0.0128 0.0128 
84300 0.0128 0.0128 
84400 0.0128 0.0128 
84500 0.0128 0.0128 
84600 0.0128 0.0128 
84700 0.0128 0.0128 
84800 0.0128 0.0128 
84900 0.0128 0.0128 
85000 0.0128 0.0128 
85100 0.0128 0.0128 
85200 0.0128 0.0128 
85300 0.0128 0.0128 
85400 0.0128 0.0128 
85500 0.0128 0.0128 
85600 0.0128 0.0128 
85700 0.0128 0.0128 
85800 0.0128 0.0128 
85900 0.0128 0.0128 
86000 0.0128 0.0128 
86100 0.0128 0.0128 
86200 0.0128 0.0128 
86300 0.0128 0.0128 
86400 0.0128 0.0128 
86500 0.0128 0.0128 
86600 0.0128 0.0128 
86700 0.0128 0.0128 
86800 0.0128 0.0128 
86900 0.0128 0.0128 
87000 0.0128 0.0128 
87100 0.0128 0.0128 
87200 0.0128 0.0128 
87300 0.0128 0.0128 
87400 0.0128 0.0128 
87500 0.0128 0.0128 
87600 0.0128 0.0128 
87700 0.0128 0.0128 
87800 0.0128 0.0128 
87900 0.0128 0.0128 
88000 0.0128 0.0128 
88100 0.0128 0.0128 
88200 0.0128 0.0128 
88300 0.0128 0.0128 
88400 0.0128 0.0128 
88500 0.0128 0.0128 
88600 0.0128 0.0128 
88700 0.0128 0.0128 
88800 0.0128 0.0128 
88900 0.0128 0.0128 
89000 0.0128 0.0128 
89100 0.0128 0.0128 
89200 0.0128 0.0128 
89300 0.0128 0.0128 
89400 0.0128 0.0128 
89500 0.0128 0.0128 
89600 0.0128 0.0128 
89700 0.0128 0.0128 
89800 0.0128 0.0128 
89900 0.0128 0.0128 
90000 0.0128 0.0128 
90100 0.0128 0.0128 
90200 0.0128 0.0128 
90300 0.0128 0.0128 
90400 0.0128 0.0128 
90500 0.0128 0.0128 
90600 0.0128 0.0128 
90700 0.0128 0.0128 
90800 0.0128 0.0128 
90900 0.0128 0.0128 
91000 0.0128 0.0128 
91100 0.0128 0.0128 
91200 0.0128 0.0128 
91300 0.0128 0.0128 
91400 0.0128 0.0128 
91500 0.0128 0.0128 
91600 0.0128 0.0128 
91700 0.0128 0.0128 
91800 0.0128 0.0128 
91900 0.0128 0.0128 
92000 0.0128 0.0128 
92100 0.0128 0.0128 
92200 0.0128 0.0128 
92300 0.0128 0.0128 
92400 0.0128 0.0128 
92500 0.0128 0.0128 
92600 0.0128 0.0128 
92700 0.0128 0.0128 
92800 0.0128 0.0128 
92900 0.0128 0.0128 
93000 0.0128 0.0128 
93100 0.0128 0.0128 
93200 0.0128 0.0128 
93300 0.0128 0.0128 
93400 0.0128 0.0128 
93500 0.0128 0.0128 
93600 0.0128 0.0128 
93700 0.0128 0.0128 
93800 0.0128 0.0128 
93900 0.0128 0.0128 
94000 0.0128 0.0128 
94100 0.0128 0.0128 
94200 0.0128 0.0128 
94300 0.0128 0.0128 
94400 0.0128 0.0128 
94500 0.0128 0.0128 
94600 0.0128 0.0128 
94700 0.0128 0.0128 
94800 0.0128 0.0128 
94900 0.0128 0.0128 
95000 0.0128 0.0128 
95100 0.0128 0.0128 
95200 0.0128 0.0128 
95300 0.0128 0.0128 
95400 0.0128 0.0128 
95500 0.0128 0.0128 
95600 0.0128 0.0128 
95700 0.0128 0.0128 
95800 0.0128 0.0128 
95900 0.0128 0.0128 
96000 0.0128 0.0128 
96100 0.0128 0.0128 
96200 0.0128 0.0128 
96300 0.0128 0.0128 
96400 0.0128 0.0128 
96500 0.0128 0.0128 
96600 0.0128 0.0128 
96700 0.0128 0.0128 
96800 0.0128 0.0128 
96900 0.0128 0.0128 
97000 0.0128 0.0128 
97100 0.0128 0.0128 
97200 0.0128 0.0128 
97300 0.0128 0.0128 
97400 0.0128 0.0128 
97500 0.0128 0.0128 
97600 0.0128 0.0128 
97700 0.0128 0.0128 
97800 0.0128 0.0128 
97900 0.0128 0.0128 
98000 0.0128 0.0128 
98100 0.0128 0.0128 
98200 0.0128 0.0128 
98300 0.0128 0.0128 
98400 0.0128 0.0128 
98500 0.0128 0.0128 
98600 0.0128 0.0128 
98700 0.0128 0.0128 
98800 0.0128 0.0128 
98900 0.0128 0.0128 
99000 0.0128 0.0128 
99100 0.0128 0.0128 
99200 0.0128 0.0128 
99300 0.0128 0.0128 
99400 0.0128 0.0128 
99500 0.0128 0.0128 
99600 0.0128 0.0128 
99700 0.0128 0.0128 
99800 0.0128 0.0128 
99900 0.0128 0.0128 
100000 0.0128 0.0128 
100100 0.0128 0.0128 
100200 0.0128 0.0128 
100300 0.0128 0.0128 
100400 0.0128 0.0128 
100500 0.0128 0.0128 
100600 0.0128 0.0128 
100700 0.0128 0.0128 
100800 0.0128 0.0128 
100900 0.0128 0.0128 
101000 0.0128 0.0128 
101100 0.0128 0.0128 
101200 0.0128 0.0128 
101300 0.0128 0.0128 
101400 0.0128 0.0128 
101500 0.0128 0.0128 
101600 0.0128 0.0128 
101700 0.0128 0.0128 
101800 0.0128 0.0128 
101900 0.0128 0.0128 
102000 0.0128 0.0128 
102100 0.0128 0.0128 
102200 0.0128 0.0128 
102300 0.0128 0.0128 
102400 0.0128 0.0128 
102500 0.0128 0.0128 
102600 0.0128 0.0128 
102700 0.0128 0.0128 
102800 0.0128 0.0128 
102900 0.0128 0.0128 
103000 0.0128 0.0128 
103100 0.0128 0.0128 
103200 0.0128 0.0128 
103300 0.0128 0.0128 
103400 0.0128 0.0128 
103500 0.0128 0.0128 
103600 0.0128 0.0128 
103700 0.0128 0.0128 
103800 0.0128 0.0128 
103900 0.0128 0.0128 
104000 0.0128 0.0128 
104100 0.0128 0.0128 
104200 0.0128 0.0128 
104300 0.0128 0.0128 
104400 0.0128 0.0128 
104500 0.0128 0.0128 
104600 0.0128 0.0128 
104700 0.0128 0.0128 
104800 0.0128 0.0128 
104900 0.0128 0.0128 
105000 0.0128 0.0128 
105100 0.0128 0.0128 
105200 0.0128 0.0128 
105300 0.0128 0.0128 
105400 0.0128 0.0128 
105500 0.0128 0.0128 
105600 0.0128 0.0128 
105700 0.0128 0.0128 
105800 0.0128 0.0128 
105900 0.0128 0.0128 
106000 0.0128 0.0128 
106100 0.0128 0.0128 
106200 0.0128 0.0128 
106300 0.0128 0.0128 
106400 0.0128 0.0128 
106500 0.0128 0.0128 
106600 0.0128 0.0128 
106700 0.0128 0.0128 
106800 0.0128 0.0128 
106900 0.0128 0.0128 
107000 0.0128 0.0128 
107100 0.0128 0.0128 
107200 0.0128 0.0128 
107300 0.0128 0.0128 
107400 0.0128 0.0128 
107500 0.0128 0.0128 
107600 0.0128 0.0128 
107700 0.0128 0.0128 
107800 0.0128 0.0128 
107900 0.0128 0.0128 
108000 0.0128 0.0128 
108100 0.0128 0.0128 
108200 0.0128 0.0128 
108300 0.0128 0.0128 
108400 0.0128 0.0128 
108500 0.0128 0.0128 
108600 0.0128 0.0128 
108700 0.0128 0.0128 
108800 0.0128 0.0128 
108900 0.0128 0.0128 
109000 0.0128 0.0128 
109100 0.0128 0.0128 
109200 0.0128 0.0128 
109300 0.0128 0.0128 
109400 0.0128 0.0128 
109500 0.0128 0.0128 
109600 0.0128 0.0128 
109700 0.0128 0.0128 
109800 0.0128 0.0128 
109900 0.0128 0.0128 
110000 0.0128 0.0128 
110100 0.0128 0.0128 
110200 0.0128 0.0128 
110300 0.0128 0.0128 
110400 0.0128 0.0128 
110500 0.0128 0.0128 
110600 0.0128 0.0128 
110700 0.0128 0.0128 
110800 0.0128 0.0128 
110900 0.0128 0.0128 
111000 0.0128 0.0128 
111100 0.0128 0.0128 
111200 0.0128 0.0128 
111300 0.0128 0.0128 
111400 0.0128 0.0128 
111500 0.0128 0.0128 
111600 0.0128 0.0128 
111700 0.0128 0.0128 
111800 0.0128 0.0128 
111900 0.0128 0.0128 
112000 0.0128 0.0128 
112100 0.0128 0.0128 
112200 0.0128 0.0128 
112300 0.0128 0.0128 
112400 0.0128 0.0128 
112500 0.0128 0.0128 
112600 0.0128 0.0128 
112700 0.0128 0.0128 
112800 0.0128 0.0128 
112900 0.0128 0.0128 
113000 0.0128 0.0128 
113100 0.0128 0.0128 
113200 0.0128 0.0128 
113300 0.0128 0.0128 
113400 0.0128 0.0128 
113500 0.0128 0.0128 
113600 0.0128 0.0128 
113700 0.0128 0.0128 
113800 0.0128 0.0128 
113900 0.0128 0.0128 
114000 0.0128 0.0128 
114100 0.0128 0.0128 
114200 0.0128 0.0128 
114300 0.0128 0.0128 
114400 0.0128 0.0128 
114500 0.0128 0.0128 
114600 0.0128 0.0128 
114700 0.0128 0.0128 
114800 0.0128 0.0128 
114900 0.0128 0.0128 
115000 0.0128 0.0128 
115100 0.0128 0.0128 
115200 0.0128 0.0128 
115300 0.0128 0.0128 
115400 0.0128 0.0128 
115500 0.0128 0.0128 
115600 0.0128 0.0128 
115700 0.0128 0.0128 
115800 0.0128 0.0128 
115900 0.0128 0.0128 
116000 0.0128 0.0128 
116100 0.0128 0.0128 
116200 0.0128 0.0128 
116300 0.0128 0.0128 
116400 0.0128 0.0128 
116500 0.0128 0.0128 
116600 0.0128 0.0128 
116700 0.0128 0.0128 
116800 0.0128 0.0128 
116900 0.0128 0.0128 
117000 0.0128 0.0128 
117100 0.0128 0.0128 
117200 0.0128 0.0128 
117300 0.0128 0.0128 
117400 0.0128 0.0128 
117500 0.0128 0.0128 
117600 0.0128 0.0128 
117700 0.0128 0.0128 
117800 0.0128 0.0128 
117900 0.0128 0.0128 
118000 0.0128 0.0128 
118100 0.0128 0.0128 
118200 0.0128 0.0128 
118300 0.0128 0.0128 
118400 0.0128 0.0128 
118500 0.0128 0.0128 
118600 0.0128 0.0128 
118700 0.0128 0.0128 
118800 0.0128 0.0128 
118900 0.0128 0.0128 
119000 0.0128 0.0128 
119100 0.0128 0.0128 
119200 0.0128 0.0128 
119300 0.0128 0.0128 
119400 0.0128 0.0128 
119500 0.0128 0.0128 
119600 0.0128 0.0128 
119700 0.0128 0.0128 
119800 0.0128 0.0128 
119900 0.0128 0.0128 
120000 0.0128 0.0128 
120100 0.0128 0.0128 
120200 0.0128 0.0128 
120300 0.0128 0.0128 
120400 0.0128 0.0128 
120500 0.0128 0.0128 
120600 0.0128 0.0128 
120700 0.0128 0.0128 
120800 0.0128 0.0128 
120900 0.0128 0.0128 
121000 0.0128 0.0128 
121100 0.0107 0.0107 
121200 0.0107 0.0107 
121300 0.0107 0.0107 
121400 0.0107 0.0107 
121500 0.0107 0.0107 
121600 0.0107 0.0107 
121700 0.0107 0.0107 
121800 0.0107 0.0107 
121900 0.0107 0.0107 
122000 0.0107 0.0107 
122100 0.0107 0.0107 
122200 0.0107 0.0107 
122300 0.0107 0.0107 
122400 0.0107 0.0107 
122500 0.0107 0.0107 
122600 0.0107 0.0107 
122700 0.0107 0.0107 
122800 0.0107 0.0107 
122900 0.0107 0.0107 
123000 0.0107 0.0107 
123100 0.0107 0.0107 
123200 0.0107 0.0107 
123300 0.0107 0.0107 
123400 0.0107 0.0107 
123500 0.0107 0.0107 
123600 0.0107 0.0107 
123700 0.0107 0.0107 
123800 0.0107 0.0107 
123900 0.0107 0.0107 
124000 0.0107 0.0107 
124100 0.0107 0.0107 
124200 0.0107 0.0107 
124300 0.0107 0.0107 
124400 0.0107 0.0107 
124500 0.0107 0.0107 
124600 0.0107 0.0107 
124700 0.0107 0.0107 
124800 0.0107 0.0107 
124900 0.0107 0.0107 
125000 0.0107 0.0107 
125100 0.0107 0.0107 
125200 0.0107 0.0107 
125300 0.0107 0.0107 
125400 0.0107 0.0107 
125500 0.0107 0.0107 
125600 0.0107 0.0107 
125700 0.0107 0.0107 
125800 0.0107 0.0107 
125900 0.0107 0.0107 
126000 0.0107 0.0107 
126100 0.0107 0.0107 
126200 0.0107 0.0107 
126300 0.0107 0.0107 
126400 0.0107 0.0107 
126500 0.0107 0.0107 
126600 0.0107 0.0107 
126700 0.0107 0.0107 
126800 0.0107 0.0107 
126900 0.0107 0.0107 
127000 0.0107 0.0107 
127100 0.0107 0.0107 
127200 0.0107 0.0107 
127300 0.0107 0.0107 
127400 0.0107 0.0107 
127500 0.0107 0.0107 
127600 0.0107 0.0107 
127700 0.0107 0.0107 
127800 0.0107 0.0107 
127900 0.0107 0.0107 
128000 0.0107 0.0107 
128100 0.0107 0.0107 
128200 0.0107 0.0107 
128300 0.0107 0.0107 
128400 0.0107 0.0107 
128500 0.0107 0.0107 
128600 0.0107 0.0107 
128700 0.0107 0.0107 
128800 0.0107 0.0107 
128900 0.0107 0.0107 
129000 0.0107 0.0107 
129100 0.0107 0.0107 
129200 0.0107 0.0107 
129300 0.0107 0.0107 
129400 0.0107 0.0107 
129500 0.0107 0.0107 
129600 0.0107 0.0107 
129700 0.0107 0.0107 
129800 0.0107 0.0107 
129900 0.0107 0.0107 
130000 0.0107 0.0107 
130100 0.0107 0.0107 
130200 0.0107 0.0107 
130300 0.0107 0.0107 
130400 0.0107 0.0107 
130500 0.0107 0.0107 
130600 0.0107 0.0107 
130700 0.0107 0.0107 
130800 0.0107 0.0107 
130900 0.0107 0.0107 
131000 0.0107 0.0107 
131100 0.0107 0.0107 
131200 0.0107 0.0107 
131300 0.0107 0.0107 
131400 0.0107 0.0107 
131500 0.0107 0.0107 
131600 0.0107 0.0107 
131700 0.0107 0.0107 
131800 0.0107 0.0107 
131900 0.0107 0.0107 
132000 0.0107 0.0107 
132100 0.0107 0.0107 
132200 0.0107 0.0107 
132300 0.0107 0.0107 
132400 0.0107 0.0107 
132500 0.0107 0.0107 
132600 0.0107 0.0107 
132700 0.0107 0.0107 
132800 0.0107 0.0107 
132900 0.0107 0.0107 
133000 0.0107 0.0107 
133100 0.0107 0.0107 
133200 0.0107 0.0107 
133300 0.0107 0.0107 
133400 0.0107 0.0107 
133500 0.0107 0.0107 
133600 0.0107 0.0107 
133700 0.0107 0.0107 
133800 0.0107 0.0107 
133900 0.0107 0.0107 
134000 0.0107 0.0107 
134100 0.0107 0.0107 
134200 0.0107 0.0107 
134300 0.0107 0.0107 
134400 0.0107 0.0107 
134500 0.0107 0.0107 
134600 0.0107 0.0107 
134700 0.0107 0.0107 
134800 0.0107 0.0107 
134900 0.0107 0.0107 
135000 0.0107 0.0107 
135100 0.0107 0.0107 
135200 0.0107 0.0107 
135300 0.0107 0.0107 
135400 0.0107 0.0107 
135500 0.0107 0.0107 
135600 0.0107 0.0107 
135700 0.0107 0.0107 
135800 0.0107 0.0107 
135900 0.0107 0.0107 
136000 0.0107 0.0107 
136100 0.0107 0.0107 
136200 0.0107 0.0107 
136300 0.0107 0.0107 
136400 0.0107 0.0107 
136500 0.0107 0.0107 
136600 0.0107 0.0107 
136700 0.0107 0.0107 
136800 0.0107 0.0107 
136900 0.0107 0.0107 
137000 0.0107 0.0107 
137100 0.0107 0.0107 
137200 0.0107 0.0107 
137300 0.0107 0.0107 
137400 0.0107 0.0107 
137500 0.0107 0.0107 
137600 0.0107 0.0107 
137700 0.0107 0.0107 
137800 0.0107 0.0107 
137900 0.0107 0.0107 
138000 0.0107 0.0107 
138100 0.0107 0.0107 
138200 0.0107 0.0107 
138300 0.0107 0.0107 
138400 0.0107 0.0107 
138500 0.0107 0.0107 
138600 0.0107 0.0107 
138700 0.0107 0.0107 
138800 0.0107 0.0107 
138900 0.0107 0.0107 
139000 0.0107 0.0107 
139100 0.0107 0.0107 
139200 0.0107 0.0107 
139300 0.0107 0.0107 
139400 0.0107 0.0107 
139500 0.0107 0.0107 
139600 0.0107 0.0107 
139700 0.0107 0.0107 
139800 0.0107 0.0107 
139900 0.0107 0.0107 
140000 0.0107 0.0107 
140100 0.0107 0.0107 
140200 0.0107 0.0107 
140300 0.0107 0.0107 
140400 0.0107 0.0107 
140500 0.0107 0.0107 
140600 0.0107 0.0107 
140700 0.0107 0.0107 
140800 0.0107 0.0107 
140900 0.0107 0.0107 
141000 0.0107 0.0107 
141100 0.0107 0.0107 
141200 0.0107 0.0107 
141300 0.0107 0.0107 
141400 0.0107 0.0107 
141500 0.0107 0.0107 
141600 0.0107 0.0107 
141700 0.0107 0.0107 
141800 0.0107 0.0107 
141900 0.0107 0.0107 
142000 0.0107 0.0107 
142100 0.0082 0.0082 
142200 0.0082 0.0082 
142300 0.0082 0.0082 
142400 0.0082 0.0082 
142500 0.0082 0.0082 
142600 0.0082 0.0082 
142700 0.0082 0.0082 
142800 0.0082 0.0082 
142900 0.0082 0.0082 
143000 0.0082 0.0082 
143100 0.0082 0.0082 
143200 0.0082 0.0082 
143300 0.0082 0.0082 
143400 0.0082 0.0082 
143500 0.0082 0.0082 
143600 0.0082 0.0082 
143700 0.0082 0.0082 
143800 0.0082 0.0082 
143900 0.0082 0.0082 
144000 0.0082 0.0082 
144100 0.0082 0.0082 
144200 0.0082 0.0082 
144300 0.0082 0.0082 
144400 0.0082 0.0082 
144500 0.0082 0.0082 
144600 0.0082 0.0082 
144700 0.0082 0.0082 
144800 0.0082 0.0082 
144900 0.0082 0.0082 
145000 0.0082 0.0082 
145100 0.0082 0.0082 
145200 0.0082 0.0082 
145300 0.0082 0.0082 
145400 0.0082 0.0082 
145500 0.0082 0.0082 
145600 0.0082 0.0082 
145700 0.0082 0.0082 
145800 0.0082 0.0082 
145900 0.0082 0.0082 
146000 0.0082 0.0082 
146100 0.0082 0.0082 
146200 0.0082 0.0082 
146300 0.0082 0.0082 
146400 0.0082 0.0082 
146500 0.0082 0.0082 
146600 0.0082 0.0082 
146700 0.0082 0.0082 
146800 0.0082 0.0082 
146900 0.0082 0.0082 
147000 0.0082 0.0082 
147100 0.0082 0.0082 
147200 0.0082 0.0082 
147300 0.0082 0.0082 
147400 0.0082 0.0082 
147500 0.0082 0.0082 
147600 0.0082 0.0082 
147700 0.0082 0.0082 
147800 0.0082 0.0082 
147900 0.0082 0.0082 
148000 0.0082 0.0082 
148100 0.0082 0.0082 
148200 0.0082 0.0082 
148300 0.0082 0.0082 
148400 0.0082 0.0082 
148500 0.0082 0.0082 
148600 0.0082 0.0082 
148700 0.0082 0.0082 
148800 0.0082 0.0082 
148900 0.0082 0.0082 
149000 0.0082 0.0082 
149100 0.0082 0.0082 
149200 0.0082 0.0082 
149300 0.0082 0.0082 
149400 0.0082 0.0082 
149500 0.0082 0.0082 
149600 0.0082 0.0082 
149700 0.0082 0.0082 
149800 0.0082 0.0082 
149900 0.0082 0.0082 
150000 0.0082 0.0082 
150100 0.0082 0.0082 
150200 0.0082 0.0082 
150300 0.0082 0.0082 
150400 0.0082 0.0082 
150500 0.0082 0.0082 
150600 0.0082 0.0082 
150700 0.0082 0.0082 
150800 0.0082 0.0082 
150900 0.0082 0.0082 
151000 0.0082 0.0082 
151100 0.0082 0.0082 
151200 0.0082 0.0082 
151300 0.0082 0.0082 
151400 0.0082 0.0082 
151500 0.0082 0.0082 
151600 0.0082 0.0082 
151700 0.0082 0.0082 
151800 0.0082 0.0082 
151900 0.0082 0.0082 
152000 0.0082 0.0082 
152100 0.0082 0.0082 
152200 0.0082 0.0082 
152300 0.0082 0.0082 
152400 0.0082 0.0082 
152500 0.0082 0.0082 
152600 0.0082 0.0082 
152700 0.0082 0.0082 
152800 0.0082 0.0082 
152900 0.0082 0.0082 
153000 0.0082 0.0082 
153100 0.0082 0.0082 
153200 0.0082 0.0082 
153300 0.0082 0.0082 
153400 0.0082 0.0082 
153500 0.0082 0.0082 
153600 0.0082 0.0082 
153700 0.0082 0.0082 
153800 0.0082 0.0082 
153900 0.0082 0.0082 
154000 0.0070 0.0070 
154100 0.0070 0.0070 
154200 0.0070 0.0070 
154300 0.0070 0.0070 
154400 0.0070 0.0070 
154500 0.0070 0.0070 
154600 0.0070 0.0070 
154700 0.0027 0.0027 
154800 0.0027 0.0027 
154900 0.0027 0.0027 
155000 0.0027 0.0027 
155100 0.0027 0.0027 
155200 0.0027 0.0027 
155300 0.0027 0.0027 
155400 0.0027 0.0027 
155500 0.0027 0.0027 
155600 0.0027 0.0027 
155700 0.0027 0.0027 
155800 0.0027 0.0027 
155900 0.0027 0.0027 
156000 0.0027 0.0027 
156100 0.0027 0.0027 
156200 0.0027 0.0027 
156300 0.0027 0.0027 
156400 0.0027 0.0027 
156500 0.0027 0.0027 
156600 0.0027 0.0027 
156700 0.0027 0.0027 
156800 0.0027 0.0027 
156900 0.0027 0.0027 
157000 0.0027 0.0027 
157100 0.0027 0.0027 
157200 0.0027 0.0027 
157300 0.0027 0.0027 
157400 0.0027 0.0027 
157500 0.0027 0.0027 
157600 0.0027 0.0027 
157700 0.0027 0.0027 
157800 0.0027 0.0027 
157900 0.0027 0.0027 
158000 0.0027 0.0027 
158100 0.0027 0.0027 
158200 0.0027 0.0027 
158300 0.0027 0.0027 
158400 0.0027 0.0027 
158500 0.0027 0.0027 
158600 0.0027 0.0027 
158700 0.0027 0.0027 
158800 0.0027 0.0027 
158900 0.0027 0.0027 
159000 0.0027 0.0027 
159100 0.0027 0.0027 
159200 0.0027 0.0027 
159300 0.0027 0.0027 
159400 0.0027 0.0027 
159500 0.0027 0.0027 
159600 0.0027 0.0027 
159700 0.0027 0.0027 
159800 0.0027 0.0027 
159900 0.0027 0.0027 
160000 0.0027 0.0027 
160100 0.0027 0.0027 
160200 0.0027 0.0027 
160300 0.0027 0.0027 
160400 0.0027 0.0027 
160500 0.0027 0.0027 
160600 0.0027 0.0027 
160700 0.0027 0.0027 
160800 0.0027 0.0027 
160900 0.0027 0.0027 
161000 0.0027 0.0027 
161100 0.0027 0.0027 
161200 0.0027 0.0027 
161300 0.0027 0.0027 
161400 0.0027 0.0027 
161500 0.0027 0.0027 
161600 0.0027 0.0027 
161700 0.0027 0.0027 
161800 0.0027 0.0027 
161900 0.0027 0.0027 
162000 0.0027 0.0027 
162100 0.0027 0.0027 
162200 0.0027 0.0027 
162300 0.0027 0.0027 
162400 0.0027 0.0027 
162500 0.0027 0.0027 
162600 0.0027 0.0027 
162700 0.0027 0.0027 
162800 0.0027 0.0027 
162900 0.0027 0.0027 
163000 0.0027 0.0027 
163100 0.0027 0.0027 
163200 0.0027 0.0027 
163300 0.0027 0.0027 
163400 0.0027 0.0027 
163500 0.0027 0.0027 
163600 0.0027 0.0027 
163700 0.0027 0.0027 
163800 0.0027 0.0027 
163900 0.0027 0.0027 
164000 0.0027 0.0027 
164100 0.0027 0.0027 
164200 0.0027 0.0027 
164300 0.0027 0.0027 
164400 0.0027 0.0027 
164500 0.0027 0.0027 
164600 0.0027 0.0027 
164700 0.0027 0.0027 
164800 0.0027 0.0027 
164900 0.0027 0.0027 
165000 0.0027 0.0027 
165100 0.0027 0.0027 
165200 0.0027 0.0027 
165300 0.0027 0.0027 
165400 0.0027 0.0027 
165500 0.0027 0.0027 
165600 0.0027 0.0027 
165700 0.0027 0.0027 
165800 0.0027 0.0027 
165900 0.0027 0.0027 
166000 0.0027 0.0027 
166100 0.0027 0.0027 
166200 0.0027 0.0027 
166300 0.0027 0.0027 
166400 0.0027 0.0027 
166500 0.0027 0.0027 
166600 0.0027 0.0027 
166700 0.0027 0.0027 
166800 0.0027 0.0027 
166900 0.0027 0.0027 
167000 0.0027 0.0027 
167100 0.0027 0.0027 
167200 0.0027 0.0027 
167300 0.0027 0.0027 
167400 0.0027 0.0027 
167500 0.0027 0.0027 
167600 0.0027 0.0027 
167700 0.0027 0.0027 
167800 0.0027 0.0027 
167900 0.0027 0.0027 
168000 0.0027 0.0027 
168100 0.0027 0.0027 
168200 0.0027 0.0027 
168300 0.0027 0.0027 
168400 0.0027 0.0027 
168500 0.0027 0.0027 
168600 0.0027 0.0027 
168700 0.0027 0.0027 
168800 0.0027 0.0027 
168900 0.0027 0.0027 
169000 0.0027 0.0027 
169100 0.0027 0.0027 
169200 0.0027 0.0027 
169300 0.0027 0.0027 
169400 0.0027 0.0027 
169500 0.0027 0.0027 
169600 0.0027 0.0027 
169700 0.0027 0.0027 
169800 0.0027 0.0027 
169900 0.0027 0.0027 
170000 0.0027 0.0027 
170100 0.0027 0.0027 
170200 0.0027 0.0027 
170300 0.0027 0.0027 
170400 0.0027 0.0027 
170500 0.0027 0.0027 
170600 0.0027 0.0027 
170700 0.0027 0.0027 
170800 0.0027 0.0027 
170900 0.0027 0.0027 
171000 0.0027 0.0027 
171100 0.0027 0.0027 
171200 0.0027 0.0027 
171300 0.0027 0.0027 
171400 0.0027 0.0027 
171500 0.0027 0.0027 
171600 0.0027 0.0027 
171700 0.0027 0.0027 
171800 0.0027 0.0027 
171900 0.0027 0.0027 
172000 0.0027 0.0027 
172100 0.0027 0.0027 
172200 0.0027 0.0027 
172300 0.0027 0.0027 
172400 0.0027 0.0027 
172500 0.0027 0.0027 
172600 0.0027 0.0027 
172700 0.0027 0.0027 
172800 0.0027 0.0027 
172900 0.0027 0.0027 
173000 0.0027 0.0027 
173100 0.0027 0.0027 
173200 0.0027 0.0027 
173300 0.0027 0.0027 
173400 0.0027 0.0027 
173500 0.0027 0.0027 
173600 0.0027 0.0027 
173700 0.0027 0.0027 
173800 0.0027 0.0027 
173900 0.0027 0.0027 
174000 0.0027 0.0027 
174100 0.0027 0.0027 
174200 0.0027 0.0027 
174300 0.0027 0.0027 
174400 0.0027 0.0027 
174500 0.0027 0.0027 
174600 0.0027 0.0027 
174700 0.0027 0.0027 
174800 0.0027 0.0027 
174900 0.0027 0.0027 
175000 0.0027 0.0027 
175100 0.0027 0.0027 
175200 0.0027 0.0027 
175300 0.0027 0.0027 
175400 0.0027 0.0027 
175500 0.0027 0.0027 
175600 0.0027 0.0027 
175700 0.0027 0.0027 
175800 0.0027 0.0027 
175900 0.0027 0.0027 
176000 0.0027 0.0027 
176100 0.0027 0.0027 
176200 0.0027 0.0027 
176300 0.0027 0.0027 
176400 0.0027 0.0027 
176500 0.0027 0.0027 
176600 0.0027 0.0027 
176700 0.0027 0.0027 
176800 0.0027 0.0027 
176900 0.0027 0.0027 
177000 0.0027 0.0027 
177100 0.0027 0.0027 
177200 0.0027 0.0027 
177300 0.0027 0.0027 
177400 0.0027 0.0027 
177500 0.0027 0.0027 
177600 0.0027 0.0027 
177700 0.0027 0.0027 
177800 0.0027 0.0027 
177900 0.0027 0.0027 
178000 0.0027 0.0027 
178100 0.0027 0.0027 
178200 0.0027 0.0027 
178300 0.0027 0.0027 
178400 0.0027 0.0027 
178500 0.0027 0.0027 
178600 0.0027 0.0027 
178700 0.0027 0.0027 
178800 0.0027 0.0027 
178900 0.0027 0.0027 
179000 0.0027 0.0027 
179100 0.0027 0.0027 
179200 0.0027 0.0027 
179300 0.0027 0.0027 
179400 0.0027 0.0027 
179500 0.0027 0.0027 
179600 0.0027 0.0027 
179700 0.0027 0.0027 
179800 0.0027 0.0027 
179900 0.0027 0.0027 
180000 0.0027 0.0027 
180100 0.0027 0.0027 
180200 0.0027 0.0027 
180300 0.0027 0.0027 
180400 0.0027 0.0027 
180500 0.0027 0.0027 
180600 0.0027 0.0027 
180700 0.0027 0.0027 
180800 0.0027 0.0027 
180900 0.0027 0.0027 
181000 0.0027 0.0027 
181100 0.0027 0.0027 
181200 0.0027 0.0027 
181300 0.0027 0.0027 
181400 0.0027 0.0027 
181500 0.0027 0.0027 
181600 0.0027 0.0027 
181700 0.0027 0.0027 
181800 0.0027 0.0027 
181900 0.0027 0.0027 
182000 0.0027 0.0027 
182100 0.0027 0.0027 
182200 0.0027 0.0027 
182300 0.0027 0.0027 
182400 0.0027 0.0027 
182500 0.0027 0.0027 
182600 0.0027 0.0027 
182700 0.0027 0.0027 
182800 0.0027 0.0027 
182900 0.0027 0.0027 
183000 0.0027 0.0027 
183100 0.0027 0.0027 
183200 0.0027 0.0027 
183300 0.0027 0.0027 
183400 0.0027 0.0027 
183500 0.0027 0.0027 
183600 0.0027 0.0027 
183700 0.0027 0.0027 
183800 0.0027 0.0027 
183900 0.0027 0.0027 
184000 0.0027 0.0027 
184100 0.0027 0.0027 
184200 0.0027 0.0027 
184300 0.0027 0.0027 
184400 0.0027 0.0027 
184500 0.0027 0.0027 
184600 0.0027 0.0027 
184700 0.0027 0.0027 
184800 0.0027 0.0027 
184900 0.0027 0.0027 
185000 0.0027 0.0027 
185100 0.0027 0.0027 
185200 0.0027 0.0027 
185300 0.0027 0.0027 
185400 0.0027 0.0027 
185500 0.0027 0.0027 
185600 0.0027 0.0027 
185700 0.0027 0.0027 
185800 0.0027 0.0027 
185900 0.0027 0.0027 
186000 0.0027 0.0027 
186100 0.0027 0.0027 
186200 0.0027 0.0027 
186300 0.0027 0.0027 
186400 0.0027 0.0027 
186500 0.0027 0.0027 
186600 0.0027 0.0027 
186700 0.0027 0.0027 
186800 0.0027 0.0027 
186900 0.0027 0.0027 
187000 0.0027 0.0027 
187100 0.0027 0.0027 
187200 0.0027 0.0027 
187300 0.0027 0.0027 
187400 0.0027 0.0027 
187500 0.0027 0.0027 
187600 0.0027 0.0027 
187700 0.0027 0.0027 
187800 0.0027 0.0027 
187900 0.0027 0.0027 
188000 0.0027 0.0027 
188100 0.0027 0.0027 
188200 0.0027 0.0027 
188300 0.0027 0.0027 
188400 0.0027 0.0027 
188500 0.0027 0.0027 
188600 0.0027 0.0027 
188700 0.0027 0.0027 
188800 0.0027 0.0027 
188900 0.0027 0.0027 
189000 0.0027 0.0027 
189100 0.0027 0.0027 
189200 0.0027 0.0027 
189300 0.0027 0.0027 
189400 0.0027 0.0027 
189500 0.0027 0.0027 
189600 0.0027 0.0027 
189700 0.0027 0.0027 
189800 0.0027 0.0027 
189900 0.0027 0.0027 
190000 0.0027 0.0027 
190100 0.0027 0.0027 
190200 0.0027 0.0027 
190300 0.0027 0.0027 
190400 0.0027 0.0027 
190500 0.0027 0.0027 
190600 0.0027 0.0027 
190700 0.0027 0.0027 
190800 0.0027 0.0027 
190900 0.0027 0.0027 
191000 0.0027 0.0027 
191100 0.0027 0.0027 
191200 0.0027 0.0027 
191300 0.0027 0.0027 
191400 0.0027 0.0027 
191500 0.0027 0.0027 
191600 0.0027 0.0027 
191700 0.0027 0.0027 
191800 0.0027 0.0027 
191900 0.0027 0.0027 
192000 0.0027 0.0027 
192100 0.0027 0.0027 
192200 0.0027 0.0027 
192300 0.0027 0.0027 
192400 0.0027 0.0027 
192500 0.0027 0.0027 
192600 0.0027 0.0027 
192700 0.0027 0.0027 
192800 0.0027 0.0027 
192900 0.0027 0.0027 
193000 0.0027 0.0027 
193100 0.0027 0.0027 
193200 0.0027 0.0027 
193300 0.0027 0.0027 
193400 0.0027 0.0027 
193500 0.0027 0.0027 
193600 0.0027 0.0027 
193700 0.0027 0.0027 
193800 0.0027 0.0027 
193900 0.0027 0.0027 
194000 0.0027 0.0027 
194100 0.0027 0.0027 
194200 0.0027 0.0027 
194300 0.0027 0.0027 
194400 0.0027 0.0027 
194500 0.0027 0.0027 
194600 0.0027 0.0027 
194700 0.0027 0.0027 
194800 0.0027 0.0027 
194900 0.0027 0.0027 
195000 0.0027 0.0027 
195100 0.0027 0.0027 
195200 0.0027 0.0027 
195300 0.0027 0.0027 
195400 0.0027 0.0027 
195500 0.0027 0.0027 
195600 0.0027 0.0027 
195700 0.0027 0.0027 
195800 0.0027 0.0027 
195900 0.0027 0.0027 
196000 0.0027 0.0027 
196100 0.0027 0.0027 
196200 0.0027 0.0027 
196300 0.0027 0.0027 
196400 0.0027 0.0027 
196500 0.0027 0.0027 
196600 0.0027 0.0027 
196700 0.0027 0.0027 
196800 0.0027 0.0027 
196900 0.0027 0.0027 
197000 0.0027 0.0027 
197100 0.0027 0.0027 
197200 0.0027 0.0027 
197300 0.0027 0.0027 
197400 0.0027 0.0027 
197500 0.0027 0.0027 
197600 0.0027 0.0027 
197700 0.0027 0.0027 
197800 0.0027 0.0027 
197900 0.0027 0.0027 
198000 0.0027 0.0027 
198100 0.0027 0.0027 
198200 0.0027 0.0027 
198300 0.0027 0.0027 
198400 0.0027 0.0027 
198500 0.0027 0.0027 
198600 0.0027 0.0027 
198700 0.0027 0.0027 
198800 0.0027 0.0027 
198900 0.0027 0.0027 
199000 0.0027 0.0027 
199100 0.0027 0.0027 
199200 0.0027 0.0027 
199300 0.0027 0.0027 
199400 0.0027 0.0027 
199500 0.0027 0.0027 
199600 0.0027 0.0027 
199700 0.0027 0.0027 
199800 0.0027 0.0027 
199900 0.0027 0.0027 
200000 0.0027 0.0027 
200100 0.0027 0.0027 
200200 0.0027 0.0027 
200300 0.0027 0.0027 
200400 0.0027 0.0027 
200500 0.0027 0.0027 
200600 0.0027 0.0027 
200700 0.0027 0.0027 
200800 0.0027 0.0027 
200900 0.0027 0.0027 
201000 0.0027 0.0027 
201100 0.0027 0.0027 
201200 0.0027 0.0027 
201300 0.0027 0.0027 
201400 0.0027 0.0027 
201500 0.0027 0.0027 
201600 0.0027 0.0027 
201700 0.0027 0.0027 
201800 0.0027 0.0027 
201900 0.0027 0.0027 
202000 0.0027 0.0027 
202100 0.0027 0.0027 
202200 0.0027 0.0027 
202300 0.0027 0.0027 
202400 0.0027 0.0027 
202500 0.0027 0.0027 
202600 0.0027 0.0027 
202700 0.0027 0.0027 
202800 0.0027 0.0027 
202900 0.0027 0.0027 
203000 0.0027 0.0027 
203100 0.0027 0.0027 
203200 0.0027 0.0027 
203300 0.0027 0.0027 
203400 0.0027 0.0027 
203500 0.0027 0.0027 
203600 0.0027 0.0027 
203700 0.0027 0.0027 
203800 0.0027 0.0027 
203900 0.0027 0.0027 
204000 0.0027 0.0027 
204100 0.0027 0.0027 
204200 0.0027 0.0027 
204300 0.0027 0.0027 
204400 0.0027 0.0027 
204500 0.0027 0.0027 
204600 0.0027 0.0027 
204700 0.0027 0.0027 
204800 0.0027 0.0027 
204900 0.0027 0.0027 
205000 0.0027 0.0027 
205100 0.0027 0.0027 
205200 0.0027 0.0027 
205300 0.0027 0.0027 
205400 0.0027 0.0027 
205500 0.0027 0.0027 
205600 0.0027 0.0027 
205700 0.0027 0.0027 
205800 0.0027 0.0027 
205900 0.0027 0.0027 
206000 0.0027 0.0027 
206100 0.0027 0.0027 
206200 0.0027 0.0027 
206300 0.0027 0.0027 
206400 0.0027 0.0027 
206500 0.0027 0.0027 
206600 0.0027 0.0027 
206700 0.0027 0.0027 
206800 0.0027 0.0027 
206900 0.0027 0.0027 
207000 0.0027 0.0027 
207100 0.0027 0.0027 
207200 0.0027 0.0027 
207300 0.0027 0.0027 
207400 0.0027 0.0027 
207500 0.0027 0.0027 
207600 0.0027 0.0027 
207700 0.0027 0.0027 
207800 0.0027 0.0027 
207900 0.0027 0.0027 
208000 0.0027 0.0027 
208100 0.0027 0.0027 
208200 0.0027 0.0027 
208300 0.0027 0.0027 
208400 0.0027 0.0027 
208500 0.0027 0.0027 
208600 0.0027 0.0027 
208700 0.0027 0.0027 
208800 0.0027 0.0027 
208900 0.0027 0.0027 
209000 0.0027 0.0027 
209100 0.0027 0.0027 
209200 0.0027 0.0027 
209300 0.0027 0.0027 
209400 0.0027 0.0027 
209500 0.0027 0.0027 
209600 0.0027 0.0027 
209700 0.0027 0.0027 
209800 0.0027 0.0027 
209900 0.0027 0.0027 
210000 0.0027 0.0027 
210100 0.0027 0.0027 
210200 0.0027 0.0027 
210300 0.0027 0.0027 
210400 0.0027 0.0027 
210500 0.0027 0.0027 
210600 0.0027 0.0027 
210700 0.0027 0.0027 
210800 0.0027 0.0027 
210900 0.0027 0.0027 
211000 0.0027 0.0027 
211100 0.0027 0.0027 
211200 0.0027 0.0027 
211300 0.0027 0.0027 
211400 0.0027 0.0027 
211500 0.0027 0.0027 
211600 0.0027 0.0027 
211700 0.0027 0.0027 
211800 0.0027 0.0027 
211900 0.0027 0.0027 
212000 0.0027 0.0027 
212100 0.0027 0.0027 
212200 0.0027 0.0027 
212300 0.0027 0.0027 
212400 0.0027 0.0027 
212500 0.0027 0.0027 
212600 0.0027 0.0027 
212700 0.0027 0.0027 
212800 0.0027 0.0027 
212900 0.0027 0.0027 
213000 0.0027 0.0027 
213100 0.0027 0.0027 
213200 0.0027 0.0027 
213300 0.0027 0.0027 
213400 0.0027 0.0027 
213500 0.0027 0.0027 
213600 0.0027 0.0027 
213700 0.0027 0.0027 
213800 0.0027 0.0027 
213900 0.0027 0.0027 
214000 0.0027 0.0027 
214100 0.0027 0.0027 
214200 0.0027 0.0027 
214300 0.0027 0.0027 
214400 0.0027 0.0027 
214500 0.0027 0.0027 
214600 0.0027 0.0027 
214700 0.0027 0.0027 
214800 0.0027 0.0027 
214900 0.0027 0.0027 
215000 0.0027 0.0027 
215100 0.0027 0.0027 
215200 0.0027 0.0027 
215300 0.0027 0.0027 
215400 0.0027 0.0027 
215500 0.0027 0.0027 
215600 0.0027 0.0027 
215700 0.0027 0.0027 
215800 0.0027 0.0027 
215900 0.0027 0.0027 
216000 0.0027 0.0027 
216100 0.0027 0.0027 
216200 0.0027 0.0027 
216300 0.0027 0.0027 
216400 0.0027 0.0027 
216500 0.0027 0.0027 
216600 0.0027 0.0027 
216700 0.0027 0.0027 
216800 0.0027 0.0027 
216900 0.0027 0.0027 
217000 0.0027 0.0027 
217100 0.0027 0.0027 
217200 0.0027 0.0027 
217300 0.0027 0.0027 
217400 0.0027 0.0027 
217500 0.0027 0.0027 
217600 0.0027 0.0027 
217700 0.0027 0.0027 
217800 0.0027 0.0027 
217900 0.0027 0.0027 
218000 0.0027 0.0027 
218100 0.0027 0.0027 
218200 0.0027 0.0027 
218300 0.0027 0.0027 
218400 0.0027 0.0027 
218500 0.0027 0.0027 
218600 0.0027 0.0027 
218700 0.0027 0.0027 
218800 0.0027 0.0027 
218900 0.0027 0.0027 
219000 0.0027 0.0027 
219100 0.0027 0.0027 
219200 0.0027 0.0027 
219300 0.0027 0.0027 
219400 0.0027 0.0027 
219500 0.0027 0.0027 
219600 0.0027 0.0027 
219700 0.0027 0.0027 
219800 0.0027 0.0027 
219900 0.0027 0.0027 
220000 0.0027 0.0027 
220100 0.0027 0.0027 
220200 0.0027 0.0027 
220300 0.0027 0.0027 
220400 0.0027 0.0027 
220500 0.0027 0.0027 
220600 0.0027 0.0027 
220700 0.0027 0.0027 
220800 0.0027 0.0027 
220900 0.0027 0.0027 
221000 0.0027 0.0027 
221100 0.0027 0.0027 
221200 0.0027 0.0027 
221300 0.0027 0.0027 
221400 0.0027 0.0027 
221500 0.0027 0.0027 
221600 0.0027 0.0027 
221700 0.0027 0.0027 
221800 0.0027 0.0027 
221900 0.0027 0.0027 
222000 0.0027 0.0027 
222100 0.0027 0.0027 
222200 0.0027 0.0027 
222300 0.0027 0.0027 
222400 0.0027 0.0027 
222500 0.0027 0.0027 
222600 0.0027 0.0027 
222700 0.0027 0.0027 
222800 0.0027 0.0027 
222900 0.0027 0.0027 
223000 0.0027 0.0027 
223100 0.0027 0.0027 
223200 0.0027 0.0027 
223300 0.0027 0.0027 
223400 0.0027 0.0027 
223500 0.0027 0.0027 
223600 0.0027 0.0027 
223700 0.0027 0.0027 
223800 0.0027 0.0027 
223900 0.0027 0.0027 
224000 0.0027 0.0027 
224100 0.0027 0.0027 
224200 0.0027 0.0027 
224300 0.0027 0.0027 
224400 0.0027 0.0027 
224500 0.0027 0.0027 
224600 0.0027 0.0027 
224700 0.0027 0.0027 
224800 0.0027 0.0027 
224900 0.0027 0.0027 
225000 0.0027 0.0027 
225100 0.0027 0.0027 
225200 0.0027 0.0027 
225300 0.0027 0.0027 
225400 0.0027 0.0027 
225500 0.0027 0.0027 
225600 0.0027 0.0027 
225700 0.0027 0.0027 
225800 0.0027 0.0027 
225900 0.0027 0.0027 
226000 0.0027 0.0027 
226100 0.0027 0.0027 
226200 0.0027 0.0027 
226300 0.0027 0.0027 
226400 0.0027 0.0027 
226500 0.0027 0.0027 
226600 0.0027 0.0027 
226700 0.0027 0.0027 
226800 0.0027 0.0027 
226900 0.0027 0.0027 
227000 0.0027 0.0027 
227100 0.0027 0.0027 
227200 0.0027 0.0027 
227300 0.0027 0.0027 
227400 0.0027 0.0027 
227500 0.0027 0.0027 
227600 0.0027 0.0027 
227700 0.0027 0.0027 
227800 0.0027 0.0027 
227900 0.0027 0.0027 
228000 0.0027 0.0027 
228100 0.0027 0.0027 
228200 0.0027 0.0027 
228300 0.0027 0.0027 
228400 0.0027 0.0027 
228500 0.0027 0.0027 
228600 0.0027 0.0027 
228700 0.0027 0.0027 
228800 0.0027 0.0027 
228900 0.0027 0.0027 
229000 0.0027 0.0027 
229100 0.0027 0.0027 
229200 0.0027 0.0027 
229300 0.0027 0.0027 
229400 0.0027 0.0027 
229500 0.0027 0.0027 
229600 0.0027 0.0027 
229700 0.0027 0.0027 
229800 0.0027 0.0027 
229900 0.0027 0.0027 
230000 0.0027 0.0027 
230100 0.0027 0.0027 
230200 0.0027 0.0027 
230300 0.0027 0.0027 
230400 0.0027 0.0027 
230500 0.0027 0.0027 
230600 0.0027 0.0027 
230700 0.0027 0.0027 
230800 0.0027 0.0027 
230900 0.0027 0.0027 
231000 0.0000 0.0000 
231100 0.0000 0.0000 
231200 0.0000 0.0000 
231300 0.0000 0.0000 
231400 0.0000 0.0000 
231500 0.0000 0.0000 
231600 0.0000 0.0000 
231700 0.0000 0.0000 
231800 0.0000 0.0000 
231900 0.0000 0.0000 
232000 0.0000 0.0000 
232100 0.0000 0.0000 
232200 0.0000 0.0000 
232300 0.0000 0.0000 
232400 0.0000 0.0000 
232500 0.0000 0.0000 
232600 0.0000 0.0000 
232700 0.0000 0.0000 
232800 0.0000 0.0000 
232900 0.0000 0.0000 
233000 0.0000 0.0000 
233100 0.0000 0.0000 
233200 0.0000 0.0000 
233300 0.0000 0.0000 
233400 0.0000 0.0000 
233500 0.0000 0.0000 
233600 0.0000 0.0000 
233700 0.0000 0.0000 
233800 0.0000 0.0000 
233900 0.0000 0.0000 
234000 0.0000 0.0000 
234100 0.0000 0.0000 
234200 0.0000 0.0000 
234300 0.0000 0.0000 
234400 0.0000 0.0000 
234500 0.0000 0.0000 
234600 0.0000 0.0000 
234700 0.0000 0.0000 
234800 0.0000 0.0000 
234900 0.0000 0.0000 
235000 0.0000 0.0000 
235100 0.0000 0.0000 
235200 0.0000 0.0000 
235300 0.0000 0.0000 
235400 0.0000 0.0000 
235500 0.0000 0.0000 
235600 0.0000 0.0000 
235700 0.0000 0.0000 
235800 0.0000 0.0000 
235900 0.0000 0.0000 
236000 0.0000 0.0000 
236100 0.0000 0.0000 
236200 0.0000 0.0000 
236300 0.0000 0.0000 
236400 0.0000 0.0000 
236500 0.0000 0.0000 
236600 0.0000 0.0000 
236700 0.0000 0.0000 
236800 0.0000 0.0000 
236900 0.0000 0.0000 
237000 0.0000 0.0000 
237100 0.0000 0.0000 
237200 0.0000 0.0000 
237300 0.0000 0.0000 
237400 0.0000 0.0000 
237500 0.0000 0.0000 
237600 0.0000 0.0000 
237700 0.0000 0.0000 
237800 0.0000 0.0000 
237900 0.0000 0.0000 
238000 0.0000 0.0000 
238100 0.0000 0.0000 
238200 0.0000 0.0000 
238300 0.0000 0.0000 
238400 0.0000 0.0000 
238500 0.0000 0.0000 
238600 0.0000 0.0000 
238700 0.0000 0.0000 
238800 0.0000 0.0000 
238900 0.0000 0.0000 
239000 0.0000 0.0000 
239100 0.0000 0.0000 
239200 0.0000 0.0000 
239300 0.0000 0.0000 
239400 0.0000 0.0000 
239500 0.0000 0.0000 
239600 0.0000 0.0000 
239700 0.0000 0.0000 
239800 0.0000 0.0000 
239900 0.0000 0.0000 
240000 0.0000 0.0000 
240100 0.0000 0.0000 
240200 0.0000 0.0000 
240300 0.0000 0.0000 
240400 0.0000 0.0000 
240500 0.0000 0.0000 
240600 0.0000 0.0000 
240700 0.0000 0.0000 
240800 0.0000 0.0000 
240900 0.0000 0.0000 
241000 0.0000 0.0000 
241100 0.0000 0.0000 
241200 0.0000 0.0000 
241300 0.0000 0.0000 
241400 0.0000 0.0000 
241500 0.0000 0.0000 
241600 0.0000 0.0000 
241700 0.0000 0.0000 
241800 0.0000 0.0000 
241900 0.0000 0.0000 
242000 0.0000 0.0000 
242100 0.0000 0.0000 
242200 0.0000 0.0000 
242300 0.0000 0.0000 
242400 0.0000 0.0000 
242500 0.0000 0.0000 
242600 0.0000 0.0000 
242700 0.0000 0.0000 
242800 0.0000 0.0000 
242900 0.0000 0.0000 
243000 0.0000 0.0000 
243100 0.0000 0.0000 
243200 0.0000 0.0000 
243300 0.0000 0.0000 
243400 0.0000 0.0000 
243500 0.0000 0.0000 
243600 0.0000 0.0000 
243700 0.0000 0.0000 
243800 0.0000 0.0000 
243900 0.0000 0.0000 
244000 0.0000 0.0000 
244100 0.0000 0.0000 
244200 0.0000 0.0000 
244300 0.0000 0.0000 
244400 0.0000 0.0000 
244500 0.0000 0.0000 
244600 0.0000 0.0000 
244700 0.0000 0.0000 
244800 0.0000 0.0000 
244900 0.0000 0.0000 
245000 0.0000 0.0000 
245100 0.0000 0.0000 
245200 0.0000 0.0000 
245300 0.0000 0.0000 
245400 0.0000 0.0000 
245500 0.0000 0.0000 
245600 0.0000 0.0000 
245700 0.0000 0.0000 
245800 0.0000 0.0000 
245900 0.0000 0.0000 
246000 0.0000 0.0000 
246100 0.0000 0.0000 
246200 0.0000 0.0000 
246300 0.0000 0.0000 
246400 0.0000 0.0000 
246500 0.0000 0.0000 
246600 0.0000 0.0000 
246700 0.0000 0.0000 
246800 0.0000 0.0000 
246900 0.0000 0.0000 
247000 0.0000 0.0000 
247100 0.0000 0.0000 
247200 0.0000 0.0000 
247300 0.0000 0.0000 
247400 0.0000 0.0000 
247500 0.0000 0.0000 
247600 0.0000 0.0000 
247700 0.0000 0.0000 
247800 0.0000 0.0000 
247900 0.0000 0.0000 
248000 0.0000 0.0000 
248100 0.0000 0.0000 
248200 0.0000 0.0000 
248300 0.0000 0.0000 
248400 0.0000 0.0000 
248500 0.0000 0.0000 
248600 0.0000 0.0000 
248700 0.0000 0.0000 
248800 0.0000 0.0000 
248900 0.0000 0.0000 
249000 0.0000 0.0000 
249100 0.0000 0.0000 
249200 0.0000 0.0000 
249300 0.0000 0.0000 
249400 0.0000 0.0000 
249500 0.0000 0.0000 
249600 0.0000 0.0000 
249700 0.0000 0.0000 
249800 0.0000 0.0000 
249900 0.0000 0.0000 
250000 0.0000 0.0000 
250100 0.0000 0.0000 
250200 0.0000 0.0000 
250300 0.0000 0.0000 
250400 0.0000 0.0000 
250500 0.0000 0.0000 
250600 0.0000 0.0000 
250700 0.0000 0.0000 
250800 0.0000 0.0000 
250900 0.0000 0.0000 
251000 0.0000 0.0000 
251100 0.0000 0.0000 
251200 0.0000 0.0000 
251300 0.0000 0.0000 
251400 0.0000 0.0000 
251500 0.0000 0.0000 
251600 0.0000 0.0000 
251700 0.0000 0.0000 
251800 0.0000 0.0000 
251900 0.0000 0.0000 
252000 0.0000 0.0000 
252100 0.0000 0.0000 
252200 0.0000 0.0000 
252300 0.0000 0.0000 
252400 0.0000 0.0000 
252500 0.0000 0.0000 
252600 0.0000 0.0000 
252700 0.0000 0.0000 
252800 0.0000 0.0000 
252900 0.0000 0.0000 
253000 0.0000 0.0000 
253100 0.0000 0.0000 
253200 0.0000 0.0000 
253300 0.0000 0.0000 
253400 0.0000 0.0000 
253500 0.0000 0.0000 
253600 0.0000 0.0000 
253700 0.0000 0.0000 
253800 0.0000 0.0000 
253900 0.0000 0.0000 
254000 0.0000 0.0000 
254100 0.0000 0.0000 
254200 0.0000 0.0000 
254300 0.0000 0.0000 
254400 0.0000 0.0000 
254500 0.0000 0.0000 
254600 0.0000 0.0000 
254700 0.0000 0.0000 
254800 0.0000 0.0000 
254900 0.0000 0.0000 
255000 0.0000 0.0000 
255100 0.0000 0.0000 
255200 0.0000 0.0000 
255300 0.0000 0.0000 
255400 0.0000 0.0000 
255500 0.0000 0.0000 
255600 0.0000 0.0000 
255700 0.0000 0.0000 
255800 0.0000 0.0000 
255900 0.0000 0.0000 
256000 0.0000 0.0000 
256100 0.0000 0.0000 
256200 0.0000 0.0000 
256300 0.0000 0.0000 
256400 0.0000 0.0000 
256500 0.0000 0.0000 
256600 0.0000 0.0000 
256700 0.0000 0.0000 
256800 0.0000 0.0000 
256900 0.0000 0.0000 
257000 0.0000 0.0000 
257100 0.0000 0.0000 
257200 0.0000 0.0000 
257300 0.0000 0.0000 
257400 0.0000 0.0000 
257500 0.0000 0.0000 
257600 0.0000 0.0000 
257700 0.0000 0.0000 
257800 0.0000 0.0000 
257900 0.0000 0.0000 
258000 0.0000 0.0000 
258100 0.0000 0.0000 
258200 0.0000 0.0000 
258300 0.0000 0.0000 
258400 0.0000 0.0000 
258500 0.0000 0.0000 
258600 0.0000 0.0000 
258700 0.0000 0.0000 
258800 0.0000 0.0000 
258900 0.0000 0.0000 
259000 0.0000 0.0000 
259100 0.0000 0.0000 
259200 0.0000 0.0000 
259300 0.0000 0.0000 
259400 0.0000 0.0000 
259500 0.0000 0.0000 
259600 0.0000 0.0000 
259700 0.0000 0.0000 
259800 0.0000 0.0000 
259900 0.0000 0.0000 
260000 0.0000 0.0000 
260100 0.0000 0.0000 
260200 0.0000 0.0000 
260300 0.0000 0.0000 
260400 0.0000 0.0000 
260500 0.0000 0.0000 
260600 0.0000 0.0000 
260700 0.0000 0.0000 
260800 0.0000 0.0000 
260900 0.0000 0.0000 
261000 0.0000 0.0000 
261100 0.0000 0.0000 
261200 0.0000 0.0000 
261300 0.0000 0.0000 
261400 0.0000 0.0000 
261500 0.0000 0.0000 
261600 0.0000 0.0000 
261700 0.0000 0.0000 
261800 0.0000 0.0000 
261900 0.0000 0.0000 
262000 0.0000 0.0000 
262100 0.0000 0.0000 
262200 0.0000 0.0000 
262300 0.0000 0.0000 
262400 0.0000 0.0000 
262500 0.0000 0.0000 
262600 0.0000 0.0000 
262700 0.0000 0.0000 
262800 0.0000 0.0000 
262900 0.0000 0.0000 
263000 0.0000 0.0000 
263100 0.0000 0.0000 
263200 0.0000 0.0000 
263300 0.0000 0.0000 
263400 0.0000 0.0000 
263500 0.0000 0.0000 
263600 0.0000 0.0000 
263700 0.0000 0.0000 
263800 0.0000 0.0000 
263900 0.0000 0.0000 
264000 0.0000 0.0000 
264100 0.0000 0.0000 
264200 0.0000 0.0000 
264300 0.0000 0.0000 
264400 0.0000 0.0000 
264500 0.0000 0.0000 
264600 0.0000 0.0000 
264700 0.0000 0.0000 
264800 0.0000 0.0000 
264900 0.0000 0.0000 
265000 0.0000 0.0000 
265100 0.0000 0.0000 
265200 0.0000 0.0000 
265300 0.0000 0.0000 
265400 0.0000 0.0000 
265500 0.0000 0.0000 
265600 0.0000 0.0000 
265700 0.0000 0.0000 
265800 0.0000 0.0000 
265900 0.0000 0.0000 
266000 0.0000 0.0000 
266100 0.0000 0.0000 
266200 0.0000 0.0000 
266300 0.0000 0.0000 
266400 0.0000 0.0000 
266500 0.0000 0.0000 
266600 0.0000 0.0000 
266700 0.0000 0.0000 
266800 0.0000 0.0000 
266900 0.0000 0.0000 
267000 0.0000 0.0000 
267100 0.0000 0.0000 
267200 0.0000 0.0000 
267300 0.0000 0.0000 
267400 0.0000 0.0000 
267500 0.0000 0.0000 
267600 0.0000 0.0000 
267700 0.0000 0.0000 
267800 0.0000 0.0000 
267900 0.0000 0.0000 
268000 0.0000 0.0000 
268100 0.0000 0.0000 
268200 0.0000 0.0000 
268300 0.0000 0.0000 
268400 0.0000 0.0000 
268500 0.0000 0.0000 
268600 0.0000 0.0000 
268700 0.0000 0.0000 
268800 0.0000 0.0000 
268900 0.0000 0.0000 
269000 0.0000 0.0000 
269100 0.0000 0.0000 
269200 0.0000 0.0000 
269300 0.0000 0.0000 
269400 0.0000 0.0000 
269500 0.0000 0.0000 
269600 0.0000 0.0000 
269700 0.0000 0.0000 
269800 0.0000 0.0000 
269900 0.0000 0.0000 
270000 0.0000 0.0000 
270100 0.0000 0.0000 
270200 0.0000 0.0000 
270300 0.0000 0.0000 
270400 0.0000 0.0000 
270500 0.0000 0.0000 
270600 0.0000 0.0000 
270700 0.0000 0.0000 
270800 0.0000 0.0000 
270900 0.0000 0.0000 
271000 0.0000 0.0000 
271100 0.0000 0.0000 
271200 0.0000 0.0000 
271300 0.0000 0.0000 
271400 0.0000 0.0000 
271500 0.0000 0.0000 
271600 0.0000 0.0000 
271700 0.0000 0.0000 
271800 0.0000 0.0000 
271900 0.0000 0.0000 
272000 0.0000 0.0000 
272100 0.0000 0.0000 
272200 0.0000 0.0000 
272300 0.0000 0.0000 
272400 0.0000 0.0000 
272500 0.0000 0.0000 
272600 0.0000 0.0000 
272700 0.0000 0.0000 
272800 0.0000 0.0000 
272900 0.0000 0.0000 
273000 0.0000 0.0000 
273100 0.0000 0.0000 
273200 0.0000 0.0000 
273300 0.0000 0.0000 
273400 0.0000 0.0000 
273500 0.0000 0.0000 
273600 0.0000 0.0000 
273700 0.0000 0.0000 
273800 0.0000 0.0000 
273900 0.0000 0.0000 
274000 0.0000 0.0000 
274100 0.0000 0.0000 
274200 0.0000 0.0000 
274300 0.0000 0.0000 
274400 0.0000 0.0000 
274500 0.0000 0.0000 
274600 0.0000 0.0000 
274700 0.0000 0.0000 
274800 0.0000 0.0000 
274900 0.0000 0.0000 
275000 0.0000 0.0000 
275100 0.0000 0.0000 
275200 0.0000 0.0000 
275300 0.0000 0.0000 
275400 0.0000 0.0000 
275500 0.0000 0.0000 
275600 0.0000 0.0000 
275700 0.0000 0.0000 
275800 0.0000 0.0000 
275900 0.0000 0.0000 
276000 0.0000 0.0000 
276100 0.0000 0.0000 
276200 0.0000 0.0000 
276300 0.0000 0.0000 
276400 0.0000 0.0000 
276500 0.0000 0.0000 
276600 0.0000 0.0000 
276700 0.0000 0.0000 
276800 0.0000 0.0000 
276900 0.0000 0.0000 
277000 0.0000 0.0000 
277100 0.0000 0.0000 
277200 0.0000 0.0000 
277300 0.0000 0.0000 
277400 0.0000 0.0000 
277500 0.0000 0.0000 
277600 0.0000 0.0000 
277700 0.0000 0.0000 
277800 0.0000 0.0000 
277900 0.0000 0.0000 
278000 0.0000 0.0000 
278100 0.0000 0.0000 
278200 0.0000 0.0000 
278300 0.0000 0.0000 
278400 0.0000 0.0000 
278500 0.0000 0.0000 
278600 0.0000 0.0000 
278700 0.0000 0.0000 
278800 0.0000 0.0000 
278900 0.0000 0.0000 
279000 0.0000 0.0000 
279100 0.0000 0.0000 
279200 0.0000 0.0000 
279300 0.0000 0.0000 
279400 0.0000 0.0000 
279500 0.0000 0.0000 
279600 0.0000 0.0000 
279700 0.0000 0.0000 
279800 0.0000 0.0000 
279900 0.0000 0.0000 
280000 0.0000 0.0000 
280100 0.0000 0.0000 
280200 0.0000 0.0000 
280300 0.0000 0.0000 
280400 0.0000 0.0000 
280500 0.0000 0.0000 
280600 0.0000 0.0000 
280700 0.0000 0.0000 
280800 0.0000 0.0000 
280900 0.0000 0.0000 
281000 0.0000 0.0000 
281100 0.0000 0.0000 
281200 0.0000 0.0000 
281300 0.0000 0.0000 
281400 0.0000 0.0000 
281500 0.0000 0.0000 
281600 0.0000 0.0000 
281700 0.0000 0.0000 
281800 0.0000 0.0000 
281900 0.0000 0.0000 
282000 0.0000 0.0000 
282100 0.0000 0.0000 
282200 0.0000 0.0000 
282300 0.0000 0.0000 
282400 0.0000 0.0000 
282500 0.0000 0.0000 
282600 0.0000 0.0000 
282700 0.0000 0.0000 
282800 0.0000 0.0000 
282900 0.0000 0.0000 
283000 0.0000 0.0000 
283100 0.0000 0.0000 
283200 0.0000 0.0000 
283300 0.0000 0.0000 
283400 0.0000 0.0000 
283500 0.0000 0.0000 
283600 0.0000 0.0000 
283700 0.0000 0.0000 
283800 0.0000 0.0000 
283900 0.0000 0.0000 
284000 0.0000 0.0000 
284100 0.0000 0.0000 
284200 0.0000 0.0000 
284300 0.0000 0.0000 
284400 0.0000 0.0000 
284500 0.0000 0.0000 
284600 0.0000 0.0000 
284700 0.0000 0.0000 
284800 0.0000 0.0000 
284900 0.0000 0.0000 
285000 0.0000 0.0000 
285100 0.0000 0.0000 
285200 0.0000 0.0000 
285300 0.0000 0.0000 
285400 0.0000 0.0000 
285500 0.0000 0.0000 
285600 0.0000 0.0000 
285700 0.0000 0.0000 
285800 0.0000 0.0000 
285900 0.0000 0.0000 
286000 0.0000 0.0000 
286100 0.0000 0.0000 
286200 0.0000 0.0000 
286300 0.0000 0.0000 
286400 0.0000 0.0000 
286500 0.0000 0.0000 
286600 0.0000 0.0000 
286700 0.0000 0.0000 
286800 0.0000 0.0000 
286900 0.0000 0.0000 
287000 0.0000 0.0000 
287100 0.0000 0.0000 
287200 0.0000 0.0000 
287300 0.0000 0.0000 
287400 0.0000 0.0000 
287500 0.0000 0.0000 
287600 0.0000 0.0000 
287700 0.0000 0.0000 
287800 0.0000 0.0000 
287900 0.0000 0.0000 
288000 0.0000 0.0000 
288100 0.0000 0.0000 
288200 0.0000 0.0000 
288300 0.0000 0.0000 
288400 0.0000 0.0000 
288500 0.0000 0.0000 
288600 0.0000 0.0000 
288700 0.0000 0.0000 
288800 0.0000 0.0000 
288900 0.0000 0.0000 
289000 0.0000 0.0000 
289100 0.0000 0.0000 
289200 0.0000 0.0000 
289300 0.0000 0.0000 
289400 0.0000 0.0000 
289500 0.0000 0.0000 
289600 0.0000 0.0000 
289700 0.0000 0.0000 
289800 0.0000 0.0000 
289900 0.0000 0.0000 
290000 0.0000 0.0000 
290100 0.0000 0.0000 
290200 0.0000 0.0000 
290300 0.0000 0.0000 
290400 0.0000 0.0000 
290500 0.0000 0.0000 
290600 0.0000 0.0000 
290700 0.0000 0.0000 
290800 0.0000 0.0000 
290900 0.0000 0.0000 
291000 0.0000 0.0000 
291100 0.0000 0.0000 
291200 0.0000 0.0000 
291300 0.0000 0.0000 
291400 0.0000 0.0000 
291500 0.0000 0.0000 
291600 0.0000 0.0000 
291700 0.0000 0.0000 
291800 0.0000 0.0000 
291900 0.0000 0.0000 
292000 0.0000 0.0000 
292100 0.0000 0.0000 
292200 0.0000 0.0000 
292300 0.0000 0.0000 
292400 0.0000 0.0000 
292500 0.0000 0.0000 
292600 0.0000 0.0000 
292700 0.0000 0.0000 
292800 0.0000 0.0000 
292900 0.0000 0.0000 
293000 0.0000 0.0000 
293100 0.0000 0.0000 
293200 0.0000 0.0000 
293300 0.0000 0.0000 
293400 0.0000 0.0000 
293500 0.0000 0.0000 
293600 0.0000 0.0000 
293700 0.0000 0.0000 
293800 0.0000 0.0000 
293900 0.0000 0.0000 
294000 0.0000 0.0000 
294100 0.0000 0.0000 
294200 0.0000 0.0000 
294300 0.0000 0.0000 
294400 0.0000 0.0000 
294500 0.0000 0.0000 
294600 0.0000 0.0000 
294700 0.0000 0.0000 
294800 0.0000 0.0000 
294900 0.0000 0.0000 
295000 0.0000 0.0000 
295100 0.0000 0.0000 
295200 0.0000 0.0000 
295300 0.0000 0.0000 
295400 0.0000 0.0000 
295500 0.0000 0.0000 
295600 0.0000 0.0000 
295700 0.0000 0.0000 
295800 0.0000 0.0000 
295900 0.0000 0.0000 
296000 0.0000 0.0000 
296100 0.0000 0.0000 
296200 0.0000 0.0000 
296300 0.0000 0.0000 
296400 0.0000 0.0000 
296500 0.0000 0.0000 
296600 0.0000 0.0000 
296700 0.0000 0.0000 
296800 0.0000 0.0000 
296900 0.0000 0.0000 
297000 0.0000 0.0000 
297100 0.0000 0.0000 
297200 0.0000 0.0000 
297300 0.0000 0.0000 
297400 0.0000 0.0000 
297500 0.0000 0.0000 
297600 0.0000 0.0000 
297700 0.0000 0.0000 
297800 0.0000 0.0000 
297900 0.0000 0.0000 
298000 0.0000 0.0000 
298100 0.0000 0.0000 
298200 0.0000 0.0000 
298300 0.0000 0.0000 
298400 0.0000 0.0000 
298500 0.0000 0.0000 
298600 0.0000 0.0000 
298700 0.0000 0.0000 
298800 0.0000 0.0000 
298900 0.0000 0.0000 
299000 0.0000 0.0000 
299100 0.0000 0.0000 
299200 0.0000 0.0000 
299300 0.0000 0.0000 
299400 0.0000 0.0000 
299500 0.0000 0.0000 
299600 0.0000 0.0000 
299700 0.0000 0.0000 
299800 0.0000 0.0000 
299900 0.0000 0.0000 
300000 0.0000 0.0000 
