100 0.1925 0.1925 
200 0.1925 0.1925 
300 0.1925 0.1925 
400 0.1925 0.1925 
500 0.1925 0.1925 
600 0.1832 0.1832 
700 0.1832 0.1832 
800 0.1832 0.1832 
900 0.1832 0.1832 
1000 0.1832 0.1832 
1100 0.1832 0.1832 
1200 0.1832 0.1832 
1300 0.1832 0.1832 
1400 0.1832 0.1832 
1500 0.1832 0.1832 
1600 0.1384 0.1384 
1700 0.1384 0.1384 
1800 0.1384 0.1384 
1900 0.1384 0.1384 
2000 0.1384 0.1384 
2100 0.1384 0.1384 
2200 0.1384 0.1384 
2300 0.1384 0.1384 
2400 0.1384 0.1384 
2500 0.1384 0.1384 
2600 0.1384 0.1384 
2700 0.1384 0.1384 
2800 0.1384 0.1384 
2900 0.1384 0.1384 
3000 0.1384 0.1384 
3100 0.1384 0.1384 
3200 0.1384 0.1384 
3300 0.1384 0.1384 
3400 0.1384 0.1384 
3500 0.1384 0.1384 
3600 0.1384 0.1384 
3700 0.1384 0.1384 
3800 0.1384 0.1384 
3900 0.1384 0.1384 
4000 0.1384 0.1384 
4100 0.1384 0.1384 
4200 0.1384 0.1384 
4300 0.1384 0.1384 
4400 0.1384 0.1384 
4500 0.1384 0.1384 
4600 0.1384 0.1384 
4700 0.1384 0.1384 
4800 0.1384 0.1384 
4900 0.1384 0.1384 
5000 0.1384 0.1384 
5100 0.1384 0.1384 
5200 0.1384 0.1384 
5300 0.1384 0.1384 
5400 0.1384 0.1384 
5500 0.1384 0.1384 
5600 0.1384 0.1384 
5700 0.1384 0.1384 
5800 0.1384 0.1384 
5900 0.1384 0.1384 
6000 0.1384 0.1384 
6100 0.1384 0.1384 
6200 0.1384 0.1384 
6300 0.1384 0.1384 
6400 0.1384 0.1384 
6500 0.1384 0.1384 
6600 0.1384 0.1384 
6700 0.1384 0.1384 
6800 0.1377 0.1377 
6900 0.1377 0.1377 
7000 0.1377 0.1377 
7100 0.1377 0.1377 
7200 0.1377 0.1377 
7300 0.1377 0.1377 
7400 0.1377 0.1377 
7500 0.1377 0.1377 
7600 0.1377 0.1377 
7700 0.1377 0.1377 
7800 0.1377 0.1377 
7900 0.1377 0.1377 
8000 0.1377 0.1377 
8100 0.1377 0.1377 
8200 0.1377 0.1377 
8300 0.1377 0.1377 
8400 0.1377 0.1377 
8500 0.1377 0.1377 
8600 0.1377 0.1377 
8700 0.1377 0.1377 
8800 0.1377 0.1377 
8900 0.1377 0.1377 
9000 0.1377 0.1377 
9100 0.1377 0.1377 
9200 0.1377 0.1377 
9300 0.1377 0.1377 
9400 0.1377 0.1377 
9500 0.1377 0.1377 
9600 0.1377 0.1377 
9700 0.1377 0.1377 
9800 0.1377 0.1377 
9900 0.1377 0.1377 
10000 0.1377 0.1377 
10100 0.1377 0.1377 
10200 0.1377 0.1377 
10300 0.1377 0.1377 
10400 0.1377 0.1377 
10500 0.1377 0.1377 
10600 0.1377 0.1377 
10700 0.1377 0.1377 
10800 0.1377 0.1377 
10900 0.1377 0.1377 
11000 0.1377 0.1377 
11100 0.1377 0.1377 
11200 0.1377 0.1377 
11300 0.1377 0.1377 
11400 0.1377 0.1377 
11500 0.1377 0.1377 
11600 0.1377 0.1377 
11700 0.1377 0.1377 
11800 0.1377 0.1377 
11900 0.1377 0.1377 
12000 0.1377 0.1377 
12100 0.1377 0.1377 
12200 0.1377 0.1377 
12300 0.1377 0.1377 
12400 0.1377 0.1377 
12500 0.1377 0.1377 
12600 0.1377 0.1377 
12700 0.1377 0.1377 
12800 0.1374 0.1374 
12900 0.1374 0.1374 
13000 0.1374 0.1374 
13100 0.1374 0.1374 
13200 0.1374 0.1374 
13300 0.1374 0.1374 
13400 0.1374 0.1374 
13500 0.1374 0.1374 
13600 0.1374 0.1374 
13700 0.1374 0.1374 
13800 0.1374 0.1374 
13900 0.1374 0.1374 
14000 0.1374 0.1374 
14100 0.1374 0.1374 
14200 0.1374 0.1374 
14300 0.1374 0.1374 
14400 0.1374 0.1374 
14500 0.1374 0.1374 
14600 0.1374 0.1374 
14700 0.1374 0.1374 
14800 0.1374 0.1374 
14900 0.1374 0.1374 
15000 0.1374 0.1374 
15100 0.1374 0.1374 
15200 0.1274 0.1274 
15300 0.1274 0.1274 
15400 0.1274 0.1274 
15500 0.1274 0.1274 
15600 0.1274 0.1274 
15700 0.1274 0.1274 
15800 0.1274 0.1274 
15900 0.1274 0.1274 
16000 0.1019 0.1019 
16100 0.1019 0.1019 
16200 0.1019 0.1019 
16300 0.1019 0.1019 
16400 0.1019 0.1019 
16500 0.0597 0.0597 
16600 0.0597 0.0597 
16700 0.0597 0.0597 
16800 0.0597 0.0597 
16900 0.0597 0.0597 
17000 0.0597 0.0597 
17100 0.0597 0.0597 
17200 0.0597 0.0597 
17300 0.0597 0.0597 
17400 0.0597 0.0597 
17500 0.0597 0.0597 
17600 0.0597 0.0597 
17700 0.0597 0.0597 
17800 0.0597 0.0597 
17900 0.0597 0.0597 
18000 0.0597 0.0597 
18100 0.0597 0.0597 
18200 0.0597 0.0597 
18300 0.0597 0.0597 
18400 0.0597 0.0597 
18500 0.0597 0.0597 
18600 0.0597 0.0597 
18700 0.0597 0.0597 
18800 0.0597 0.0597 
18900 0.0597 0.0597 
19000 0.0597 0.0597 
19100 0.0597 0.0597 
19200 0.0597 0.0597 
19300 0.0597 0.0597 
19400 0.0597 0.0597 
19500 0.0597 0.0597 
19600 0.0597 0.0597 
19700 0.0597 0.0597 
19800 0.0597 0.0597 
19900 0.0597 0.0597 
20000 0.0597 0.0597 
20100 0.0597 0.0597 
20200 0.0597 0.0597 
20300 0.0597 0.0597 
20400 0.0597 0.0597 
20500 0.0597 0.0597 
20600 0.0597 0.0597 
20700 0.0597 0.0597 
20800 0.0597 0.0597 
20900 0.0597 0.0597 
21000 0.0597 0.0597 
21100 0.0597 0.0597 
21200 0.0597 0.0597 
21300 0.0597 0.0597 
21400 0.0597 0.0597 
21500 0.0597 0.0597 
21600 0.0597 0.0597 
21700 0.0597 0.0597 
21800 0.0597 0.0597 
21900 0.0597 0.0597 
22000 0.0597 0.0597 
22100 0.0597 0.0597 
22200 0.0597 0.0597 
22300 0.0597 0.0597 
22400 0.0597 0.0597 
22500 0.0597 0.0597 
22600 0.0597 0.0597 
22700 0.0597 0.0597 
22800 0.0597 0.0597 
22900 0.0597 0.0597 
23000 0.0597 0.0597 
23100 0.0597 0.0597 
23200 0.0597 0.0597 
23300 0.0597 0.0597 
23400 0.0597 0.0597 
23500 0.0597 0.0597 
23600 0.0597 0.0597 
23700 0.0597 0.0597 
23800 0.0597 0.0597 
23900 0.0597 0.0597 
24000 0.0597 0.0597 
24100 0.0597 0.0597 
24200 0.0597 0.0597 
24300 0.0597 0.0597 
24400 0.0597 0.0597 
24500 0.0597 0.0597 
24600 0.0597 0.0597 
24700 0.0597 0.0597 
24800 0.0597 0.0597 
24900 0.0597 0.0597 
25000 0.0597 0.0597 
25100 0.0597 0.0597 
25200 0.0597 0.0597 
25300 0.0597 0.0597 
25400 0.0597 0.0597 
25500 0.0597 0.0597 
25600 0.0597 0.0597 
25700 0.0597 0.0597 
25800 0.0597 0.0597 
25900 0.0597 0.0597 
26000 0.0597 0.0597 
26100 0.0597 0.0597 
26200 0.0597 0.0597 
26300 0.0597 0.0597 
26400 0.0597 0.0597 
26500 0.0597 0.0597 
26600 0.0597 0.0597 
26700 0.0597 0.0597 
26800 0.0597 0.0597 
26900 0.0597 0.0597 
27000 0.0597 0.0597 
27100 0.0597 0.0597 
27200 0.0597 0.0597 
27300 0.0597 0.0597 
27400 0.0597 0.0597 
27500 0.0597 0.0597 
27600 0.0597 0.0597 
27700 0.0597 0.0597 
27800 0.0597 0.0597 
27900 0.0597 0.0597 
28000 0.0597 0.0597 
28100 0.0597 0.0597 
28200 0.0597 0.0597 
28300 0.0597 0.0597 
28400 0.0597 0.0597 
28500 0.0597 0.0597 
28600 0.0597 0.0597 
28700 0.0597 0.0597 
28800 0.0597 0.0597 
28900 0.0597 0.0597 
29000 0.0597 0.0597 
29100 0.0597 0.0597 
29200 0.0597 0.0597 
29300 0.0597 0.0597 
29400 0.0597 0.0597 
29500 0.0597 0.0597 
29600 0.0597 0.0597 
29700 0.0597 0.0597 
29800 0.0597 0.0597 
29900 0.0597 0.0597 
30000 0.0597 0.0597 
30100 0.0597 0.0597 
30200 0.0597 0.0597 
30300 0.0597 0.0597 
30400 0.0597 0.0597 
30500 0.0597 0.0597 
30600 0.0597 0.0597 
30700 0.0597 0.0597 
30800 0.0597 0.0597 
30900 0.0597 0.0597 
31000 0.0597 0.0597 
31100 0.0597 0.0597 
31200 0.0597 0.0597 
31300 0.0597 0.0597 
31400 0.0597 0.0597 
31500 0.0597 0.0597 
31600 0.0597 0.0597 
31700 0.0597 0.0597 
31800 0.0597 0.0597 
31900 0.0597 0.0597 
32000 0.0597 0.0597 
32100 0.0597 0.0597 
32200 0.0597 0.0597 
32300 0.0597 0.0597 
32400 0.0597 0.0597 
32500 0.0597 0.0597 
32600 0.0597 0.0597 
32700 0.0597 0.0597 
32800 0.0597 0.0597 
32900 0.0597 0.0597 
33000 0.0597 0.0597 
33100 0.0597 0.0597 
33200 0.0597 0.0597 
33300 0.0597 0.0597 
33400 0.0597 0.0597 
33500 0.0597 0.0597 
33600 0.0597 0.0597 
33700 0.0597 0.0597 
33800 0.0597 0.0597 
33900 0.0597 0.0597 
34000 0.0597 0.0597 
34100 0.0597 0.0597 
34200 0.0597 0.0597 
34300 0.0597 0.0597 
34400 0.0597 0.0597 
34500 0.0597 0.0597 
34600 0.0597 0.0597 
34700 0.0597 0.0597 
34800 0.0597 0.0597 
34900 0.0597 0.0597 
35000 0.0597 0.0597 
35100 0.0597 0.0597 
35200 0.0597 0.0597 
35300 0.0597 0.0597 
35400 0.0597 0.0597 
35500 0.0597 0.0597 
35600 0.0597 0.0597 
35700 0.0597 0.0597 
35800 0.0597 0.0597 
35900 0.0597 0.0597 
36000 0.0597 0.0597 
36100 0.0597 0.0597 
36200 0.0597 0.0597 
36300 0.0597 0.0597 
36400 0.0597 0.0597 
36500 0.0597 0.0597 
36600 0.0597 0.0597 
36700 0.0597 0.0597 
36800 0.0597 0.0597 
36900 0.0597 0.0597 
37000 0.0597 0.0597 
37100 0.0597 0.0597 
37200 0.0597 0.0597 
37300 0.0597 0.0597 
37400 0.0597 0.0597 
37500 0.0597 0.0597 
37600 0.0597 0.0597 
37700 0.0597 0.0597 
37800 0.0597 0.0597 
37900 0.0597 0.0597 
38000 0.0597 0.0597 
38100 0.0597 0.0597 
38200 0.0597 0.0597 
38300 0.0597 0.0597 
38400 0.0597 0.0597 
38500 0.0597 0.0597 
38600 0.0597 0.0597 
38700 0.0597 0.0597 
38800 0.0597 0.0597 
38900 0.0597 0.0597 
39000 0.0597 0.0597 
39100 0.0597 0.0597 
39200 0.0597 0.0597 
39300 0.0597 0.0597 
39400 0.0597 0.0597 
39500 0.0597 0.0597 
39600 0.0597 0.0597 
39700 0.0597 0.0597 
39800 0.0597 0.0597 
39900 0.0597 0.0597 
40000 0.0597 0.0597 
40100 0.0597 0.0597 
40200 0.0597 0.0597 
40300 0.0597 0.0597 
40400 0.0597 0.0597 
40500 0.0597 0.0597 
40600 0.0597 0.0597 
40700 0.0597 0.0597 
40800 0.0597 0.0597 
40900 0.0597 0.0597 
41000 0.0597 0.0597 
41100 0.0597 0.0597 
41200 0.0597 0.0597 
41300 0.0597 0.0597 
41400 0.0597 0.0597 
41500 0.0597 0.0597 
41600 0.0597 0.0597 
41700 0.0597 0.0597 
41800 0.0597 0.0597 
41900 0.0597 0.0597 
42000 0.0597 0.0597 
42100 0.0597 0.0597 
42200 0.0597 0.0597 
42300 0.0597 0.0597 
42400 0.0597 0.0597 
42500 0.0597 0.0597 
42600 0.0597 0.0597 
42700 0.0597 0.0597 
42800 0.0597 0.0597 
42900 0.0597 0.0597 
43000 0.0597 0.0597 
43100 0.0597 0.0597 
43200 0.0597 0.0597 
43300 0.0597 0.0597 
43400 0.0597 0.0597 
43500 0.0597 0.0597 
43600 0.0597 0.0597 
43700 0.0597 0.0597 
43800 0.0597 0.0597 
43900 0.0597 0.0597 
44000 0.0597 0.0597 
44100 0.0597 0.0597 
44200 0.0597 0.0597 
44300 0.0597 0.0597 
44400 0.0597 0.0597 
44500 0.0597 0.0597 
44600 0.0597 0.0597 
44700 0.0597 0.0597 
44800 0.0597 0.0597 
44900 0.0597 0.0597 
45000 0.0597 0.0597 
45100 0.0597 0.0597 
45200 0.0597 0.0597 
45300 0.0597 0.0597 
45400 0.0597 0.0597 
45500 0.0597 0.0597 
45600 0.0597 0.0597 
45700 0.0597 0.0597 
45800 0.0597 0.0597 
45900 0.0597 0.0597 
46000 0.0597 0.0597 
46100 0.0597 0.0597 
46200 0.0597 0.0597 
46300 0.0597 0.0597 
46400 0.0597 0.0597 
46500 0.0597 0.0597 
46600 0.0597 0.0597 
46700 0.0597 0.0597 
46800 0.0597 0.0597 
46900 0.0597 0.0597 
47000 0.0597 0.0597 
47100 0.0597 0.0597 
47200 0.0597 0.0597 
47300 0.0597 0.0597 
47400 0.0597 0.0597 
47500 0.0597 0.0597 
47600 0.0597 0.0597 
47700 0.0597 0.0597 
47800 0.0597 0.0597 
47900 0.0597 0.0597 
48000 0.0597 0.0597 
48100 0.0597 0.0597 
48200 0.0597 0.0597 
48300 0.0597 0.0597 
48400 0.0597 0.0597 
48500 0.0597 0.0597 
48600 0.0597 0.0597 
48700 0.0597 0.0597 
48800 0.0597 0.0597 
48900 0.0597 0.0597 
49000 0.0597 0.0597 
49100 0.0597 0.0597 
49200 0.0597 0.0597 
49300 0.0597 0.0597 
49400 0.0597 0.0597 
49500 0.0597 0.0597 
49600 0.0597 0.0597 
49700 0.0597 0.0597 
49800 0.0597 0.0597 
49900 0.0597 0.0597 
50000 0.0597 0.0597 
50100 0.0597 0.0597 
50200 0.0597 0.0597 
50300 0.0597 0.0597 
50400 0.0597 0.0597 
50500 0.0597 0.0597 
50600 0.0597 0.0597 
50700 0.0597 0.0597 
50800 0.0597 0.0597 
50900 0.0597 0.0597 
51000 0.0597 0.0597 
51100 0.0597 0.0597 
51200 0.0597 0.0597 
51300 0.0597 0.0597 
51400 0.0597 0.0597 
51500 0.0597 0.0597 
51600 0.0597 0.0597 
51700 0.0597 0.0597 
51800 0.0597 0.0597 
51900 0.0597 0.0597 
52000 0.0597 0.0597 
52100 0.0597 0.0597 
52200 0.0597 0.0597 
52300 0.0597 0.0597 
52400 0.0597 0.0597 
52500 0.0597 0.0597 
52600 0.0597 0.0597 
52700 0.0597 0.0597 
52800 0.0597 0.0597 
52900 0.0597 0.0597 
53000 0.0581 0.0581 
53100 0.0581 0.0581 
53200 0.0581 0.0581 
53300 0.0581 0.0581 
53400 0.0581 0.0581 
53500 0.0581 0.0581 
53600 0.0581 0.0581 
53700 0.0581 0.0581 
53800 0.0581 0.0581 
53900 0.0581 0.0581 
54000 0.0581 0.0581 
54100 0.0581 0.0581 
54200 0.0581 0.0581 
54300 0.0581 0.0581 
54400 0.0581 0.0581 
54500 0.0581 0.0581 
54600 0.0581 0.0581 
54700 0.0581 0.0581 
54800 0.0581 0.0581 
54900 0.0581 0.0581 
55000 0.0581 0.0581 
55100 0.0581 0.0581 
55200 0.0581 0.0581 
55300 0.0581 0.0581 
55400 0.0581 0.0581 
55500 0.0581 0.0581 
55600 0.0581 0.0581 
55700 0.0581 0.0581 
55800 0.0581 0.0581 
55900 0.0581 0.0581 
56000 0.0581 0.0581 
56100 0.0581 0.0581 
56200 0.0581 0.0581 
56300 0.0581 0.0581 
56400 0.0581 0.0581 
56500 0.0581 0.0581 
56600 0.0581 0.0581 
56700 0.0581 0.0581 
56800 0.0581 0.0581 
56900 0.0581 0.0581 
57000 0.0581 0.0581 
57100 0.0581 0.0581 
57200 0.0581 0.0581 
57300 0.0581 0.0581 
57400 0.0581 0.0581 
57500 0.0581 0.0581 
57600 0.0581 0.0581 
57700 0.0581 0.0581 
57800 0.0581 0.0581 
57900 0.0581 0.0581 
58000 0.0581 0.0581 
58100 0.0581 0.0581 
58200 0.0581 0.0581 
58300 0.0581 0.0581 
58400 0.0581 0.0581 
58500 0.0581 0.0581 
58600 0.0581 0.0581 
58700 0.0581 0.0581 
58800 0.0581 0.0581 
58900 0.0581 0.0581 
59000 0.0581 0.0581 
59100 0.0581 0.0581 
59200 0.0581 0.0581 
59300 0.0581 0.0581 
59400 0.0581 0.0581 
59500 0.0581 0.0581 
59600 0.0581 0.0581 
59700 0.0581 0.0581 
59800 0.0581 0.0581 
59900 0.0581 0.0581 
60000 0.0581 0.0581 
60100 0.0581 0.0581 
60200 0.0581 0.0581 
60300 0.0581 0.0581 
60400 0.0581 0.0581 
60500 0.0581 0.0581 
60600 0.0581 0.0581 
60700 0.0581 0.0581 
60800 0.0581 0.0581 
60900 0.0581 0.0581 
61000 0.0581 0.0581 
61100 0.0581 0.0581 
61200 0.0581 0.0581 
61300 0.0581 0.0581 
61400 0.0581 0.0581 
61500 0.0581 0.0581 
61600 0.0581 0.0581 
61700 0.0581 0.0581 
61800 0.0581 0.0581 
61900 0.0581 0.0581 
62000 0.0499 0.0499 
62100 0.0499 0.0499 
62200 0.0499 0.0499 
62300 0.0499 0.0499 
62400 0.0499 0.0499 
62500 0.0499 0.0499 
62600 0.0499 0.0499 
62700 0.0499 0.0499 
62800 0.0499 0.0499 
62900 0.0499 0.0499 
63000 0.0499 0.0499 
63100 0.0499 0.0499 
63200 0.0499 0.0499 
63300 0.0499 0.0499 
63400 0.0499 0.0499 
63500 0.0499 0.0499 
63600 0.0499 0.0499 
63700 0.0499 0.0499 
63800 0.0499 0.0499 
63900 0.0499 0.0499 
64000 0.0499 0.0499 
64100 0.0499 0.0499 
64200 0.0499 0.0499 
64300 0.0499 0.0499 
64400 0.0499 0.0499 
64500 0.0499 0.0499 
64600 0.0499 0.0499 
64700 0.0499 0.0499 
64800 0.0499 0.0499 
64900 0.0499 0.0499 
65000 0.0499 0.0499 
65100 0.0499 0.0499 
65200 0.0499 0.0499 
65300 0.0499 0.0499 
65400 0.0499 0.0499 
65500 0.0499 0.0499 
65600 0.0499 0.0499 
65700 0.0309 0.0309 
65800 0.0309 0.0309 
65900 0.0309 0.0309 
66000 0.0309 0.0309 
66100 0.0309 0.0309 
66200 0.0309 0.0309 
66300 0.0309 0.0309 
66400 0.0309 0.0309 
66500 0.0309 0.0309 
66600 0.0309 0.0309 
66700 0.0309 0.0309 
66800 0.0309 0.0309 
66900 0.0309 0.0309 
67000 0.0309 0.0309 
67100 0.0309 0.0309 
67200 0.0309 0.0309 
67300 0.0309 0.0309 
67400 0.0309 0.0309 
67500 0.0309 0.0309 
67600 0.0309 0.0309 
67700 0.0309 0.0309 
67800 0.0309 0.0309 
67900 0.0309 0.0309 
68000 0.0309 0.0309 
68100 0.0309 0.0309 
68200 0.0309 0.0309 
68300 0.0309 0.0309 
68400 0.0309 0.0309 
68500 0.0309 0.0309 
68600 0.0309 0.0309 
68700 0.0309 0.0309 
68800 0.0309 0.0309 
68900 0.0309 0.0309 
69000 0.0309 0.0309 
69100 0.0309 0.0309 
69200 0.0309 0.0309 
69300 0.0309 0.0309 
69400 0.0309 0.0309 
69500 0.0309 0.0309 
69600 0.0309 0.0309 
69700 0.0309 0.0309 
69800 0.0309 0.0309 
69900 0.0309 0.0309 
70000 0.0309 0.0309 
70100 0.0309 0.0309 
70200 0.0309 0.0309 
70300 0.0309 0.0309 
70400 0.0309 0.0309 
70500 0.0309 0.0309 
70600 0.0309 0.0309 
70700 0.0309 0.0309 
70800 0.0309 0.0309 
70900 0.0309 0.0309 
71000 0.0309 0.0309 
71100 0.0309 0.0309 
71200 0.0309 0.0309 
71300 0.0309 0.0309 
71400 0.0309 0.0309 
71500 0.0309 0.0309 
71600 0.0309 0.0309 
71700 0.0309 0.0309 
71800 0.0309 0.0309 
71900 0.0309 0.0309 
72000 0.0309 0.0309 
72100 0.0309 0.0309 
72200 0.0309 0.0309 
72300 0.0309 0.0309 
72400 0.0309 0.0309 
72500 0.0309 0.0309 
72600 0.0309 0.0309 
72700 0.0309 0.0309 
72800 0.0309 0.0309 
72900 0.0309 0.0309 
73000 0.0309 0.0309 
73100 0.0309 0.0309 
73200 0.0309 0.0309 
73300 0.0309 0.0309 
73400 0.0309 0.0309 
73500 0.0309 0.0309 
73600 0.0309 0.0309 
73700 0.0309 0.0309 
73800 0.0309 0.0309 
73900 0.0309 0.0309 
74000 0.0309 0.0309 
74100 0.0309 0.0309 
74200 0.0309 0.0309 
74300 0.0309 0.0309 
74400 0.0309 0.0309 
74500 0.0309 0.0309 
74600 0.0309 0.0309 
74700 0.0309 0.0309 
74800 0.0309 0.0309 
74900 0.0309 0.0309 
75000 0.0309 0.0309 
75100 0.0309 0.0309 
75200 0.0309 0.0309 
75300 0.0309 0.0309 
75400 0.0309 0.0309 
75500 0.0309 0.0309 
75600 0.0309 0.0309 
75700 0.0309 0.0309 
75800 0.0309 0.0309 
75900 0.0309 0.0309 
76000 0.0309 0.0309 
76100 0.0309 0.0309 
76200 0.0309 0.0309 
76300 0.0309 0.0309 
76400 0.0309 0.0309 
76500 0.0309 0.0309 
76600 0.0309 0.0309 
76700 0.0309 0.0309 
76800 0.0309 0.0309 
76900 0.0309 0.0309 
77000 0.0309 0.0309 
77100 0.0309 0.0309 
77200 0.0309 0.0309 
77300 0.0309 0.0309 
77400 0.0309 0.0309 
77500 0.0309 0.0309 
77600 0.0309 0.0309 
77700 0.0309 0.0309 
77800 0.0309 0.0309 
77900 0.0309 0.0309 
78000 0.0309 0.0309 
78100 0.0309 0.0309 
78200 0.0309 0.0309 
78300 0.0309 0.0309 
78400 0.0309 0.0309 
78500 0.0309 0.0309 
78600 0.0309 0.0309 
78700 0.0309 0.0309 
78800 0.0309 0.0309 
78900 0.0309 0.0309 
79000 0.0309 0.0309 
79100 0.0309 0.0309 
79200 0.0309 0.0309 
79300 0.0309 0.0309 
79400 0.0309 0.0309 
79500 0.0309 0.0309 
79600 0.0309 0.0309 
79700 0.0309 0.0309 
79800 0.0309 0.0309 
79900 0.0309 0.0309 
80000 0.0309 0.0309 
80100 0.0309 0.0309 
80200 0.0309 0.0309 
80300 0.0309 0.0309 
80400 0.0309 0.0309 
80500 0.0309 0.0309 
80600 0.0309 0.0309 
80700 0.0309 0.0309 
80800 0.0309 0.0309 
80900 0.0309 0.0309 
81000 0.0309 0.0309 
81100 0.0309 0.0309 
81200 0.0309 0.0309 
81300 0.0309 0.0309 
81400 0.0309 0.0309 
81500 0.0309 0.0309 
81600 0.0309 0.0309 
81700 0.0309 0.0309 
81800 0.0309 0.0309 
81900 0.0309 0.0309 
82000 0.0309 0.0309 
82100 0.0309 0.0309 
82200 0.0309 0.0309 
82300 0.0309 0.0309 
82400 0.0309 0.0309 
82500 0.0309 0.0309 
82600 0.0309 0.0309 
82700 0.0309 0.0309 
82800 0.0309 0.0309 
82900 0.0309 0.0309 
83000 0.0309 0.0309 
83100 0.0309 0.0309 
83200 0.0309 0.0309 
83300 0.0309 0.0309 
83400 0.0309 0.0309 
83500 0.0309 0.0309 
83600 0.0309 0.0309 
83700 0.0309 0.0309 
83800 0.0309 0.0309 
83900 0.0309 0.0309 
84000 0.0309 0.0309 
84100 0.0309 0.0309 
84200 0.0309 0.0309 
84300 0.0309 0.0309 
84400 0.0309 0.0309 
84500 0.0309 0.0309 
84600 0.0309 0.0309 
84700 0.0309 0.0309 
84800 0.0309 0.0309 
84900 0.0309 0.0309 
85000 0.0309 0.0309 
85100 0.0309 0.0309 
85200 0.0309 0.0309 
85300 0.0309 0.0309 
85400 0.0309 0.0309 
85500 0.0309 0.0309 
85600 0.0309 0.0309 
85700 0.0309 0.0309 
85800 0.0309 0.0309 
85900 0.0309 0.0309 
86000 0.0309 0.0309 
86100 0.0309 0.0309 
86200 0.0309 0.0309 
86300 0.0309 0.0309 
86400 0.0309 0.0309 
86500 0.0309 0.0309 
86600 0.0309 0.0309 
86700 0.0309 0.0309 
86800 0.0309 0.0309 
86900 0.0309 0.0309 
87000 0.0309 0.0309 
87100 0.0309 0.0309 
87200 0.0309 0.0309 
87300 0.0309 0.0309 
87400 0.0309 0.0309 
87500 0.0309 0.0309 
87600 0.0309 0.0309 
87700 0.0309 0.0309 
87800 0.0309 0.0309 
87900 0.0309 0.0309 
88000 0.0309 0.0309 
88100 0.0309 0.0309 
88200 0.0309 0.0309 
88300 0.0309 0.0309 
88400 0.0309 0.0309 
88500 0.0309 0.0309 
88600 0.0309 0.0309 
88700 0.0309 0.0309 
88800 0.0309 0.0309 
88900 0.0309 0.0309 
89000 0.0309 0.0309 
89100 0.0309 0.0309 
89200 0.0309 0.0309 
89300 0.0309 0.0309 
89400 0.0309 0.0309 
89500 0.0309 0.0309 
89600 0.0309 0.0309 
89700 0.0309 0.0309 
89800 0.0309 0.0309 
89900 0.0309 0.0309 
90000 0.0309 0.0309 
90100 0.0309 0.0309 
90200 0.0309 0.0309 
90300 0.0309 0.0309 
90400 0.0309 0.0309 
90500 0.0309 0.0309 
90600 0.0309 0.0309 
90700 0.0309 0.0309 
90800 0.0309 0.0309 
90900 0.0309 0.0309 
91000 0.0309 0.0309 
91100 0.0309 0.0309 
91200 0.0309 0.0309 
91300 0.0309 0.0309 
91400 0.0309 0.0309 
91500 0.0309 0.0309 
91600 0.0309 0.0309 
91700 0.0309 0.0309 
91800 0.0309 0.0309 
91900 0.0309 0.0309 
92000 0.0309 0.0309 
92100 0.0309 0.0309 
92200 0.0309 0.0309 
92300 0.0309 0.0309 
92400 0.0309 0.0309 
92500 0.0309 0.0309 
92600 0.0309 0.0309 
92700 0.0309 0.0309 
92800 0.0309 0.0309 
92900 0.0309 0.0309 
93000 0.0309 0.0309 
93100 0.0309 0.0309 
93200 0.0309 0.0309 
93300 0.0309 0.0309 
93400 0.0179 0.0179 
93500 0.0179 0.0179 
93600 0.0179 0.0179 
93700 0.0179 0.0179 
93800 0.0179 0.0179 
93900 0.0179 0.0179 
94000 0.0179 0.0179 
94100 0.0179 0.0179 
94200 0.0179 0.0179 
94300 0.0179 0.0179 
94400 0.0179 0.0179 
94500 0.0179 0.0179 
94600 0.0179 0.0179 
94700 0.0179 0.0179 
94800 0.0179 0.0179 
94900 0.0179 0.0179 
95000 0.0179 0.0179 
95100 0.0179 0.0179 
95200 0.0179 0.0179 
95300 0.0179 0.0179 
95400 0.0179 0.0179 
95500 0.0179 0.0179 
95600 0.0179 0.0179 
95700 0.0179 0.0179 
95800 0.0179 0.0179 
95900 0.0179 0.0179 
96000 0.0179 0.0179 
96100 0.0179 0.0179 
96200 0.0179 0.0179 
96300 0.0179 0.0179 
96400 0.0179 0.0179 
96500 0.0179 0.0179 
96600 0.0179 0.0179 
96700 0.0179 0.0179 
96800 0.0179 0.0179 
96900 0.0179 0.0179 
97000 0.0179 0.0179 
97100 0.0179 0.0179 
97200 0.0179 0.0179 
97300 0.0179 0.0179 
97400 0.0179 0.0179 
97500 0.0179 0.0179 
97600 0.0179 0.0179 
97700 0.0179 0.0179 
97800 0.0179 0.0179 
97900 0.0179 0.0179 
98000 0.0179 0.0179 
98100 0.0179 0.0179 
98200 0.0179 0.0179 
98300 0.0179 0.0179 
98400 0.0179 0.0179 
98500 0.0179 0.0179 
98600 0.0179 0.0179 
98700 0.0179 0.0179 
98800 0.0179 0.0179 
98900 0.0179 0.0179 
99000 0.0179 0.0179 
99100 0.0179 0.0179 
99200 0.0179 0.0179 
99300 0.0179 0.0179 
99400 0.0179 0.0179 
99500 0.0179 0.0179 
99600 0.0179 0.0179 
99700 0.0179 0.0179 
99800 0.0179 0.0179 
99900 0.0179 0.0179 
100000 0.0179 0.0179 
100100 0.0179 0.0179 
100200 0.0179 0.0179 
100300 0.0063 0.0063 
100400 0.0063 0.0063 
100500 0.0063 0.0063 
100600 0.0063 0.0063 
100700 0.0063 0.0063 
100800 0.0063 0.0063 
100900 0.0063 0.0063 
101000 0.0063 0.0063 
101100 0.0063 0.0063 
101200 0.0063 0.0063 
101300 0.0063 0.0063 
101400 0.0063 0.0063 
101500 0.0063 0.0063 
101600 0.0063 0.0063 
101700 0.0063 0.0063 
101800 0.0063 0.0063 
101900 0.0063 0.0063 
102000 0.0063 0.0063 
102100 0.0063 0.0063 
102200 0.0063 0.0063 
102300 0.0063 0.0063 
102400 0.0063 0.0063 
102500 0.0063 0.0063 
102600 0.0063 0.0063 
102700 0.0063 0.0063 
102800 0.0063 0.0063 
102900 0.0063 0.0063 
103000 0.0063 0.0063 
103100 0.0063 0.0063 
103200 0.0063 0.0063 
103300 0.0063 0.0063 
103400 0.0063 0.0063 
103500 0.0063 0.0063 
103600 0.0063 0.0063 
103700 0.0063 0.0063 
103800 0.0063 0.0063 
103900 0.0063 0.0063 
104000 0.0063 0.0063 
104100 0.0063 0.0063 
104200 0.0063 0.0063 
104300 0.0063 0.0063 
104400 0.0063 0.0063 
104500 0.0063 0.0063 
104600 0.0063 0.0063 
104700 0.0063 0.0063 
104800 0.0063 0.0063 
104900 0.0063 0.0063 
105000 0.0063 0.0063 
105100 0.0063 0.0063 
105200 0.0063 0.0063 
105300 0.0063 0.0063 
105400 0.0063 0.0063 
105500 0.0063 0.0063 
105600 0.0063 0.0063 
105700 0.0063 0.0063 
105800 0.0063 0.0063 
105900 0.0063 0.0063 
106000 0.0063 0.0063 
106100 0.0063 0.0063 
106200 0.0063 0.0063 
106300 0.0063 0.0063 
106400 0.0063 0.0063 
106500 0.0063 0.0063 
106600 0.0063 0.0063 
106700 0.0063 0.0063 
106800 0.0063 0.0063 
106900 0.0063 0.0063 
107000 0.0063 0.0063 
107100 0.0063 0.0063 
107200 0.0063 0.0063 
107300 0.0063 0.0063 
107400 0.0063 0.0063 
107500 0.0063 0.0063 
107600 0.0063 0.0063 
107700 0.0063 0.0063 
107800 0.0063 0.0063 
107900 0.0063 0.0063 
108000 0.0063 0.0063 
108100 0.0063 0.0063 
108200 0.0063 0.0063 
108300 0.0063 0.0063 
108400 0.0063 0.0063 
108500 0.0063 0.0063 
108600 0.0063 0.0063 
108700 0.0063 0.0063 
108800 0.0063 0.0063 
108900 0.0063 0.0063 
109000 0.0063 0.0063 
109100 0.0063 0.0063 
109200 0.0063 0.0063 
109300 0.0063 0.0063 
109400 0.0063 0.0063 
109500 0.0063 0.0063 
109600 0.0063 0.0063 
109700 0.0063 0.0063 
109800 0.0063 0.0063 
109900 0.0063 0.0063 
110000 0.0063 0.0063 
110100 0.0063 0.0063 
110200 0.0063 0.0063 
110300 0.0063 0.0063 
110400 0.0063 0.0063 
110500 0.0063 0.0063 
110600 0.0063 0.0063 
110700 0.0063 0.0063 
110800 0.0063 0.0063 
110900 0.0061 0.0061 
111000 0.0061 0.0061 
111100 0.0061 0.0061 
111200 0.0061 0.0061 
111300 0.0061 0.0061 
111400 0.0061 0.0061 
111500 0.0061 0.0061 
111600 0.0061 0.0061 
111700 0.0061 0.0061 
111800 0.0061 0.0061 
111900 0.0061 0.0061 
112000 0.0061 0.0061 
112100 0.0061 0.0061 
112200 0.0061 0.0061 
112300 0.0061 0.0061 
112400 0.0061 0.0061 
112500 0.0061 0.0061 
112600 0.0061 0.0061 
112700 0.0061 0.0061 
112800 0.0061 0.0061 
112900 0.0061 0.0061 
113000 0.0061 0.0061 
113100 0.0061 0.0061 
113200 0.0061 0.0061 
113300 0.0061 0.0061 
113400 0.0061 0.0061 
113500 0.0061 0.0061 
113600 0.0061 0.0061 
113700 0.0061 0.0061 
113800 0.0061 0.0061 
113900 0.0061 0.0061 
114000 0.0061 0.0061 
114100 0.0061 0.0061 
114200 0.0061 0.0061 
114300 0.0061 0.0061 
114400 0.0061 0.0061 
114500 0.0061 0.0061 
114600 0.0061 0.0061 
114700 0.0061 0.0061 
114800 0.0061 0.0061 
114900 0.0061 0.0061 
115000 0.0061 0.0061 
115100 0.0061 0.0061 
115200 0.0061 0.0061 
115300 0.0061 0.0061 
115400 0.0061 0.0061 
115500 0.0061 0.0061 
115600 0.0061 0.0061 
115700 0.0061 0.0061 
115800 0.0061 0.0061 
115900 0.0061 0.0061 
116000 0.0061 0.0061 
116100 0.0061 0.0061 
116200 0.0061 0.0061 
116300 0.0061 0.0061 
116400 0.0061 0.0061 
116500 0.0061 0.0061 
116600 0.0061 0.0061 
116700 0.0061 0.0061 
116800 0.0061 0.0061 
116900 0.0061 0.0061 
117000 0.0061 0.0061 
117100 0.0061 0.0061 
117200 0.0061 0.0061 
117300 0.0061 0.0061 
117400 0.0061 0.0061 
117500 0.0061 0.0061 
117600 0.0061 0.0061 
117700 0.0061 0.0061 
117800 0.0061 0.0061 
117900 0.0061 0.0061 
118000 0.0061 0.0061 
118100 0.0061 0.0061 
118200 0.0061 0.0061 
118300 0.0061 0.0061 
118400 0.0061 0.0061 
118500 0.0061 0.0061 
118600 0.0061 0.0061 
118700 0.0061 0.0061 
118800 0.0061 0.0061 
118900 0.0061 0.0061 
119000 0.0061 0.0061 
119100 0.0061 0.0061 
119200 0.0061 0.0061 
119300 0.0061 0.0061 
119400 0.0061 0.0061 
119500 0.0061 0.0061 
119600 0.0061 0.0061 
119700 0.0061 0.0061 
119800 0.0061 0.0061 
119900 0.0061 0.0061 
120000 0.0061 0.0061 
120100 0.0061 0.0061 
120200 0.0061 0.0061 
120300 0.0061 0.0061 
120400 0.0061 0.0061 
120500 0.0061 0.0061 
120600 0.0061 0.0061 
120700 0.0061 0.0061 
120800 0.0061 0.0061 
120900 0.0061 0.0061 
121000 0.0061 0.0061 
121100 0.0061 0.0061 
121200 0.0061 0.0061 
121300 0.0061 0.0061 
121400 0.0061 0.0061 
121500 0.0047 0.0047 
121600 0.0047 0.0047 
121700 0.0047 0.0047 
121800 0.0047 0.0047 
121900 0.0047 0.0047 
122000 0.0047 0.0047 
122100 0.0047 0.0047 
122200 0.0047 0.0047 
122300 0.0047 0.0047 
122400 0.0047 0.0047 
122500 0.0047 0.0047 
122600 0.0047 0.0047 
122700 0.0047 0.0047 
122800 0.0047 0.0047 
122900 0.0047 0.0047 
123000 0.0047 0.0047 
123100 0.0047 0.0047 
123200 0.0047 0.0047 
123300 0.0047 0.0047 
123400 0.0047 0.0047 
123500 0.0047 0.0047 
123600 0.0047 0.0047 
123700 0.0047 0.0047 
123800 0.0047 0.0047 
123900 0.0047 0.0047 
124000 0.0047 0.0047 
124100 0.0047 0.0047 
124200 0.0047 0.0047 
124300 0.0047 0.0047 
124400 0.0047 0.0047 
124500 0.0047 0.0047 
124600 0.0047 0.0047 
124700 0.0047 0.0047 
124800 0.0047 0.0047 
124900 0.0047 0.0047 
125000 0.0047 0.0047 
125100 0.0047 0.0047 
125200 0.0047 0.0047 
125300 0.0047 0.0047 
125400 0.0047 0.0047 
125500 0.0047 0.0047 
125600 0.0047 0.0047 
125700 0.0047 0.0047 
125800 0.0047 0.0047 
125900 0.0047 0.0047 
126000 0.0047 0.0047 
126100 0.0047 0.0047 
126200 0.0047 0.0047 
126300 0.0047 0.0047 
126400 0.0047 0.0047 
126500 0.0047 0.0047 
126600 0.0047 0.0047 
126700 0.0047 0.0047 
126800 0.0047 0.0047 
126900 0.0047 0.0047 
127000 0.0047 0.0047 
127100 0.0047 0.0047 
127200 0.0047 0.0047 
127300 0.0047 0.0047 
127400 0.0047 0.0047 
127500 0.0047 0.0047 
127600 0.0047 0.0047 
127700 0.0047 0.0047 
127800 0.0047 0.0047 
127900 0.0047 0.0047 
128000 0.0047 0.0047 
128100 0.0047 0.0047 
128200 0.0047 0.0047 
128300 0.0047 0.0047 
128400 0.0047 0.0047 
128500 0.0047 0.0047 
128600 0.0047 0.0047 
128700 0.0047 0.0047 
128800 0.0047 0.0047 
128900 0.0047 0.0047 
129000 0.0047 0.0047 
129100 0.0047 0.0047 
129200 0.0047 0.0047 
129300 0.0047 0.0047 
129400 0.0047 0.0047 
129500 0.0047 0.0047 
129600 0.0047 0.0047 
129700 0.0047 0.0047 
129800 0.0047 0.0047 
129900 0.0047 0.0047 
130000 0.0047 0.0047 
130100 0.0047 0.0047 
130200 0.0047 0.0047 
130300 0.0047 0.0047 
130400 0.0047 0.0047 
130500 0.0047 0.0047 
130600 0.0047 0.0047 
130700 0.0047 0.0047 
130800 0.0047 0.0047 
130900 0.0047 0.0047 
131000 0.0047 0.0047 
131100 0.0047 0.0047 
131200 0.0047 0.0047 
131300 0.0047 0.0047 
131400 0.0047 0.0047 
131500 0.0047 0.0047 
131600 0.0047 0.0047 
131700 0.0047 0.0047 
131800 0.0047 0.0047 
131900 0.0047 0.0047 
132000 0.0047 0.0047 
132100 0.0047 0.0047 
132200 0.0047 0.0047 
132300 0.0047 0.0047 
132400 0.0047 0.0047 
132500 0.0047 0.0047 
132600 0.0047 0.0047 
132700 0.0047 0.0047 
132800 0.0047 0.0047 
132900 0.0047 0.0047 
133000 0.0047 0.0047 
133100 0.0047 0.0047 
133200 0.0047 0.0047 
133300 0.0047 0.0047 
133400 0.0047 0.0047 
133500 0.0047 0.0047 
133600 0.0047 0.0047 
133700 0.0047 0.0047 
133800 0.0047 0.0047 
133900 0.0047 0.0047 
134000 0.0047 0.0047 
134100 0.0047 0.0047 
134200 0.0047 0.0047 
134300 0.0047 0.0047 
134400 0.0047 0.0047 
134500 0.0047 0.0047 
134600 0.0047 0.0047 
134700 0.0047 0.0047 
134800 0.0047 0.0047 
134900 0.0047 0.0047 
135000 0.0047 0.0047 
135100 0.0047 0.0047 
135200 0.0047 0.0047 
135300 0.0047 0.0047 
135400 0.0047 0.0047 
135500 0.0047 0.0047 
135600 0.0047 0.0047 
135700 0.0047 0.0047 
135800 0.0047 0.0047 
135900 0.0047 0.0047 
136000 0.0047 0.0047 
136100 0.0047 0.0047 
136200 0.0047 0.0047 
136300 0.0047 0.0047 
136400 0.0047 0.0047 
136500 0.0047 0.0047 
136600 0.0047 0.0047 
136700 0.0047 0.0047 
136800 0.0047 0.0047 
136900 0.0047 0.0047 
137000 0.0047 0.0047 
137100 0.0047 0.0047 
137200 0.0047 0.0047 
137300 0.0047 0.0047 
137400 0.0047 0.0047 
137500 0.0047 0.0047 
137600 0.0047 0.0047 
137700 0.0047 0.0047 
137800 0.0047 0.0047 
137900 0.0047 0.0047 
138000 0.0047 0.0047 
138100 0.0047 0.0047 
138200 0.0047 0.0047 
138300 0.0047 0.0047 
138400 0.0047 0.0047 
138500 0.0047 0.0047 
138600 0.0047 0.0047 
138700 0.0047 0.0047 
138800 0.0047 0.0047 
138900 0.0047 0.0047 
139000 0.0047 0.0047 
139100 0.0047 0.0047 
139200 0.0047 0.0047 
139300 0.0047 0.0047 
139400 0.0047 0.0047 
139500 0.0047 0.0047 
139600 0.0047 0.0047 
139700 0.0047 0.0047 
139800 0.0047 0.0047 
139900 0.0047 0.0047 
140000 0.0047 0.0047 
140100 0.0047 0.0047 
140200 0.0047 0.0047 
140300 0.0047 0.0047 
140400 0.0047 0.0047 
140500 0.0047 0.0047 
140600 0.0047 0.0047 
140700 0.0047 0.0047 
140800 0.0047 0.0047 
140900 0.0047 0.0047 
141000 0.0047 0.0047 
141100 0.0047 0.0047 
141200 0.0047 0.0047 
141300 0.0047 0.0047 
141400 0.0047 0.0047 
141500 0.0047 0.0047 
141600 0.0047 0.0047 
141700 0.0047 0.0047 
141800 0.0047 0.0047 
141900 0.0047 0.0047 
142000 0.0047 0.0047 
142100 0.0047 0.0047 
142200 0.0047 0.0047 
142300 0.0047 0.0047 
142400 0.0047 0.0047 
142500 0.0047 0.0047 
142600 0.0047 0.0047 
142700 0.0047 0.0047 
142800 0.0047 0.0047 
142900 0.0047 0.0047 
143000 0.0047 0.0047 
143100 0.0047 0.0047 
143200 0.0047 0.0047 
143300 0.0047 0.0047 
143400 0.0047 0.0047 
143500 0.0047 0.0047 
143600 0.0047 0.0047 
143700 0.0047 0.0047 
143800 0.0047 0.0047 
143900 0.0047 0.0047 
144000 0.0047 0.0047 
144100 0.0047 0.0047 
144200 0.0047 0.0047 
144300 0.0047 0.0047 
144400 0.0047 0.0047 
144500 0.0047 0.0047 
144600 0.0047 0.0047 
144700 0.0047 0.0047 
144800 0.0047 0.0047 
144900 0.0047 0.0047 
145000 0.0047 0.0047 
145100 0.0047 0.0047 
145200 0.0047 0.0047 
145300 0.0047 0.0047 
145400 0.0047 0.0047 
145500 0.0047 0.0047 
145600 0.0047 0.0047 
145700 0.0047 0.0047 
145800 0.0047 0.0047 
145900 0.0047 0.0047 
146000 0.0047 0.0047 
146100 0.0047 0.0047 
146200 0.0047 0.0047 
146300 0.0047 0.0047 
146400 0.0047 0.0047 
146500 0.0047 0.0047 
146600 0.0047 0.0047 
146700 0.0047 0.0047 
146800 0.0047 0.0047 
146900 0.0047 0.0047 
147000 0.0047 0.0047 
147100 0.0047 0.0047 
147200 0.0047 0.0047 
147300 0.0047 0.0047 
147400 0.0047 0.0047 
147500 0.0047 0.0047 
147600 0.0047 0.0047 
147700 0.0047 0.0047 
147800 0.0047 0.0047 
147900 0.0047 0.0047 
148000 0.0047 0.0047 
148100 0.0047 0.0047 
148200 0.0047 0.0047 
148300 0.0047 0.0047 
148400 0.0047 0.0047 
148500 0.0047 0.0047 
148600 0.0047 0.0047 
148700 0.0047 0.0047 
148800 0.0047 0.0047 
148900 0.0047 0.0047 
149000 0.0047 0.0047 
149100 0.0047 0.0047 
149200 0.0047 0.0047 
149300 0.0047 0.0047 
149400 0.0047 0.0047 
149500 0.0047 0.0047 
149600 0.0047 0.0047 
149700 0.0047 0.0047 
149800 0.0047 0.0047 
149900 0.0047 0.0047 
150000 0.0047 0.0047 
150100 0.0047 0.0047 
150200 0.0047 0.0047 
150300 0.0047 0.0047 
150400 0.0047 0.0047 
150500 0.0047 0.0047 
150600 0.0047 0.0047 
150700 0.0047 0.0047 
150800 0.0047 0.0047 
150900 0.0047 0.0047 
151000 0.0047 0.0047 
151100 0.0047 0.0047 
151200 0.0047 0.0047 
151300 0.0047 0.0047 
151400 0.0047 0.0047 
151500 0.0047 0.0047 
151600 0.0047 0.0047 
151700 0.0047 0.0047 
151800 0.0047 0.0047 
151900 0.0047 0.0047 
152000 0.0047 0.0047 
152100 0.0047 0.0047 
152200 0.0047 0.0047 
152300 0.0047 0.0047 
152400 0.0047 0.0047 
152500 0.0047 0.0047 
152600 0.0047 0.0047 
152700 0.0047 0.0047 
152800 0.0047 0.0047 
152900 0.0047 0.0047 
153000 0.0047 0.0047 
153100 0.0047 0.0047 
153200 0.0047 0.0047 
153300 0.0047 0.0047 
153400 0.0047 0.0047 
153500 0.0047 0.0047 
153600 0.0047 0.0047 
153700 0.0047 0.0047 
153800 0.0000 0.0000 
153900 0.0000 0.0000 
154000 0.0000 0.0000 
154100 0.0000 0.0000 
154200 0.0000 0.0000 
154300 0.0000 0.0000 
154400 0.0000 0.0000 
154500 0.0000 0.0000 
154600 0.0000 0.0000 
154700 0.0000 0.0000 
154800 0.0000 0.0000 
154900 0.0000 0.0000 
155000 0.0000 0.0000 
155100 0.0000 0.0000 
155200 0.0000 0.0000 
155300 0.0000 0.0000 
155400 0.0000 0.0000 
155500 0.0000 0.0000 
155600 0.0000 0.0000 
155700 0.0000 0.0000 
155800 0.0000 0.0000 
155900 0.0000 0.0000 
156000 0.0000 0.0000 
156100 0.0000 0.0000 
156200 0.0000 0.0000 
156300 0.0000 0.0000 
156400 0.0000 0.0000 
156500 0.0000 0.0000 
156600 0.0000 0.0000 
156700 0.0000 0.0000 
156800 0.0000 0.0000 
156900 0.0000 0.0000 
157000 0.0000 0.0000 
157100 0.0000 0.0000 
157200 0.0000 0.0000 
157300 0.0000 0.0000 
157400 0.0000 0.0000 
157500 0.0000 0.0000 
157600 0.0000 0.0000 
157700 0.0000 0.0000 
157800 0.0000 0.0000 
157900 0.0000 0.0000 
158000 0.0000 0.0000 
158100 0.0000 0.0000 
158200 0.0000 0.0000 
158300 0.0000 0.0000 
158400 0.0000 0.0000 
158500 0.0000 0.0000 
158600 0.0000 0.0000 
158700 0.0000 0.0000 
158800 0.0000 0.0000 
158900 0.0000 0.0000 
159000 0.0000 0.0000 
159100 0.0000 0.0000 
159200 0.0000 0.0000 
159300 0.0000 0.0000 
159400 0.0000 0.0000 
159500 0.0000 0.0000 
159600 0.0000 0.0000 
159700 0.0000 0.0000 
159800 0.0000 0.0000 
159900 0.0000 0.0000 
160000 0.0000 0.0000 
160100 0.0000 0.0000 
160200 0.0000 0.0000 
160300 0.0000 0.0000 
160400 0.0000 0.0000 
160500 0.0000 0.0000 
160600 0.0000 0.0000 
160700 0.0000 0.0000 
160800 0.0000 0.0000 
160900 0.0000 0.0000 
161000 0.0000 0.0000 
161100 0.0000 0.0000 
161200 0.0000 0.0000 
161300 0.0000 0.0000 
161400 0.0000 0.0000 
161500 0.0000 0.0000 
161600 0.0000 0.0000 
161700 0.0000 0.0000 
161800 0.0000 0.0000 
161900 0.0000 0.0000 
162000 0.0000 0.0000 
162100 0.0000 0.0000 
162200 0.0000 0.0000 
162300 0.0000 0.0000 
162400 0.0000 0.0000 
162500 0.0000 0.0000 
162600 0.0000 0.0000 
162700 0.0000 0.0000 
162800 0.0000 0.0000 
162900 0.0000 0.0000 
163000 0.0000 0.0000 
163100 0.0000 0.0000 
163200 0.0000 0.0000 
163300 0.0000 0.0000 
163400 0.0000 0.0000 
163500 0.0000 0.0000 
163600 0.0000 0.0000 
163700 0.0000 0.0000 
163800 0.0000 0.0000 
163900 0.0000 0.0000 
164000 0.0000 0.0000 
164100 0.0000 0.0000 
164200 0.0000 0.0000 
164300 0.0000 0.0000 
164400 0.0000 0.0000 
164500 0.0000 0.0000 
164600 0.0000 0.0000 
164700 0.0000 0.0000 
164800 0.0000 0.0000 
164900 0.0000 0.0000 
165000 0.0000 0.0000 
165100 0.0000 0.0000 
165200 0.0000 0.0000 
165300 0.0000 0.0000 
165400 0.0000 0.0000 
165500 0.0000 0.0000 
165600 0.0000 0.0000 
165700 0.0000 0.0000 
165800 0.0000 0.0000 
165900 0.0000 0.0000 
166000 0.0000 0.0000 
166100 0.0000 0.0000 
166200 0.0000 0.0000 
166300 0.0000 0.0000 
166400 0.0000 0.0000 
166500 0.0000 0.0000 
166600 0.0000 0.0000 
166700 0.0000 0.0000 
166800 0.0000 0.0000 
166900 0.0000 0.0000 
167000 0.0000 0.0000 
167100 0.0000 0.0000 
167200 0.0000 0.0000 
167300 0.0000 0.0000 
167400 0.0000 0.0000 
167500 0.0000 0.0000 
167600 0.0000 0.0000 
167700 0.0000 0.0000 
167800 0.0000 0.0000 
167900 0.0000 0.0000 
168000 0.0000 0.0000 
168100 0.0000 0.0000 
168200 0.0000 0.0000 
168300 0.0000 0.0000 
168400 0.0000 0.0000 
168500 0.0000 0.0000 
168600 0.0000 0.0000 
168700 0.0000 0.0000 
168800 0.0000 0.0000 
168900 0.0000 0.0000 
169000 0.0000 0.0000 
169100 0.0000 0.0000 
169200 0.0000 0.0000 
169300 0.0000 0.0000 
169400 0.0000 0.0000 
169500 0.0000 0.0000 
169600 0.0000 0.0000 
169700 0.0000 0.0000 
169800 0.0000 0.0000 
169900 0.0000 0.0000 
170000 0.0000 0.0000 
170100 0.0000 0.0000 
170200 0.0000 0.0000 
170300 0.0000 0.0000 
170400 0.0000 0.0000 
170500 0.0000 0.0000 
170600 0.0000 0.0000 
170700 0.0000 0.0000 
170800 0.0000 0.0000 
170900 0.0000 0.0000 
171000 0.0000 0.0000 
171100 0.0000 0.0000 
171200 0.0000 0.0000 
171300 0.0000 0.0000 
171400 0.0000 0.0000 
171500 0.0000 0.0000 
171600 0.0000 0.0000 
171700 0.0000 0.0000 
171800 0.0000 0.0000 
171900 0.0000 0.0000 
172000 0.0000 0.0000 
172100 0.0000 0.0000 
172200 0.0000 0.0000 
172300 0.0000 0.0000 
172400 0.0000 0.0000 
172500 0.0000 0.0000 
172600 0.0000 0.0000 
172700 0.0000 0.0000 
172800 0.0000 0.0000 
172900 0.0000 0.0000 
173000 0.0000 0.0000 
173100 0.0000 0.0000 
173200 0.0000 0.0000 
173300 0.0000 0.0000 
173400 0.0000 0.0000 
173500 0.0000 0.0000 
173600 0.0000 0.0000 
173700 0.0000 0.0000 
173800 0.0000 0.0000 
173900 0.0000 0.0000 
174000 0.0000 0.0000 
174100 0.0000 0.0000 
174200 0.0000 0.0000 
174300 0.0000 0.0000 
174400 0.0000 0.0000 
174500 0.0000 0.0000 
174600 0.0000 0.0000 
174700 0.0000 0.0000 
174800 0.0000 0.0000 
174900 0.0000 0.0000 
175000 0.0000 0.0000 
175100 0.0000 0.0000 
175200 0.0000 0.0000 
175300 0.0000 0.0000 
175400 0.0000 0.0000 
175500 0.0000 0.0000 
175600 0.0000 0.0000 
175700 0.0000 0.0000 
175800 0.0000 0.0000 
175900 0.0000 0.0000 
176000 0.0000 0.0000 
176100 0.0000 0.0000 
176200 0.0000 0.0000 
176300 0.0000 0.0000 
176400 0.0000 0.0000 
176500 0.0000 0.0000 
176600 0.0000 0.0000 
176700 0.0000 0.0000 
176800 0.0000 0.0000 
176900 0.0000 0.0000 
177000 0.0000 0.0000 
177100 0.0000 0.0000 
177200 0.0000 0.0000 
177300 0.0000 0.0000 
177400 0.0000 0.0000 
177500 0.0000 0.0000 
177600 0.0000 0.0000 
177700 0.0000 0.0000 
177800 0.0000 0.0000 
177900 0.0000 0.0000 
178000 0.0000 0.0000 
178100 0.0000 0.0000 
178200 0.0000 0.0000 
178300 0.0000 0.0000 
178400 0.0000 0.0000 
178500 0.0000 0.0000 
178600 0.0000 0.0000 
178700 0.0000 0.0000 
178800 0.0000 0.0000 
178900 0.0000 0.0000 
179000 0.0000 0.0000 
179100 0.0000 0.0000 
179200 0.0000 0.0000 
179300 0.0000 0.0000 
179400 0.0000 0.0000 
179500 0.0000 0.0000 
179600 0.0000 0.0000 
179700 0.0000 0.0000 
179800 0.0000 0.0000 
179900 0.0000 0.0000 
180000 0.0000 0.0000 
180100 0.0000 0.0000 
180200 0.0000 0.0000 
180300 0.0000 0.0000 
180400 0.0000 0.0000 
180500 0.0000 0.0000 
180600 0.0000 0.0000 
180700 0.0000 0.0000 
180800 0.0000 0.0000 
180900 0.0000 0.0000 
181000 0.0000 0.0000 
181100 0.0000 0.0000 
181200 0.0000 0.0000 
181300 0.0000 0.0000 
181400 0.0000 0.0000 
181500 0.0000 0.0000 
181600 0.0000 0.0000 
181700 0.0000 0.0000 
181800 0.0000 0.0000 
181900 0.0000 0.0000 
182000 0.0000 0.0000 
182100 0.0000 0.0000 
182200 0.0000 0.0000 
182300 0.0000 0.0000 
182400 0.0000 0.0000 
182500 0.0000 0.0000 
182600 0.0000 0.0000 
182700 0.0000 0.0000 
182800 0.0000 0.0000 
182900 0.0000 0.0000 
183000 0.0000 0.0000 
183100 0.0000 0.0000 
183200 0.0000 0.0000 
183300 0.0000 0.0000 
183400 0.0000 0.0000 
183500 0.0000 0.0000 
183600 0.0000 0.0000 
183700 0.0000 0.0000 
183800 0.0000 0.0000 
183900 0.0000 0.0000 
184000 0.0000 0.0000 
184100 0.0000 0.0000 
184200 0.0000 0.0000 
184300 0.0000 0.0000 
184400 0.0000 0.0000 
184500 0.0000 0.0000 
184600 0.0000 0.0000 
184700 0.0000 0.0000 
184800 0.0000 0.0000 
184900 0.0000 0.0000 
185000 0.0000 0.0000 
185100 0.0000 0.0000 
185200 0.0000 0.0000 
185300 0.0000 0.0000 
185400 0.0000 0.0000 
185500 0.0000 0.0000 
185600 0.0000 0.0000 
185700 0.0000 0.0000 
185800 0.0000 0.0000 
185900 0.0000 0.0000 
186000 0.0000 0.0000 
186100 0.0000 0.0000 
186200 0.0000 0.0000 
186300 0.0000 0.0000 
186400 0.0000 0.0000 
186500 0.0000 0.0000 
186600 0.0000 0.0000 
186700 0.0000 0.0000 
186800 0.0000 0.0000 
186900 0.0000 0.0000 
187000 0.0000 0.0000 
187100 0.0000 0.0000 
187200 0.0000 0.0000 
187300 0.0000 0.0000 
187400 0.0000 0.0000 
187500 0.0000 0.0000 
187600 0.0000 0.0000 
187700 0.0000 0.0000 
187800 0.0000 0.0000 
187900 0.0000 0.0000 
188000 0.0000 0.0000 
188100 0.0000 0.0000 
188200 0.0000 0.0000 
188300 0.0000 0.0000 
188400 0.0000 0.0000 
188500 0.0000 0.0000 
188600 0.0000 0.0000 
188700 0.0000 0.0000 
188800 0.0000 0.0000 
188900 0.0000 0.0000 
189000 0.0000 0.0000 
189100 0.0000 0.0000 
189200 0.0000 0.0000 
189300 0.0000 0.0000 
189400 0.0000 0.0000 
189500 0.0000 0.0000 
189600 0.0000 0.0000 
189700 0.0000 0.0000 
189800 0.0000 0.0000 
189900 0.0000 0.0000 
190000 0.0000 0.0000 
190100 0.0000 0.0000 
190200 0.0000 0.0000 
190300 0.0000 0.0000 
190400 0.0000 0.0000 
190500 0.0000 0.0000 
190600 0.0000 0.0000 
190700 0.0000 0.0000 
190800 0.0000 0.0000 
190900 0.0000 0.0000 
191000 0.0000 0.0000 
191100 0.0000 0.0000 
191200 0.0000 0.0000 
191300 0.0000 0.0000 
191400 0.0000 0.0000 
191500 0.0000 0.0000 
191600 0.0000 0.0000 
191700 0.0000 0.0000 
191800 0.0000 0.0000 
191900 0.0000 0.0000 
192000 0.0000 0.0000 
192100 0.0000 0.0000 
192200 0.0000 0.0000 
192300 0.0000 0.0000 
192400 0.0000 0.0000 
192500 0.0000 0.0000 
192600 0.0000 0.0000 
192700 0.0000 0.0000 
192800 0.0000 0.0000 
192900 0.0000 0.0000 
193000 0.0000 0.0000 
193100 0.0000 0.0000 
193200 0.0000 0.0000 
193300 0.0000 0.0000 
193400 0.0000 0.0000 
193500 0.0000 0.0000 
193600 0.0000 0.0000 
193700 0.0000 0.0000 
193800 0.0000 0.0000 
193900 0.0000 0.0000 
194000 0.0000 0.0000 
194100 0.0000 0.0000 
194200 0.0000 0.0000 
194300 0.0000 0.0000 
194400 0.0000 0.0000 
194500 0.0000 0.0000 
194600 0.0000 0.0000 
194700 0.0000 0.0000 
194800 0.0000 0.0000 
194900 0.0000 0.0000 
195000 0.0000 0.0000 
195100 0.0000 0.0000 
195200 0.0000 0.0000 
195300 0.0000 0.0000 
195400 0.0000 0.0000 
195500 0.0000 0.0000 
195600 0.0000 0.0000 
195700 0.0000 0.0000 
195800 0.0000 0.0000 
195900 0.0000 0.0000 
196000 0.0000 0.0000 
196100 0.0000 0.0000 
196200 0.0000 0.0000 
196300 0.0000 0.0000 
196400 0.0000 0.0000 
196500 0.0000 0.0000 
196600 0.0000 0.0000 
196700 0.0000 0.0000 
196800 0.0000 0.0000 
196900 0.0000 0.0000 
197000 0.0000 0.0000 
197100 0.0000 0.0000 
197200 0.0000 0.0000 
197300 0.0000 0.0000 
197400 0.0000 0.0000 
197500 0.0000 0.0000 
197600 0.0000 0.0000 
197700 0.0000 0.0000 
197800 0.0000 0.0000 
197900 0.0000 0.0000 
198000 0.0000 0.0000 
198100 0.0000 0.0000 
198200 0.0000 0.0000 
198300 0.0000 0.0000 
198400 0.0000 0.0000 
198500 0.0000 0.0000 
198600 0.0000 0.0000 
198700 0.0000 0.0000 
198800 0.0000 0.0000 
198900 0.0000 0.0000 
199000 0.0000 0.0000 
199100 0.0000 0.0000 
199200 0.0000 0.0000 
199300 0.0000 0.0000 
199400 0.0000 0.0000 
199500 0.0000 0.0000 
199600 0.0000 0.0000 
199700 0.0000 0.0000 
199800 0.0000 0.0000 
199900 0.0000 0.0000 
200000 0.0000 0.0000 
200100 0.0000 0.0000 
200200 0.0000 0.0000 
200300 0.0000 0.0000 
200400 0.0000 0.0000 
200500 0.0000 0.0000 
200600 0.0000 0.0000 
200700 0.0000 0.0000 
200800 0.0000 0.0000 
200900 0.0000 0.0000 
201000 0.0000 0.0000 
201100 0.0000 0.0000 
201200 0.0000 0.0000 
201300 0.0000 0.0000 
201400 0.0000 0.0000 
201500 0.0000 0.0000 
201600 0.0000 0.0000 
201700 0.0000 0.0000 
201800 0.0000 0.0000 
201900 0.0000 0.0000 
202000 0.0000 0.0000 
202100 0.0000 0.0000 
202200 0.0000 0.0000 
202300 0.0000 0.0000 
202400 0.0000 0.0000 
202500 0.0000 0.0000 
202600 0.0000 0.0000 
202700 0.0000 0.0000 
202800 0.0000 0.0000 
202900 0.0000 0.0000 
203000 0.0000 0.0000 
203100 0.0000 0.0000 
203200 0.0000 0.0000 
203300 0.0000 0.0000 
203400 0.0000 0.0000 
203500 0.0000 0.0000 
203600 0.0000 0.0000 
203700 0.0000 0.0000 
203800 0.0000 0.0000 
203900 0.0000 0.0000 
204000 0.0000 0.0000 
204100 0.0000 0.0000 
204200 0.0000 0.0000 
204300 0.0000 0.0000 
204400 0.0000 0.0000 
204500 0.0000 0.0000 
204600 0.0000 0.0000 
204700 0.0000 0.0000 
204800 0.0000 0.0000 
204900 0.0000 0.0000 
205000 0.0000 0.0000 
205100 0.0000 0.0000 
205200 0.0000 0.0000 
205300 0.0000 0.0000 
205400 0.0000 0.0000 
205500 0.0000 0.0000 
205600 0.0000 0.0000 
205700 0.0000 0.0000 
205800 0.0000 0.0000 
205900 0.0000 0.0000 
206000 0.0000 0.0000 
206100 0.0000 0.0000 
206200 0.0000 0.0000 
206300 0.0000 0.0000 
206400 0.0000 0.0000 
206500 0.0000 0.0000 
206600 0.0000 0.0000 
206700 0.0000 0.0000 
206800 0.0000 0.0000 
206900 0.0000 0.0000 
207000 0.0000 0.0000 
207100 0.0000 0.0000 
207200 0.0000 0.0000 
207300 0.0000 0.0000 
207400 0.0000 0.0000 
207500 0.0000 0.0000 
207600 0.0000 0.0000 
207700 0.0000 0.0000 
207800 0.0000 0.0000 
207900 0.0000 0.0000 
208000 0.0000 0.0000 
208100 0.0000 0.0000 
208200 0.0000 0.0000 
208300 0.0000 0.0000 
208400 0.0000 0.0000 
208500 0.0000 0.0000 
208600 0.0000 0.0000 
208700 0.0000 0.0000 
208800 0.0000 0.0000 
208900 0.0000 0.0000 
209000 0.0000 0.0000 
209100 0.0000 0.0000 
209200 0.0000 0.0000 
209300 0.0000 0.0000 
209400 0.0000 0.0000 
209500 0.0000 0.0000 
209600 0.0000 0.0000 
209700 0.0000 0.0000 
209800 0.0000 0.0000 
209900 0.0000 0.0000 
210000 0.0000 0.0000 
210100 0.0000 0.0000 
210200 0.0000 0.0000 
210300 0.0000 0.0000 
210400 0.0000 0.0000 
210500 0.0000 0.0000 
210600 0.0000 0.0000 
210700 0.0000 0.0000 
210800 0.0000 0.0000 
210900 0.0000 0.0000 
211000 0.0000 0.0000 
211100 0.0000 0.0000 
211200 0.0000 0.0000 
211300 0.0000 0.0000 
211400 0.0000 0.0000 
211500 0.0000 0.0000 
211600 0.0000 0.0000 
211700 0.0000 0.0000 
211800 0.0000 0.0000 
211900 0.0000 0.0000 
212000 0.0000 0.0000 
212100 0.0000 0.0000 
212200 0.0000 0.0000 
212300 0.0000 0.0000 
212400 0.0000 0.0000 
212500 0.0000 0.0000 
212600 0.0000 0.0000 
212700 0.0000 0.0000 
212800 0.0000 0.0000 
212900 0.0000 0.0000 
213000 0.0000 0.0000 
213100 0.0000 0.0000 
213200 0.0000 0.0000 
213300 0.0000 0.0000 
213400 0.0000 0.0000 
213500 0.0000 0.0000 
213600 0.0000 0.0000 
213700 0.0000 0.0000 
213800 0.0000 0.0000 
213900 0.0000 0.0000 
214000 0.0000 0.0000 
214100 0.0000 0.0000 
214200 0.0000 0.0000 
214300 0.0000 0.0000 
214400 0.0000 0.0000 
214500 0.0000 0.0000 
214600 0.0000 0.0000 
214700 0.0000 0.0000 
214800 0.0000 0.0000 
214900 0.0000 0.0000 
215000 0.0000 0.0000 
215100 0.0000 0.0000 
215200 0.0000 0.0000 
215300 0.0000 0.0000 
215400 0.0000 0.0000 
215500 0.0000 0.0000 
215600 0.0000 0.0000 
215700 0.0000 0.0000 
215800 0.0000 0.0000 
215900 0.0000 0.0000 
216000 0.0000 0.0000 
216100 0.0000 0.0000 
216200 0.0000 0.0000 
216300 0.0000 0.0000 
216400 0.0000 0.0000 
216500 0.0000 0.0000 
216600 0.0000 0.0000 
216700 0.0000 0.0000 
216800 0.0000 0.0000 
216900 0.0000 0.0000 
217000 0.0000 0.0000 
217100 0.0000 0.0000 
217200 0.0000 0.0000 
217300 0.0000 0.0000 
217400 0.0000 0.0000 
217500 0.0000 0.0000 
217600 0.0000 0.0000 
217700 0.0000 0.0000 
217800 0.0000 0.0000 
217900 0.0000 0.0000 
218000 0.0000 0.0000 
218100 0.0000 0.0000 
218200 0.0000 0.0000 
218300 0.0000 0.0000 
218400 0.0000 0.0000 
218500 0.0000 0.0000 
218600 0.0000 0.0000 
218700 0.0000 0.0000 
218800 0.0000 0.0000 
218900 0.0000 0.0000 
219000 0.0000 0.0000 
219100 0.0000 0.0000 
219200 0.0000 0.0000 
219300 0.0000 0.0000 
219400 0.0000 0.0000 
219500 0.0000 0.0000 
219600 0.0000 0.0000 
219700 0.0000 0.0000 
219800 0.0000 0.0000 
219900 0.0000 0.0000 
220000 0.0000 0.0000 
220100 0.0000 0.0000 
220200 0.0000 0.0000 
220300 0.0000 0.0000 
220400 0.0000 0.0000 
220500 0.0000 0.0000 
220600 0.0000 0.0000 
220700 0.0000 0.0000 
220800 0.0000 0.0000 
220900 0.0000 0.0000 
221000 0.0000 0.0000 
221100 0.0000 0.0000 
221200 0.0000 0.0000 
221300 0.0000 0.0000 
221400 0.0000 0.0000 
221500 0.0000 0.0000 
221600 0.0000 0.0000 
221700 0.0000 0.0000 
221800 0.0000 0.0000 
221900 0.0000 0.0000 
222000 0.0000 0.0000 
222100 0.0000 0.0000 
222200 0.0000 0.0000 
222300 0.0000 0.0000 
222400 0.0000 0.0000 
222500 0.0000 0.0000 
222600 0.0000 0.0000 
222700 0.0000 0.0000 
222800 0.0000 0.0000 
222900 0.0000 0.0000 
223000 0.0000 0.0000 
223100 0.0000 0.0000 
223200 0.0000 0.0000 
223300 0.0000 0.0000 
223400 0.0000 0.0000 
223500 0.0000 0.0000 
223600 0.0000 0.0000 
223700 0.0000 0.0000 
223800 0.0000 0.0000 
223900 0.0000 0.0000 
224000 0.0000 0.0000 
224100 0.0000 0.0000 
224200 0.0000 0.0000 
224300 0.0000 0.0000 
224400 0.0000 0.0000 
224500 0.0000 0.0000 
224600 0.0000 0.0000 
224700 0.0000 0.0000 
224800 0.0000 0.0000 
224900 0.0000 0.0000 
225000 0.0000 0.0000 
225100 0.0000 0.0000 
225200 0.0000 0.0000 
225300 0.0000 0.0000 
225400 0.0000 0.0000 
225500 0.0000 0.0000 
225600 0.0000 0.0000 
225700 0.0000 0.0000 
225800 0.0000 0.0000 
225900 0.0000 0.0000 
226000 0.0000 0.0000 
226100 0.0000 0.0000 
226200 0.0000 0.0000 
226300 0.0000 0.0000 
226400 0.0000 0.0000 
226500 0.0000 0.0000 
226600 0.0000 0.0000 
226700 0.0000 0.0000 
226800 0.0000 0.0000 
226900 0.0000 0.0000 
227000 0.0000 0.0000 
227100 0.0000 0.0000 
227200 0.0000 0.0000 
227300 0.0000 0.0000 
227400 0.0000 0.0000 
227500 0.0000 0.0000 
227600 0.0000 0.0000 
227700 0.0000 0.0000 
227800 0.0000 0.0000 
227900 0.0000 0.0000 
228000 0.0000 0.0000 
228100 0.0000 0.0000 
228200 0.0000 0.0000 
228300 0.0000 0.0000 
228400 0.0000 0.0000 
228500 0.0000 0.0000 
228600 0.0000 0.0000 
228700 0.0000 0.0000 
228800 0.0000 0.0000 
228900 0.0000 0.0000 
229000 0.0000 0.0000 
229100 0.0000 0.0000 
229200 0.0000 0.0000 
229300 0.0000 0.0000 
229400 0.0000 0.0000 
229500 0.0000 0.0000 
229600 0.0000 0.0000 
229700 0.0000 0.0000 
229800 0.0000 0.0000 
229900 0.0000 0.0000 
230000 0.0000 0.0000 
230100 0.0000 0.0000 
230200 0.0000 0.0000 
230300 0.0000 0.0000 
230400 0.0000 0.0000 
230500 0.0000 0.0000 
230600 0.0000 0.0000 
230700 0.0000 0.0000 
230800 0.0000 0.0000 
230900 0.0000 0.0000 
231000 0.0000 0.0000 
231100 0.0000 0.0000 
231200 0.0000 0.0000 
231300 0.0000 0.0000 
231400 0.0000 0.0000 
231500 0.0000 0.0000 
231600 0.0000 0.0000 
231700 0.0000 0.0000 
231800 0.0000 0.0000 
231900 0.0000 0.0000 
232000 0.0000 0.0000 
232100 0.0000 0.0000 
232200 0.0000 0.0000 
232300 0.0000 0.0000 
232400 0.0000 0.0000 
232500 0.0000 0.0000 
232600 0.0000 0.0000 
232700 0.0000 0.0000 
232800 0.0000 0.0000 
232900 0.0000 0.0000 
233000 0.0000 0.0000 
233100 0.0000 0.0000 
233200 0.0000 0.0000 
233300 0.0000 0.0000 
233400 0.0000 0.0000 
233500 0.0000 0.0000 
233600 0.0000 0.0000 
233700 0.0000 0.0000 
233800 0.0000 0.0000 
233900 0.0000 0.0000 
234000 0.0000 0.0000 
234100 0.0000 0.0000 
234200 0.0000 0.0000 
234300 0.0000 0.0000 
234400 0.0000 0.0000 
234500 0.0000 0.0000 
234600 0.0000 0.0000 
234700 0.0000 0.0000 
234800 0.0000 0.0000 
234900 0.0000 0.0000 
235000 0.0000 0.0000 
235100 0.0000 0.0000 
235200 0.0000 0.0000 
235300 0.0000 0.0000 
235400 0.0000 0.0000 
235500 0.0000 0.0000 
235600 0.0000 0.0000 
235700 0.0000 0.0000 
235800 0.0000 0.0000 
235900 0.0000 0.0000 
236000 0.0000 0.0000 
236100 0.0000 0.0000 
236200 0.0000 0.0000 
236300 0.0000 0.0000 
236400 0.0000 0.0000 
236500 0.0000 0.0000 
236600 0.0000 0.0000 
236700 0.0000 0.0000 
236800 0.0000 0.0000 
236900 0.0000 0.0000 
237000 0.0000 0.0000 
237100 0.0000 0.0000 
237200 0.0000 0.0000 
237300 0.0000 0.0000 
237400 0.0000 0.0000 
237500 0.0000 0.0000 
237600 0.0000 0.0000 
237700 0.0000 0.0000 
237800 0.0000 0.0000 
237900 0.0000 0.0000 
238000 0.0000 0.0000 
238100 0.0000 0.0000 
238200 0.0000 0.0000 
238300 0.0000 0.0000 
238400 0.0000 0.0000 
238500 0.0000 0.0000 
238600 0.0000 0.0000 
238700 0.0000 0.0000 
238800 0.0000 0.0000 
238900 0.0000 0.0000 
239000 0.0000 0.0000 
239100 0.0000 0.0000 
239200 0.0000 0.0000 
239300 0.0000 0.0000 
239400 0.0000 0.0000 
239500 0.0000 0.0000 
239600 0.0000 0.0000 
239700 0.0000 0.0000 
239800 0.0000 0.0000 
239900 0.0000 0.0000 
240000 0.0000 0.0000 
240100 0.0000 0.0000 
240200 0.0000 0.0000 
240300 0.0000 0.0000 
240400 0.0000 0.0000 
240500 0.0000 0.0000 
240600 0.0000 0.0000 
240700 0.0000 0.0000 
240800 0.0000 0.0000 
240900 0.0000 0.0000 
241000 0.0000 0.0000 
241100 0.0000 0.0000 
241200 0.0000 0.0000 
241300 0.0000 0.0000 
241400 0.0000 0.0000 
241500 0.0000 0.0000 
241600 0.0000 0.0000 
241700 0.0000 0.0000 
241800 0.0000 0.0000 
241900 0.0000 0.0000 
242000 0.0000 0.0000 
242100 0.0000 0.0000 
242200 0.0000 0.0000 
242300 0.0000 0.0000 
242400 0.0000 0.0000 
242500 0.0000 0.0000 
242600 0.0000 0.0000 
242700 0.0000 0.0000 
242800 0.0000 0.0000 
242900 0.0000 0.0000 
243000 0.0000 0.0000 
243100 0.0000 0.0000 
243200 0.0000 0.0000 
243300 0.0000 0.0000 
243400 0.0000 0.0000 
243500 0.0000 0.0000 
243600 0.0000 0.0000 
243700 0.0000 0.0000 
243800 0.0000 0.0000 
243900 0.0000 0.0000 
244000 0.0000 0.0000 
244100 0.0000 0.0000 
244200 0.0000 0.0000 
244300 0.0000 0.0000 
244400 0.0000 0.0000 
244500 0.0000 0.0000 
244600 0.0000 0.0000 
244700 0.0000 0.0000 
244800 0.0000 0.0000 
244900 0.0000 0.0000 
245000 0.0000 0.0000 
245100 0.0000 0.0000 
245200 0.0000 0.0000 
245300 0.0000 0.0000 
245400 0.0000 0.0000 
245500 0.0000 0.0000 
245600 0.0000 0.0000 
245700 0.0000 0.0000 
245800 0.0000 0.0000 
245900 0.0000 0.0000 
246000 0.0000 0.0000 
246100 0.0000 0.0000 
246200 0.0000 0.0000 
246300 0.0000 0.0000 
246400 0.0000 0.0000 
246500 0.0000 0.0000 
246600 0.0000 0.0000 
246700 0.0000 0.0000 
246800 0.0000 0.0000 
246900 0.0000 0.0000 
247000 0.0000 0.0000 
247100 0.0000 0.0000 
247200 0.0000 0.0000 
247300 0.0000 0.0000 
247400 0.0000 0.0000 
247500 0.0000 0.0000 
247600 0.0000 0.0000 
247700 0.0000 0.0000 
247800 0.0000 0.0000 
247900 0.0000 0.0000 
248000 0.0000 0.0000 
248100 0.0000 0.0000 
248200 0.0000 0.0000 
248300 0.0000 0.0000 
248400 0.0000 0.0000 
248500 0.0000 0.0000 
248600 0.0000 0.0000 
248700 0.0000 0.0000 
248800 0.0000 0.0000 
248900 0.0000 0.0000 
249000 0.0000 0.0000 
249100 0.0000 0.0000 
249200 0.0000 0.0000 
249300 0.0000 0.0000 
249400 0.0000 0.0000 
249500 0.0000 0.0000 
249600 0.0000 0.0000 
249700 0.0000 0.0000 
249800 0.0000 0.0000 
249900 0.0000 0.0000 
250000 0.0000 0.0000 
250100 0.0000 0.0000 
250200 0.0000 0.0000 
250300 0.0000 0.0000 
250400 0.0000 0.0000 
250500 0.0000 0.0000 
250600 0.0000 0.0000 
250700 0.0000 0.0000 
250800 0.0000 0.0000 
250900 0.0000 0.0000 
251000 0.0000 0.0000 
251100 0.0000 0.0000 
251200 0.0000 0.0000 
251300 0.0000 0.0000 
251400 0.0000 0.0000 
251500 0.0000 0.0000 
251600 0.0000 0.0000 
251700 0.0000 0.0000 
251800 0.0000 0.0000 
251900 0.0000 0.0000 
252000 0.0000 0.0000 
252100 0.0000 0.0000 
252200 0.0000 0.0000 
252300 0.0000 0.0000 
252400 0.0000 0.0000 
252500 0.0000 0.0000 
252600 0.0000 0.0000 
252700 0.0000 0.0000 
252800 0.0000 0.0000 
252900 0.0000 0.0000 
253000 0.0000 0.0000 
253100 0.0000 0.0000 
253200 0.0000 0.0000 
253300 0.0000 0.0000 
253400 0.0000 0.0000 
253500 0.0000 0.0000 
253600 0.0000 0.0000 
253700 0.0000 0.0000 
253800 0.0000 0.0000 
253900 0.0000 0.0000 
254000 0.0000 0.0000 
254100 0.0000 0.0000 
254200 0.0000 0.0000 
254300 0.0000 0.0000 
254400 0.0000 0.0000 
254500 0.0000 0.0000 
254600 0.0000 0.0000 
254700 0.0000 0.0000 
254800 0.0000 0.0000 
254900 0.0000 0.0000 
255000 0.0000 0.0000 
255100 0.0000 0.0000 
255200 0.0000 0.0000 
255300 0.0000 0.0000 
255400 0.0000 0.0000 
255500 0.0000 0.0000 
255600 0.0000 0.0000 
255700 0.0000 0.0000 
255800 0.0000 0.0000 
255900 0.0000 0.0000 
256000 0.0000 0.0000 
256100 0.0000 0.0000 
256200 0.0000 0.0000 
256300 0.0000 0.0000 
256400 0.0000 0.0000 
256500 0.0000 0.0000 
256600 0.0000 0.0000 
256700 0.0000 0.0000 
256800 0.0000 0.0000 
256900 0.0000 0.0000 
257000 0.0000 0.0000 
257100 0.0000 0.0000 
257200 0.0000 0.0000 
257300 0.0000 0.0000 
257400 0.0000 0.0000 
257500 0.0000 0.0000 
257600 0.0000 0.0000 
257700 0.0000 0.0000 
257800 0.0000 0.0000 
257900 0.0000 0.0000 
258000 0.0000 0.0000 
258100 0.0000 0.0000 
258200 0.0000 0.0000 
258300 0.0000 0.0000 
258400 0.0000 0.0000 
258500 0.0000 0.0000 
258600 0.0000 0.0000 
258700 0.0000 0.0000 
258800 0.0000 0.0000 
258900 0.0000 0.0000 
259000 0.0000 0.0000 
259100 0.0000 0.0000 
259200 0.0000 0.0000 
259300 0.0000 0.0000 
259400 0.0000 0.0000 
259500 0.0000 0.0000 
259600 0.0000 0.0000 
259700 0.0000 0.0000 
259800 0.0000 0.0000 
259900 0.0000 0.0000 
260000 0.0000 0.0000 
260100 0.0000 0.0000 
260200 0.0000 0.0000 
260300 0.0000 0.0000 
260400 0.0000 0.0000 
260500 0.0000 0.0000 
260600 0.0000 0.0000 
260700 0.0000 0.0000 
260800 0.0000 0.0000 
260900 0.0000 0.0000 
261000 0.0000 0.0000 
261100 0.0000 0.0000 
261200 0.0000 0.0000 
261300 0.0000 0.0000 
261400 0.0000 0.0000 
261500 0.0000 0.0000 
261600 0.0000 0.0000 
261700 0.0000 0.0000 
261800 0.0000 0.0000 
261900 0.0000 0.0000 
262000 0.0000 0.0000 
262100 0.0000 0.0000 
262200 0.0000 0.0000 
262300 0.0000 0.0000 
262400 0.0000 0.0000 
262500 0.0000 0.0000 
262600 0.0000 0.0000 
262700 0.0000 0.0000 
262800 0.0000 0.0000 
262900 0.0000 0.0000 
263000 0.0000 0.0000 
263100 0.0000 0.0000 
263200 0.0000 0.0000 
263300 0.0000 0.0000 
263400 0.0000 0.0000 
263500 0.0000 0.0000 
263600 0.0000 0.0000 
263700 0.0000 0.0000 
263800 0.0000 0.0000 
263900 0.0000 0.0000 
264000 0.0000 0.0000 
264100 0.0000 0.0000 
264200 0.0000 0.0000 
264300 0.0000 0.0000 
264400 0.0000 0.0000 
264500 0.0000 0.0000 
264600 0.0000 0.0000 
264700 0.0000 0.0000 
264800 0.0000 0.0000 
264900 0.0000 0.0000 
265000 0.0000 0.0000 
265100 0.0000 0.0000 
265200 0.0000 0.0000 
265300 0.0000 0.0000 
265400 0.0000 0.0000 
265500 0.0000 0.0000 
265600 0.0000 0.0000 
265700 0.0000 0.0000 
265800 0.0000 0.0000 
265900 0.0000 0.0000 
266000 0.0000 0.0000 
266100 0.0000 0.0000 
266200 0.0000 0.0000 
266300 0.0000 0.0000 
266400 0.0000 0.0000 
266500 0.0000 0.0000 
266600 0.0000 0.0000 
266700 0.0000 0.0000 
266800 0.0000 0.0000 
266900 0.0000 0.0000 
267000 0.0000 0.0000 
267100 0.0000 0.0000 
267200 0.0000 0.0000 
267300 0.0000 0.0000 
267400 0.0000 0.0000 
267500 0.0000 0.0000 
267600 0.0000 0.0000 
267700 0.0000 0.0000 
267800 0.0000 0.0000 
267900 0.0000 0.0000 
268000 0.0000 0.0000 
268100 0.0000 0.0000 
268200 0.0000 0.0000 
268300 0.0000 0.0000 
268400 0.0000 0.0000 
268500 0.0000 0.0000 
268600 0.0000 0.0000 
268700 0.0000 0.0000 
268800 0.0000 0.0000 
268900 0.0000 0.0000 
269000 0.0000 0.0000 
269100 0.0000 0.0000 
269200 0.0000 0.0000 
269300 0.0000 0.0000 
269400 0.0000 0.0000 
269500 0.0000 0.0000 
269600 0.0000 0.0000 
269700 0.0000 0.0000 
269800 0.0000 0.0000 
269900 0.0000 0.0000 
270000 0.0000 0.0000 
270100 0.0000 0.0000 
270200 0.0000 0.0000 
270300 0.0000 0.0000 
270400 0.0000 0.0000 
270500 0.0000 0.0000 
270600 0.0000 0.0000 
270700 0.0000 0.0000 
270800 0.0000 0.0000 
270900 0.0000 0.0000 
271000 0.0000 0.0000 
271100 0.0000 0.0000 
271200 0.0000 0.0000 
271300 0.0000 0.0000 
271400 0.0000 0.0000 
271500 0.0000 0.0000 
271600 0.0000 0.0000 
271700 0.0000 0.0000 
271800 0.0000 0.0000 
271900 0.0000 0.0000 
272000 0.0000 0.0000 
272100 0.0000 0.0000 
272200 0.0000 0.0000 
272300 0.0000 0.0000 
272400 0.0000 0.0000 
272500 0.0000 0.0000 
272600 0.0000 0.0000 
272700 0.0000 0.0000 
272800 0.0000 0.0000 
272900 0.0000 0.0000 
273000 0.0000 0.0000 
273100 0.0000 0.0000 
273200 0.0000 0.0000 
273300 0.0000 0.0000 
273400 0.0000 0.0000 
273500 0.0000 0.0000 
273600 0.0000 0.0000 
273700 0.0000 0.0000 
273800 0.0000 0.0000 
273900 0.0000 0.0000 
274000 0.0000 0.0000 
274100 0.0000 0.0000 
274200 0.0000 0.0000 
274300 0.0000 0.0000 
274400 0.0000 0.0000 
274500 0.0000 0.0000 
274600 0.0000 0.0000 
274700 0.0000 0.0000 
274800 0.0000 0.0000 
274900 0.0000 0.0000 
275000 0.0000 0.0000 
275100 0.0000 0.0000 
275200 0.0000 0.0000 
275300 0.0000 0.0000 
275400 0.0000 0.0000 
275500 0.0000 0.0000 
275600 0.0000 0.0000 
275700 0.0000 0.0000 
275800 0.0000 0.0000 
275900 0.0000 0.0000 
276000 0.0000 0.0000 
276100 0.0000 0.0000 
276200 0.0000 0.0000 
276300 0.0000 0.0000 
276400 0.0000 0.0000 
276500 0.0000 0.0000 
276600 0.0000 0.0000 
276700 0.0000 0.0000 
276800 0.0000 0.0000 
276900 0.0000 0.0000 
277000 0.0000 0.0000 
277100 0.0000 0.0000 
277200 0.0000 0.0000 
277300 0.0000 0.0000 
277400 0.0000 0.0000 
277500 0.0000 0.0000 
277600 0.0000 0.0000 
277700 0.0000 0.0000 
277800 0.0000 0.0000 
277900 0.0000 0.0000 
278000 0.0000 0.0000 
278100 0.0000 0.0000 
278200 0.0000 0.0000 
278300 0.0000 0.0000 
278400 0.0000 0.0000 
278500 0.0000 0.0000 
278600 0.0000 0.0000 
278700 0.0000 0.0000 
278800 0.0000 0.0000 
278900 0.0000 0.0000 
279000 0.0000 0.0000 
279100 0.0000 0.0000 
279200 0.0000 0.0000 
279300 0.0000 0.0000 
279400 0.0000 0.0000 
279500 0.0000 0.0000 
279600 0.0000 0.0000 
279700 0.0000 0.0000 
279800 0.0000 0.0000 
279900 0.0000 0.0000 
280000 0.0000 0.0000 
280100 0.0000 0.0000 
280200 0.0000 0.0000 
280300 0.0000 0.0000 
280400 0.0000 0.0000 
280500 0.0000 0.0000 
280600 0.0000 0.0000 
280700 0.0000 0.0000 
280800 0.0000 0.0000 
280900 0.0000 0.0000 
281000 0.0000 0.0000 
281100 0.0000 0.0000 
281200 0.0000 0.0000 
281300 0.0000 0.0000 
281400 0.0000 0.0000 
281500 0.0000 0.0000 
281600 0.0000 0.0000 
281700 0.0000 0.0000 
281800 0.0000 0.0000 
281900 0.0000 0.0000 
282000 0.0000 0.0000 
282100 0.0000 0.0000 
282200 0.0000 0.0000 
282300 0.0000 0.0000 
282400 0.0000 0.0000 
282500 0.0000 0.0000 
282600 0.0000 0.0000 
282700 0.0000 0.0000 
282800 0.0000 0.0000 
282900 0.0000 0.0000 
283000 0.0000 0.0000 
283100 0.0000 0.0000 
283200 0.0000 0.0000 
283300 0.0000 0.0000 
283400 0.0000 0.0000 
283500 0.0000 0.0000 
283600 0.0000 0.0000 
283700 0.0000 0.0000 
283800 0.0000 0.0000 
283900 0.0000 0.0000 
284000 0.0000 0.0000 
284100 0.0000 0.0000 
284200 0.0000 0.0000 
284300 0.0000 0.0000 
284400 0.0000 0.0000 
284500 0.0000 0.0000 
284600 0.0000 0.0000 
284700 0.0000 0.0000 
284800 0.0000 0.0000 
284900 0.0000 0.0000 
285000 0.0000 0.0000 
285100 0.0000 0.0000 
285200 0.0000 0.0000 
285300 0.0000 0.0000 
285400 0.0000 0.0000 
285500 0.0000 0.0000 
285600 0.0000 0.0000 
285700 0.0000 0.0000 
285800 0.0000 0.0000 
285900 0.0000 0.0000 
286000 0.0000 0.0000 
286100 0.0000 0.0000 
286200 0.0000 0.0000 
286300 0.0000 0.0000 
286400 0.0000 0.0000 
286500 0.0000 0.0000 
286600 0.0000 0.0000 
286700 0.0000 0.0000 
286800 0.0000 0.0000 
286900 0.0000 0.0000 
287000 0.0000 0.0000 
287100 0.0000 0.0000 
287200 0.0000 0.0000 
287300 0.0000 0.0000 
287400 0.0000 0.0000 
287500 0.0000 0.0000 
287600 0.0000 0.0000 
287700 0.0000 0.0000 
287800 0.0000 0.0000 
287900 0.0000 0.0000 
288000 0.0000 0.0000 
288100 0.0000 0.0000 
288200 0.0000 0.0000 
288300 0.0000 0.0000 
288400 0.0000 0.0000 
288500 0.0000 0.0000 
288600 0.0000 0.0000 
288700 0.0000 0.0000 
288800 0.0000 0.0000 
288900 0.0000 0.0000 
289000 0.0000 0.0000 
289100 0.0000 0.0000 
289200 0.0000 0.0000 
289300 0.0000 0.0000 
289400 0.0000 0.0000 
289500 0.0000 0.0000 
289600 0.0000 0.0000 
289700 0.0000 0.0000 
289800 0.0000 0.0000 
289900 0.0000 0.0000 
290000 0.0000 0.0000 
290100 0.0000 0.0000 
290200 0.0000 0.0000 
290300 0.0000 0.0000 
290400 0.0000 0.0000 
290500 0.0000 0.0000 
290600 0.0000 0.0000 
290700 0.0000 0.0000 
290800 0.0000 0.0000 
290900 0.0000 0.0000 
291000 0.0000 0.0000 
291100 0.0000 0.0000 
291200 0.0000 0.0000 
291300 0.0000 0.0000 
291400 0.0000 0.0000 
291500 0.0000 0.0000 
291600 0.0000 0.0000 
291700 0.0000 0.0000 
291800 0.0000 0.0000 
291900 0.0000 0.0000 
292000 0.0000 0.0000 
292100 0.0000 0.0000 
292200 0.0000 0.0000 
292300 0.0000 0.0000 
292400 0.0000 0.0000 
292500 0.0000 0.0000 
292600 0.0000 0.0000 
292700 0.0000 0.0000 
292800 0.0000 0.0000 
292900 0.0000 0.0000 
293000 0.0000 0.0000 
293100 0.0000 0.0000 
293200 0.0000 0.0000 
293300 0.0000 0.0000 
293400 0.0000 0.0000 
293500 0.0000 0.0000 
293600 0.0000 0.0000 
293700 0.0000 0.0000 
293800 0.0000 0.0000 
293900 0.0000 0.0000 
294000 0.0000 0.0000 
294100 0.0000 0.0000 
294200 0.0000 0.0000 
294300 0.0000 0.0000 
294400 0.0000 0.0000 
294500 0.0000 0.0000 
294600 0.0000 0.0000 
294700 0.0000 0.0000 
294800 0.0000 0.0000 
294900 0.0000 0.0000 
295000 0.0000 0.0000 
295100 0.0000 0.0000 
295200 0.0000 0.0000 
295300 0.0000 0.0000 
295400 0.0000 0.0000 
295500 0.0000 0.0000 
295600 0.0000 0.0000 
295700 0.0000 0.0000 
295800 0.0000 0.0000 
295900 0.0000 0.0000 
296000 0.0000 0.0000 
296100 0.0000 0.0000 
296200 0.0000 0.0000 
296300 0.0000 0.0000 
296400 0.0000 0.0000 
296500 0.0000 0.0000 
296600 0.0000 0.0000 
296700 0.0000 0.0000 
296800 0.0000 0.0000 
296900 0.0000 0.0000 
297000 0.0000 0.0000 
297100 0.0000 0.0000 
297200 0.0000 0.0000 
297300 0.0000 0.0000 
297400 0.0000 0.0000 
297500 0.0000 0.0000 
297600 0.0000 0.0000 
297700 0.0000 0.0000 
297800 0.0000 0.0000 
297900 0.0000 0.0000 
298000 0.0000 0.0000 
298100 0.0000 0.0000 
298200 0.0000 0.0000 
298300 0.0000 0.0000 
298400 0.0000 0.0000 
298500 0.0000 0.0000 
298600 0.0000 0.0000 
298700 0.0000 0.0000 
298800 0.0000 0.0000 
298900 0.0000 0.0000 
299000 0.0000 0.0000 
299100 0.0000 0.0000 
299200 0.0000 0.0000 
299300 0.0000 0.0000 
299400 0.0000 0.0000 
299500 0.0000 0.0000 
299600 0.0000 0.0000 
299700 0.0000 0.0000 
299800 0.0000 0.0000 
299900 0.0000 0.0000 
300000 0.0000 0.0000 
