100 0.2271 0.2271 
200 0.2271 0.2271 
300 0.2271 0.2271 
400 0.2122 0.2122 
500 0.2122 0.2122 
600 0.2122 0.2122 
700 0.2055 0.2055 
800 0.2055 0.2055 
900 0.2055 0.2055 
1000 0.2035 0.2035 
1100 0.2035 0.2035 
1200 0.2035 0.2035 
1300 0.2035 0.2035 
1400 0.1945 0.1945 
1500 0.1894 0.1894 
1600 0.1894 0.1894 
1700 0.1894 0.1894 
1800 0.1894 0.1894 
1900 0.1894 0.1894 
2000 0.1894 0.1894 
2100 0.1894 0.1894 
2200 0.1776 0.1776 
2300 0.1776 0.1776 
2400 0.1776 0.1776 
2500 0.1545 0.1545 
2600 0.1545 0.1545 
2700 0.1545 0.1545 
2800 0.1545 0.1545 
2900 0.1545 0.1545 
3000 0.1545 0.1545 
3100 0.1545 0.1545 
3200 0.1545 0.1545 
3300 0.1545 0.1545 
3400 0.1545 0.1545 
3500 0.1545 0.1545 
3600 0.1063 0.1063 
3700 0.1063 0.1063 
3800 0.1063 0.1063 
3900 0.1063 0.1063 
4000 0.1063 0.1063 
4100 0.1063 0.1063 
4200 0.1063 0.1063 
4300 0.0734 0.0734 
4400 0.0734 0.0734 
4500 0.0734 0.0734 
4600 0.0734 0.0734 
4700 0.0734 0.0734 
4800 0.0734 0.0734 
4900 0.0734 0.0734 
5000 0.0734 0.0734 
5100 0.0734 0.0734 
5200 0.0734 0.0734 
5300 0.0734 0.0734 
5400 0.0734 0.0734 
5500 0.0734 0.0734 
5600 0.0734 0.0734 
5700 0.0734 0.0734 
5800 0.0734 0.0734 
5900 0.0734 0.0734 
6000 0.0734 0.0734 
6100 0.0734 0.0734 
6200 0.0734 0.0734 
6300 0.0734 0.0734 
6400 0.0734 0.0734 
6500 0.0734 0.0734 
6600 0.0734 0.0734 
6700 0.0734 0.0734 
6800 0.0734 0.0734 
6900 0.0734 0.0734 
7000 0.0734 0.0734 
7100 0.0734 0.0734 
7200 0.0734 0.0734 
7300 0.0734 0.0734 
7400 0.0734 0.0734 
7500 0.0734 0.0734 
7600 0.0734 0.0734 
7700 0.0734 0.0734 
7800 0.0734 0.0734 
7900 0.0734 0.0734 
8000 0.0734 0.0734 
8100 0.0734 0.0734 
8200 0.0734 0.0734 
8300 0.0734 0.0734 
8400 0.0734 0.0734 
8500 0.0734 0.0734 
8600 0.0734 0.0734 
8700 0.0734 0.0734 
8800 0.0734 0.0734 
8900 0.0734 0.0734 
9000 0.0734 0.0734 
9100 0.0734 0.0734 
9200 0.0734 0.0734 
9300 0.0734 0.0734 
9400 0.0734 0.0734 
9500 0.0734 0.0734 
9600 0.0734 0.0734 
9700 0.0734 0.0734 
9800 0.0734 0.0734 
9900 0.0734 0.0734 
10000 0.0734 0.0734 
10100 0.0734 0.0734 
10200 0.0734 0.0734 
10300 0.0734 0.0734 
10400 0.0734 0.0734 
10500 0.0734 0.0734 
10600 0.0734 0.0734 
10700 0.0734 0.0734 
10800 0.0734 0.0734 
10900 0.0734 0.0734 
11000 0.0734 0.0734 
11100 0.0734 0.0734 
11200 0.0734 0.0734 
11300 0.0734 0.0734 
11400 0.0734 0.0734 
11500 0.0734 0.0734 
11600 0.0734 0.0734 
11700 0.0734 0.0734 
11800 0.0734 0.0734 
11900 0.0734 0.0734 
12000 0.0734 0.0734 
12100 0.0734 0.0734 
12200 0.0734 0.0734 
12300 0.0734 0.0734 
12400 0.0734 0.0734 
12500 0.0734 0.0734 
12600 0.0734 0.0734 
12700 0.0734 0.0734 
12800 0.0734 0.0734 
12900 0.0734 0.0734 
13000 0.0734 0.0734 
13100 0.0734 0.0734 
13200 0.0734 0.0734 
13300 0.0734 0.0734 
13400 0.0734 0.0734 
13500 0.0734 0.0734 
13600 0.0734 0.0734 
13700 0.0734 0.0734 
13800 0.0734 0.0734 
13900 0.0734 0.0734 
14000 0.0734 0.0734 
14100 0.0734 0.0734 
14200 0.0734 0.0734 
14300 0.0734 0.0734 
14400 0.0734 0.0734 
14500 0.0734 0.0734 
14600 0.0734 0.0734 
14700 0.0734 0.0734 
14800 0.0734 0.0734 
14900 0.0734 0.0734 
15000 0.0734 0.0734 
15100 0.0734 0.0734 
15200 0.0734 0.0734 
15300 0.0734 0.0734 
15400 0.0734 0.0734 
15500 0.0734 0.0734 
15600 0.0734 0.0734 
15700 0.0734 0.0734 
15800 0.0734 0.0734 
15900 0.0625 0.0625 
16000 0.0625 0.0625 
16100 0.0625 0.0625 
16200 0.0625 0.0625 
16300 0.0625 0.0625 
16400 0.0625 0.0625 
16500 0.0625 0.0625 
16600 0.0625 0.0625 
16700 0.0625 0.0625 
16800 0.0625 0.0625 
16900 0.0625 0.0625 
17000 0.0625 0.0625 
17100 0.0625 0.0625 
17200 0.0625 0.0625 
17300 0.0625 0.0625 
17400 0.0625 0.0625 
17500 0.0625 0.0625 
17600 0.0625 0.0625 
17700 0.0625 0.0625 
17800 0.0625 0.0625 
17900 0.0625 0.0625 
18000 0.0625 0.0625 
18100 0.0625 0.0625 
18200 0.0625 0.0625 
18300 0.0625 0.0625 
18400 0.0625 0.0625 
18500 0.0625 0.0625 
18600 0.0625 0.0625 
18700 0.0625 0.0625 
18800 0.0625 0.0625 
18900 0.0625 0.0625 
19000 0.0625 0.0625 
19100 0.0625 0.0625 
19200 0.0625 0.0625 
19300 0.0625 0.0625 
19400 0.0625 0.0625 
19500 0.0625 0.0625 
19600 0.0625 0.0625 
19700 0.0625 0.0625 
19800 0.0625 0.0625 
19900 0.0625 0.0625 
20000 0.0625 0.0625 
20100 0.0625 0.0625 
20200 0.0625 0.0625 
20300 0.0625 0.0625 
20400 0.0625 0.0625 
20500 0.0625 0.0625 
20600 0.0625 0.0625 
20700 0.0625 0.0625 
20800 0.0625 0.0625 
20900 0.0625 0.0625 
21000 0.0625 0.0625 
21100 0.0625 0.0625 
21200 0.0625 0.0625 
21300 0.0625 0.0625 
21400 0.0625 0.0625 
21500 0.0625 0.0625 
21600 0.0625 0.0625 
21700 0.0625 0.0625 
21800 0.0625 0.0625 
21900 0.0625 0.0625 
22000 0.0625 0.0625 
22100 0.0625 0.0625 
22200 0.0625 0.0625 
22300 0.0625 0.0625 
22400 0.0625 0.0625 
22500 0.0625 0.0625 
22600 0.0625 0.0625 
22700 0.0625 0.0625 
22800 0.0625 0.0625 
22900 0.0625 0.0625 
23000 0.0625 0.0625 
23100 0.0625 0.0625 
23200 0.0625 0.0625 
23300 0.0625 0.0625 
23400 0.0625 0.0625 
23500 0.0625 0.0625 
23600 0.0625 0.0625 
23700 0.0625 0.0625 
23800 0.0625 0.0625 
23900 0.0625 0.0625 
24000 0.0625 0.0625 
24100 0.0625 0.0625 
24200 0.0625 0.0625 
24300 0.0625 0.0625 
24400 0.0625 0.0625 
24500 0.0625 0.0625 
24600 0.0625 0.0625 
24700 0.0625 0.0625 
24800 0.0625 0.0625 
24900 0.0625 0.0625 
25000 0.0625 0.0625 
25100 0.0625 0.0625 
25200 0.0625 0.0625 
25300 0.0625 0.0625 
25400 0.0625 0.0625 
25500 0.0625 0.0625 
25600 0.0625 0.0625 
25700 0.0625 0.0625 
25800 0.0625 0.0625 
25900 0.0625 0.0625 
26000 0.0625 0.0625 
26100 0.0625 0.0625 
26200 0.0625 0.0625 
26300 0.0625 0.0625 
26400 0.0625 0.0625 
26500 0.0625 0.0625 
26600 0.0625 0.0625 
26700 0.0625 0.0625 
26800 0.0625 0.0625 
26900 0.0625 0.0625 
27000 0.0625 0.0625 
27100 0.0625 0.0625 
27200 0.0625 0.0625 
27300 0.0625 0.0625 
27400 0.0625 0.0625 
27500 0.0625 0.0625 
27600 0.0625 0.0625 
27700 0.0625 0.0625 
27800 0.0625 0.0625 
27900 0.0625 0.0625 
28000 0.0625 0.0625 
28100 0.0625 0.0625 
28200 0.0625 0.0625 
28300 0.0625 0.0625 
28400 0.0625 0.0625 
28500 0.0625 0.0625 
28600 0.0625 0.0625 
28700 0.0625 0.0625 
28800 0.0625 0.0625 
28900 0.0625 0.0625 
29000 0.0625 0.0625 
29100 0.0625 0.0625 
29200 0.0625 0.0625 
29300 0.0625 0.0625 
29400 0.0625 0.0625 
29500 0.0625 0.0625 
29600 0.0625 0.0625 
29700 0.0625 0.0625 
29800 0.0625 0.0625 
29900 0.0625 0.0625 
30000 0.0625 0.0625 
30100 0.0625 0.0625 
30200 0.0625 0.0625 
30300 0.0625 0.0625 
30400 0.0625 0.0625 
30500 0.0625 0.0625 
30600 0.0625 0.0625 
30700 0.0625 0.0625 
30800 0.0625 0.0625 
30900 0.0625 0.0625 
31000 0.0625 0.0625 
31100 0.0625 0.0625 
31200 0.0625 0.0625 
31300 0.0625 0.0625 
31400 0.0616 0.0616 
31500 0.0616 0.0616 
31600 0.0616 0.0616 
31700 0.0616 0.0616 
31800 0.0616 0.0616 
31900 0.0514 0.0514 
32000 0.0514 0.0514 
32100 0.0514 0.0514 
32200 0.0514 0.0514 
32300 0.0514 0.0514 
32400 0.0514 0.0514 
32500 0.0514 0.0514 
32600 0.0479 0.0479 
32700 0.0479 0.0479 
32800 0.0479 0.0479 
32900 0.0479 0.0479 
33000 0.0479 0.0479 
33100 0.0479 0.0479 
33200 0.0479 0.0479 
33300 0.0479 0.0479 
33400 0.0479 0.0479 
33500 0.0479 0.0479 
33600 0.0479 0.0479 
33700 0.0479 0.0479 
33800 0.0479 0.0479 
33900 0.0479 0.0479 
34000 0.0479 0.0479 
34100 0.0479 0.0479 
34200 0.0479 0.0479 
34300 0.0479 0.0479 
34400 0.0479 0.0479 
34500 0.0479 0.0479 
34600 0.0437 0.0437 
34700 0.0437 0.0437 
34800 0.0437 0.0437 
34900 0.0437 0.0437 
35000 0.0437 0.0437 
35100 0.0437 0.0437 
35200 0.0437 0.0437 
35300 0.0437 0.0437 
35400 0.0437 0.0437 
35500 0.0437 0.0437 
35600 0.0437 0.0437 
35700 0.0437 0.0437 
35800 0.0437 0.0437 
35900 0.0437 0.0437 
36000 0.0437 0.0437 
36100 0.0437 0.0437 
36200 0.0437 0.0437 
36300 0.0437 0.0437 
36400 0.0437 0.0437 
36500 0.0437 0.0437 
36600 0.0437 0.0437 
36700 0.0437 0.0437 
36800 0.0437 0.0437 
36900 0.0437 0.0437 
37000 0.0437 0.0437 
37100 0.0437 0.0437 
37200 0.0437 0.0437 
37300 0.0437 0.0437 
37400 0.0437 0.0437 
37500 0.0437 0.0437 
37600 0.0437 0.0437 
37700 0.0437 0.0437 
37800 0.0437 0.0437 
37900 0.0437 0.0437 
38000 0.0437 0.0437 
38100 0.0437 0.0437 
38200 0.0437 0.0437 
38300 0.0437 0.0437 
38400 0.0437 0.0437 
38500 0.0437 0.0437 
38600 0.0437 0.0437 
38700 0.0437 0.0437 
38800 0.0437 0.0437 
38900 0.0437 0.0437 
39000 0.0437 0.0437 
39100 0.0437 0.0437 
39200 0.0437 0.0437 
39300 0.0437 0.0437 
39400 0.0437 0.0437 
39500 0.0437 0.0437 
39600 0.0437 0.0437 
39700 0.0437 0.0437 
39800 0.0437 0.0437 
39900 0.0437 0.0437 
40000 0.0437 0.0437 
40100 0.0437 0.0437 
40200 0.0437 0.0437 
40300 0.0437 0.0437 
40400 0.0437 0.0437 
40500 0.0437 0.0437 
40600 0.0437 0.0437 
40700 0.0437 0.0437 
40800 0.0437 0.0437 
40900 0.0437 0.0437 
41000 0.0437 0.0437 
41100 0.0437 0.0437 
41200 0.0437 0.0437 
41300 0.0437 0.0437 
41400 0.0437 0.0437 
41500 0.0437 0.0437 
41600 0.0437 0.0437 
41700 0.0437 0.0437 
41800 0.0437 0.0437 
41900 0.0437 0.0437 
42000 0.0437 0.0437 
42100 0.0437 0.0437 
42200 0.0437 0.0437 
42300 0.0437 0.0437 
42400 0.0437 0.0437 
42500 0.0437 0.0437 
42600 0.0437 0.0437 
42700 0.0437 0.0437 
42800 0.0437 0.0437 
42900 0.0437 0.0437 
43000 0.0437 0.0437 
43100 0.0437 0.0437 
43200 0.0437 0.0437 
43300 0.0437 0.0437 
43400 0.0437 0.0437 
43500 0.0437 0.0437 
43600 0.0437 0.0437 
43700 0.0437 0.0437 
43800 0.0437 0.0437 
43900 0.0437 0.0437 
44000 0.0437 0.0437 
44100 0.0437 0.0437 
44200 0.0437 0.0437 
44300 0.0437 0.0437 
44400 0.0437 0.0437 
44500 0.0437 0.0437 
44600 0.0437 0.0437 
44700 0.0437 0.0437 
44800 0.0437 0.0437 
44900 0.0437 0.0437 
45000 0.0437 0.0437 
45100 0.0437 0.0437 
45200 0.0437 0.0437 
45300 0.0437 0.0437 
45400 0.0437 0.0437 
45500 0.0437 0.0437 
45600 0.0437 0.0437 
45700 0.0437 0.0437 
45800 0.0437 0.0437 
45900 0.0437 0.0437 
46000 0.0437 0.0437 
46100 0.0437 0.0437 
46200 0.0437 0.0437 
46300 0.0437 0.0437 
46400 0.0437 0.0437 
46500 0.0437 0.0437 
46600 0.0437 0.0437 
46700 0.0437 0.0437 
46800 0.0437 0.0437 
46900 0.0437 0.0437 
47000 0.0437 0.0437 
47100 0.0437 0.0437 
47200 0.0437 0.0437 
47300 0.0437 0.0437 
47400 0.0437 0.0437 
47500 0.0437 0.0437 
47600 0.0437 0.0437 
47700 0.0437 0.0437 
47800 0.0437 0.0437 
47900 0.0437 0.0437 
48000 0.0278 0.0278 
48100 0.0278 0.0278 
48200 0.0278 0.0278 
48300 0.0278 0.0278 
48400 0.0278 0.0278 
48500 0.0278 0.0278 
48600 0.0278 0.0278 
48700 0.0278 0.0278 
48800 0.0278 0.0278 
48900 0.0278 0.0278 
49000 0.0278 0.0278 
49100 0.0278 0.0278 
49200 0.0278 0.0278 
49300 0.0278 0.0278 
49400 0.0278 0.0278 
49500 0.0278 0.0278 
49600 0.0278 0.0278 
49700 0.0278 0.0278 
49800 0.0278 0.0278 
49900 0.0278 0.0278 
50000 0.0278 0.0278 
50100 0.0278 0.0278 
50200 0.0278 0.0278 
50300 0.0278 0.0278 
50400 0.0278 0.0278 
50500 0.0278 0.0278 
50600 0.0278 0.0278 
50700 0.0278 0.0278 
50800 0.0278 0.0278 
50900 0.0278 0.0278 
51000 0.0278 0.0278 
51100 0.0278 0.0278 
51200 0.0278 0.0278 
51300 0.0278 0.0278 
51400 0.0278 0.0278 
51500 0.0278 0.0278 
51600 0.0278 0.0278 
51700 0.0278 0.0278 
51800 0.0278 0.0278 
51900 0.0278 0.0278 
52000 0.0278 0.0278 
52100 0.0278 0.0278 
52200 0.0278 0.0278 
52300 0.0278 0.0278 
52400 0.0278 0.0278 
52500 0.0278 0.0278 
52600 0.0278 0.0278 
52700 0.0278 0.0278 
52800 0.0278 0.0278 
52900 0.0278 0.0278 
53000 0.0278 0.0278 
53100 0.0278 0.0278 
53200 0.0278 0.0278 
53300 0.0278 0.0278 
53400 0.0278 0.0278 
53500 0.0278 0.0278 
53600 0.0278 0.0278 
53700 0.0278 0.0278 
53800 0.0278 0.0278 
53900 0.0278 0.0278 
54000 0.0278 0.0278 
54100 0.0278 0.0278 
54200 0.0278 0.0278 
54300 0.0278 0.0278 
54400 0.0278 0.0278 
54500 0.0278 0.0278 
54600 0.0278 0.0278 
54700 0.0278 0.0278 
54800 0.0278 0.0278 
54900 0.0278 0.0278 
55000 0.0278 0.0278 
55100 0.0278 0.0278 
55200 0.0278 0.0278 
55300 0.0278 0.0278 
55400 0.0278 0.0278 
55500 0.0278 0.0278 
55600 0.0278 0.0278 
55700 0.0278 0.0278 
55800 0.0278 0.0278 
55900 0.0278 0.0278 
56000 0.0278 0.0278 
56100 0.0278 0.0278 
56200 0.0278 0.0278 
56300 0.0278 0.0278 
56400 0.0278 0.0278 
56500 0.0278 0.0278 
56600 0.0278 0.0278 
56700 0.0278 0.0278 
56800 0.0278 0.0278 
56900 0.0278 0.0278 
57000 0.0278 0.0278 
57100 0.0278 0.0278 
57200 0.0278 0.0278 
57300 0.0278 0.0278 
57400 0.0278 0.0278 
57500 0.0278 0.0278 
57600 0.0278 0.0278 
57700 0.0278 0.0278 
57800 0.0278 0.0278 
57900 0.0278 0.0278 
58000 0.0278 0.0278 
58100 0.0278 0.0278 
58200 0.0278 0.0278 
58300 0.0278 0.0278 
58400 0.0278 0.0278 
58500 0.0278 0.0278 
58600 0.0278 0.0278 
58700 0.0278 0.0278 
58800 0.0278 0.0278 
58900 0.0278 0.0278 
59000 0.0278 0.0278 
59100 0.0278 0.0278 
59200 0.0278 0.0278 
59300 0.0278 0.0278 
59400 0.0278 0.0278 
59500 0.0278 0.0278 
59600 0.0278 0.0278 
59700 0.0278 0.0278 
59800 0.0278 0.0278 
59900 0.0278 0.0278 
60000 0.0278 0.0278 
60100 0.0278 0.0278 
60200 0.0278 0.0278 
60300 0.0278 0.0278 
60400 0.0278 0.0278 
60500 0.0278 0.0278 
60600 0.0278 0.0278 
60700 0.0278 0.0278 
60800 0.0278 0.0278 
60900 0.0278 0.0278 
61000 0.0278 0.0278 
61100 0.0278 0.0278 
61200 0.0278 0.0278 
61300 0.0278 0.0278 
61400 0.0278 0.0278 
61500 0.0278 0.0278 
61600 0.0278 0.0278 
61700 0.0278 0.0278 
61800 0.0278 0.0278 
61900 0.0278 0.0278 
62000 0.0278 0.0278 
62100 0.0278 0.0278 
62200 0.0278 0.0278 
62300 0.0278 0.0278 
62400 0.0278 0.0278 
62500 0.0278 0.0278 
62600 0.0278 0.0278 
62700 0.0278 0.0278 
62800 0.0278 0.0278 
62900 0.0278 0.0278 
63000 0.0278 0.0278 
63100 0.0278 0.0278 
63200 0.0278 0.0278 
63300 0.0278 0.0278 
63400 0.0278 0.0278 
63500 0.0278 0.0278 
63600 0.0278 0.0278 
63700 0.0278 0.0278 
63800 0.0278 0.0278 
63900 0.0278 0.0278 
64000 0.0278 0.0278 
64100 0.0278 0.0278 
64200 0.0278 0.0278 
64300 0.0278 0.0278 
64400 0.0278 0.0278 
64500 0.0278 0.0278 
64600 0.0278 0.0278 
64700 0.0278 0.0278 
64800 0.0278 0.0278 
64900 0.0278 0.0278 
65000 0.0278 0.0278 
65100 0.0278 0.0278 
65200 0.0278 0.0278 
65300 0.0278 0.0278 
65400 0.0278 0.0278 
65500 0.0278 0.0278 
65600 0.0278 0.0278 
65700 0.0278 0.0278 
65800 0.0278 0.0278 
65900 0.0278 0.0278 
66000 0.0278 0.0278 
66100 0.0278 0.0278 
66200 0.0278 0.0278 
66300 0.0278 0.0278 
66400 0.0278 0.0278 
66500 0.0278 0.0278 
66600 0.0278 0.0278 
66700 0.0278 0.0278 
66800 0.0278 0.0278 
66900 0.0278 0.0278 
67000 0.0278 0.0278 
67100 0.0278 0.0278 
67200 0.0278 0.0278 
67300 0.0278 0.0278 
67400 0.0278 0.0278 
67500 0.0278 0.0278 
67600 0.0278 0.0278 
67700 0.0278 0.0278 
67800 0.0278 0.0278 
67900 0.0278 0.0278 
68000 0.0278 0.0278 
68100 0.0278 0.0278 
68200 0.0278 0.0278 
68300 0.0278 0.0278 
68400 0.0278 0.0278 
68500 0.0278 0.0278 
68600 0.0278 0.0278 
68700 0.0278 0.0278 
68800 0.0278 0.0278 
68900 0.0278 0.0278 
69000 0.0278 0.0278 
69100 0.0278 0.0278 
69200 0.0278 0.0278 
69300 0.0278 0.0278 
69400 0.0278 0.0278 
69500 0.0278 0.0278 
69600 0.0278 0.0278 
69700 0.0278 0.0278 
69800 0.0278 0.0278 
69900 0.0278 0.0278 
70000 0.0278 0.0278 
70100 0.0278 0.0278 
70200 0.0278 0.0278 
70300 0.0278 0.0278 
70400 0.0278 0.0278 
70500 0.0278 0.0278 
70600 0.0278 0.0278 
70700 0.0278 0.0278 
70800 0.0278 0.0278 
70900 0.0278 0.0278 
71000 0.0278 0.0278 
71100 0.0278 0.0278 
71200 0.0278 0.0278 
71300 0.0278 0.0278 
71400 0.0278 0.0278 
71500 0.0278 0.0278 
71600 0.0278 0.0278 
71700 0.0278 0.0278 
71800 0.0278 0.0278 
71900 0.0278 0.0278 
72000 0.0278 0.0278 
72100 0.0278 0.0278 
72200 0.0278 0.0278 
72300 0.0278 0.0278 
72400 0.0278 0.0278 
72500 0.0278 0.0278 
72600 0.0278 0.0278 
72700 0.0278 0.0278 
72800 0.0278 0.0278 
72900 0.0278 0.0278 
73000 0.0278 0.0278 
73100 0.0278 0.0278 
73200 0.0278 0.0278 
73300 0.0278 0.0278 
73400 0.0278 0.0278 
73500 0.0278 0.0278 
73600 0.0278 0.0278 
73700 0.0278 0.0278 
73800 0.0278 0.0278 
73900 0.0278 0.0278 
74000 0.0278 0.0278 
74100 0.0278 0.0278 
74200 0.0278 0.0278 
74300 0.0278 0.0278 
74400 0.0278 0.0278 
74500 0.0278 0.0278 
74600 0.0278 0.0278 
74700 0.0278 0.0278 
74800 0.0278 0.0278 
74900 0.0278 0.0278 
75000 0.0278 0.0278 
75100 0.0278 0.0278 
75200 0.0278 0.0278 
75300 0.0278 0.0278 
75400 0.0278 0.0278 
75500 0.0278 0.0278 
75600 0.0278 0.0278 
75700 0.0278 0.0278 
75800 0.0278 0.0278 
75900 0.0278 0.0278 
76000 0.0278 0.0278 
76100 0.0278 0.0278 
76200 0.0278 0.0278 
76300 0.0278 0.0278 
76400 0.0278 0.0278 
76500 0.0278 0.0278 
76600 0.0278 0.0278 
76700 0.0278 0.0278 
76800 0.0278 0.0278 
76900 0.0278 0.0278 
77000 0.0278 0.0278 
77100 0.0278 0.0278 
77200 0.0278 0.0278 
77300 0.0278 0.0278 
77400 0.0278 0.0278 
77500 0.0278 0.0278 
77600 0.0278 0.0278 
77700 0.0278 0.0278 
77800 0.0278 0.0278 
77900 0.0278 0.0278 
78000 0.0278 0.0278 
78100 0.0278 0.0278 
78200 0.0278 0.0278 
78300 0.0278 0.0278 
78400 0.0278 0.0278 
78500 0.0278 0.0278 
78600 0.0278 0.0278 
78700 0.0278 0.0278 
78800 0.0278 0.0278 
78900 0.0278 0.0278 
79000 0.0278 0.0278 
79100 0.0278 0.0278 
79200 0.0278 0.0278 
79300 0.0278 0.0278 
79400 0.0278 0.0278 
79500 0.0278 0.0278 
79600 0.0278 0.0278 
79700 0.0278 0.0278 
79800 0.0278 0.0278 
79900 0.0278 0.0278 
80000 0.0278 0.0278 
80100 0.0278 0.0278 
80200 0.0278 0.0278 
80300 0.0096 0.0096 
80400 0.0096 0.0096 
80500 0.0096 0.0096 
80600 0.0096 0.0096 
80700 0.0096 0.0096 
80800 0.0096 0.0096 
80900 0.0096 0.0096 
81000 0.0096 0.0096 
81100 0.0096 0.0096 
81200 0.0096 0.0096 
81300 0.0096 0.0096 
81400 0.0096 0.0096 
81500 0.0096 0.0096 
81600 0.0096 0.0096 
81700 0.0096 0.0096 
81800 0.0096 0.0096 
81900 0.0096 0.0096 
82000 0.0096 0.0096 
82100 0.0096 0.0096 
82200 0.0096 0.0096 
82300 0.0096 0.0096 
82400 0.0096 0.0096 
82500 0.0096 0.0096 
82600 0.0096 0.0096 
82700 0.0096 0.0096 
82800 0.0096 0.0096 
82900 0.0096 0.0096 
83000 0.0096 0.0096 
83100 0.0096 0.0096 
83200 0.0096 0.0096 
83300 0.0096 0.0096 
83400 0.0096 0.0096 
83500 0.0096 0.0096 
83600 0.0096 0.0096 
83700 0.0096 0.0096 
83800 0.0096 0.0096 
83900 0.0096 0.0096 
84000 0.0096 0.0096 
84100 0.0096 0.0096 
84200 0.0096 0.0096 
84300 0.0096 0.0096 
84400 0.0096 0.0096 
84500 0.0096 0.0096 
84600 0.0096 0.0096 
84700 0.0096 0.0096 
84800 0.0096 0.0096 
84900 0.0096 0.0096 
85000 0.0096 0.0096 
85100 0.0096 0.0096 
85200 0.0096 0.0096 
85300 0.0096 0.0096 
85400 0.0096 0.0096 
85500 0.0096 0.0096 
85600 0.0096 0.0096 
85700 0.0096 0.0096 
85800 0.0096 0.0096 
85900 0.0096 0.0096 
86000 0.0096 0.0096 
86100 0.0096 0.0096 
86200 0.0096 0.0096 
86300 0.0085 0.0085 
86400 0.0085 0.0085 
86500 0.0085 0.0085 
86600 0.0085 0.0085 
86700 0.0085 0.0085 
86800 0.0085 0.0085 
86900 0.0085 0.0085 
87000 0.0085 0.0085 
87100 0.0085 0.0085 
87200 0.0085 0.0085 
87300 0.0085 0.0085 
87400 0.0085 0.0085 
87500 0.0085 0.0085 
87600 0.0085 0.0085 
87700 0.0085 0.0085 
87800 0.0085 0.0085 
87900 0.0085 0.0085 
88000 0.0085 0.0085 
88100 0.0085 0.0085 
88200 0.0085 0.0085 
88300 0.0085 0.0085 
88400 0.0085 0.0085 
88500 0.0085 0.0085 
88600 0.0085 0.0085 
88700 0.0085 0.0085 
88800 0.0085 0.0085 
88900 0.0085 0.0085 
89000 0.0085 0.0085 
89100 0.0085 0.0085 
89200 0.0085 0.0085 
89300 0.0085 0.0085 
89400 0.0085 0.0085 
89500 0.0085 0.0085 
89600 0.0085 0.0085 
89700 0.0085 0.0085 
89800 0.0085 0.0085 
89900 0.0085 0.0085 
90000 0.0085 0.0085 
90100 0.0085 0.0085 
90200 0.0085 0.0085 
90300 0.0085 0.0085 
90400 0.0085 0.0085 
90500 0.0085 0.0085 
90600 0.0085 0.0085 
90700 0.0085 0.0085 
90800 0.0085 0.0085 
90900 0.0085 0.0085 
91000 0.0085 0.0085 
91100 0.0085 0.0085 
91200 0.0085 0.0085 
91300 0.0085 0.0085 
91400 0.0085 0.0085 
91500 0.0085 0.0085 
91600 0.0085 0.0085 
91700 0.0085 0.0085 
91800 0.0085 0.0085 
91900 0.0085 0.0085 
92000 0.0085 0.0085 
92100 0.0085 0.0085 
92200 0.0085 0.0085 
92300 0.0085 0.0085 
92400 0.0085 0.0085 
92500 0.0085 0.0085 
92600 0.0085 0.0085 
92700 0.0085 0.0085 
92800 0.0085 0.0085 
92900 0.0085 0.0085 
93000 0.0085 0.0085 
93100 0.0085 0.0085 
93200 0.0085 0.0085 
93300 0.0085 0.0085 
93400 0.0085 0.0085 
93500 0.0085 0.0085 
93600 0.0085 0.0085 
93700 0.0085 0.0085 
93800 0.0085 0.0085 
93900 0.0085 0.0085 
94000 0.0085 0.0085 
94100 0.0085 0.0085 
94200 0.0085 0.0085 
94300 0.0085 0.0085 
94400 0.0085 0.0085 
94500 0.0085 0.0085 
94600 0.0085 0.0085 
94700 0.0085 0.0085 
94800 0.0085 0.0085 
94900 0.0085 0.0085 
95000 0.0085 0.0085 
95100 0.0085 0.0085 
95200 0.0085 0.0085 
95300 0.0085 0.0085 
95400 0.0085 0.0085 
95500 0.0085 0.0085 
95600 0.0085 0.0085 
95700 0.0085 0.0085 
95800 0.0085 0.0085 
95900 0.0085 0.0085 
96000 0.0085 0.0085 
96100 0.0085 0.0085 
96200 0.0085 0.0085 
96300 0.0085 0.0085 
96400 0.0085 0.0085 
96500 0.0085 0.0085 
96600 0.0085 0.0085 
96700 0.0085 0.0085 
96800 0.0085 0.0085 
96900 0.0085 0.0085 
97000 0.0085 0.0085 
97100 0.0085 0.0085 
97200 0.0085 0.0085 
97300 0.0085 0.0085 
97400 0.0085 0.0085 
97500 0.0085 0.0085 
97600 0.0085 0.0085 
97700 0.0085 0.0085 
97800 0.0085 0.0085 
97900 0.0085 0.0085 
98000 0.0085 0.0085 
98100 0.0085 0.0085 
98200 0.0085 0.0085 
98300 0.0085 0.0085 
98400 0.0085 0.0085 
98500 0.0085 0.0085 
98600 0.0085 0.0085 
98700 0.0085 0.0085 
98800 0.0085 0.0085 
98900 0.0085 0.0085 
99000 0.0085 0.0085 
99100 0.0085 0.0085 
99200 0.0085 0.0085 
99300 0.0085 0.0085 
99400 0.0085 0.0085 
99500 0.0085 0.0085 
99600 0.0085 0.0085 
99700 0.0085 0.0085 
99800 0.0085 0.0085 
99900 0.0085 0.0085 
100000 0.0085 0.0085 
100100 0.0085 0.0085 
100200 0.0085 0.0085 
100300 0.0085 0.0085 
100400 0.0085 0.0085 
100500 0.0085 0.0085 
100600 0.0085 0.0085 
100700 0.0085 0.0085 
100800 0.0085 0.0085 
100900 0.0085 0.0085 
101000 0.0085 0.0085 
101100 0.0085 0.0085 
101200 0.0085 0.0085 
101300 0.0085 0.0085 
101400 0.0085 0.0085 
101500 0.0085 0.0085 
101600 0.0085 0.0085 
101700 0.0085 0.0085 
101800 0.0085 0.0085 
101900 0.0085 0.0085 
102000 0.0085 0.0085 
102100 0.0085 0.0085 
102200 0.0085 0.0085 
102300 0.0085 0.0085 
102400 0.0085 0.0085 
102500 0.0085 0.0085 
102600 0.0085 0.0085 
102700 0.0085 0.0085 
102800 0.0085 0.0085 
102900 0.0085 0.0085 
103000 0.0085 0.0085 
103100 0.0085 0.0085 
103200 0.0085 0.0085 
103300 0.0085 0.0085 
103400 0.0085 0.0085 
103500 0.0085 0.0085 
103600 0.0085 0.0085 
103700 0.0085 0.0085 
103800 0.0085 0.0085 
103900 0.0085 0.0085 
104000 0.0085 0.0085 
104100 0.0085 0.0085 
104200 0.0085 0.0085 
104300 0.0085 0.0085 
104400 0.0085 0.0085 
104500 0.0085 0.0085 
104600 0.0085 0.0085 
104700 0.0085 0.0085 
104800 0.0085 0.0085 
104900 0.0085 0.0085 
105000 0.0085 0.0085 
105100 0.0051 0.0051 
105200 0.0051 0.0051 
105300 0.0051 0.0051 
105400 0.0051 0.0051 
105500 0.0051 0.0051 
105600 0.0051 0.0051 
105700 0.0051 0.0051 
105800 0.0051 0.0051 
105900 0.0051 0.0051 
106000 0.0051 0.0051 
106100 0.0051 0.0051 
106200 0.0051 0.0051 
106300 0.0051 0.0051 
106400 0.0051 0.0051 
106500 0.0051 0.0051 
106600 0.0051 0.0051 
106700 0.0051 0.0051 
106800 0.0051 0.0051 
106900 0.0051 0.0051 
107000 0.0051 0.0051 
107100 0.0051 0.0051 
107200 0.0051 0.0051 
107300 0.0051 0.0051 
107400 0.0051 0.0051 
107500 0.0051 0.0051 
107600 0.0051 0.0051 
107700 0.0051 0.0051 
107800 0.0051 0.0051 
107900 0.0051 0.0051 
108000 0.0051 0.0051 
108100 0.0051 0.0051 
108200 0.0051 0.0051 
108300 0.0051 0.0051 
108400 0.0051 0.0051 
108500 0.0051 0.0051 
108600 0.0051 0.0051 
108700 0.0051 0.0051 
108800 0.0051 0.0051 
108900 0.0051 0.0051 
109000 0.0051 0.0051 
109100 0.0051 0.0051 
109200 0.0051 0.0051 
109300 0.0051 0.0051 
109400 0.0051 0.0051 
109500 0.0051 0.0051 
109600 0.0051 0.0051 
109700 0.0051 0.0051 
109800 0.0051 0.0051 
109900 0.0051 0.0051 
110000 0.0051 0.0051 
110100 0.0051 0.0051 
110200 0.0051 0.0051 
110300 0.0051 0.0051 
110400 0.0051 0.0051 
110500 0.0051 0.0051 
110600 0.0051 0.0051 
110700 0.0051 0.0051 
110800 0.0051 0.0051 
110900 0.0051 0.0051 
111000 0.0051 0.0051 
111100 0.0051 0.0051 
111200 0.0051 0.0051 
111300 0.0051 0.0051 
111400 0.0051 0.0051 
111500 0.0051 0.0051 
111600 0.0051 0.0051 
111700 0.0051 0.0051 
111800 0.0051 0.0051 
111900 0.0051 0.0051 
112000 0.0051 0.0051 
112100 0.0051 0.0051 
112200 0.0051 0.0051 
112300 0.0051 0.0051 
112400 0.0051 0.0051 
112500 0.0051 0.0051 
112600 0.0051 0.0051 
112700 0.0051 0.0051 
112800 0.0051 0.0051 
112900 0.0051 0.0051 
113000 0.0051 0.0051 
113100 0.0051 0.0051 
113200 0.0051 0.0051 
113300 0.0051 0.0051 
113400 0.0051 0.0051 
113500 0.0051 0.0051 
113600 0.0051 0.0051 
113700 0.0051 0.0051 
113800 0.0051 0.0051 
113900 0.0051 0.0051 
114000 0.0051 0.0051 
114100 0.0051 0.0051 
114200 0.0051 0.0051 
114300 0.0051 0.0051 
114400 0.0051 0.0051 
114500 0.0051 0.0051 
114600 0.0051 0.0051 
114700 0.0051 0.0051 
114800 0.0051 0.0051 
114900 0.0051 0.0051 
115000 0.0051 0.0051 
115100 0.0051 0.0051 
115200 0.0051 0.0051 
115300 0.0051 0.0051 
115400 0.0051 0.0051 
115500 0.0051 0.0051 
115600 0.0051 0.0051 
115700 0.0051 0.0051 
115800 0.0051 0.0051 
115900 0.0051 0.0051 
116000 0.0051 0.0051 
116100 0.0051 0.0051 
116200 0.0051 0.0051 
116300 0.0051 0.0051 
116400 0.0051 0.0051 
116500 0.0051 0.0051 
116600 0.0051 0.0051 
116700 0.0051 0.0051 
116800 0.0051 0.0051 
116900 0.0051 0.0051 
117000 0.0051 0.0051 
117100 0.0051 0.0051 
117200 0.0051 0.0051 
117300 0.0051 0.0051 
117400 0.0051 0.0051 
117500 0.0051 0.0051 
117600 0.0051 0.0051 
117700 0.0051 0.0051 
117800 0.0051 0.0051 
117900 0.0051 0.0051 
118000 0.0051 0.0051 
118100 0.0051 0.0051 
118200 0.0051 0.0051 
118300 0.0051 0.0051 
118400 0.0051 0.0051 
118500 0.0051 0.0051 
118600 0.0051 0.0051 
118700 0.0051 0.0051 
118800 0.0051 0.0051 
118900 0.0051 0.0051 
119000 0.0051 0.0051 
119100 0.0051 0.0051 
119200 0.0051 0.0051 
119300 0.0051 0.0051 
119400 0.0051 0.0051 
119500 0.0051 0.0051 
119600 0.0051 0.0051 
119700 0.0051 0.0051 
119800 0.0051 0.0051 
119900 0.0051 0.0051 
120000 0.0051 0.0051 
120100 0.0051 0.0051 
120200 0.0051 0.0051 
120300 0.0051 0.0051 
120400 0.0051 0.0051 
120500 0.0051 0.0051 
120600 0.0051 0.0051 
120700 0.0051 0.0051 
120800 0.0051 0.0051 
120900 0.0051 0.0051 
121000 0.0051 0.0051 
121100 0.0051 0.0051 
121200 0.0051 0.0051 
121300 0.0051 0.0051 
121400 0.0051 0.0051 
121500 0.0051 0.0051 
121600 0.0051 0.0051 
121700 0.0051 0.0051 
121800 0.0051 0.0051 
121900 0.0051 0.0051 
122000 0.0051 0.0051 
122100 0.0051 0.0051 
122200 0.0051 0.0051 
122300 0.0051 0.0051 
122400 0.0051 0.0051 
122500 0.0051 0.0051 
122600 0.0051 0.0051 
122700 0.0051 0.0051 
122800 0.0051 0.0051 
122900 0.0051 0.0051 
123000 0.0051 0.0051 
123100 0.0051 0.0051 
123200 0.0051 0.0051 
123300 0.0051 0.0051 
123400 0.0051 0.0051 
123500 0.0051 0.0051 
123600 0.0051 0.0051 
123700 0.0051 0.0051 
123800 0.0051 0.0051 
123900 0.0051 0.0051 
124000 0.0051 0.0051 
124100 0.0051 0.0051 
124200 0.0051 0.0051 
124300 0.0051 0.0051 
124400 0.0051 0.0051 
124500 0.0051 0.0051 
124600 0.0051 0.0051 
124700 0.0051 0.0051 
124800 0.0051 0.0051 
124900 0.0051 0.0051 
125000 0.0051 0.0051 
125100 0.0051 0.0051 
125200 0.0051 0.0051 
125300 0.0051 0.0051 
125400 0.0051 0.0051 
125500 0.0051 0.0051 
125600 0.0051 0.0051 
125700 0.0051 0.0051 
125800 0.0051 0.0051 
125900 0.0051 0.0051 
126000 0.0051 0.0051 
126100 0.0051 0.0051 
126200 0.0051 0.0051 
126300 0.0051 0.0051 
126400 0.0051 0.0051 
126500 0.0051 0.0051 
126600 0.0051 0.0051 
126700 0.0051 0.0051 
126800 0.0051 0.0051 
126900 0.0051 0.0051 
127000 0.0051 0.0051 
127100 0.0051 0.0051 
127200 0.0051 0.0051 
127300 0.0051 0.0051 
127400 0.0051 0.0051 
127500 0.0051 0.0051 
127600 0.0051 0.0051 
127700 0.0051 0.0051 
127800 0.0051 0.0051 
127900 0.0051 0.0051 
128000 0.0051 0.0051 
128100 0.0051 0.0051 
128200 0.0051 0.0051 
128300 0.0051 0.0051 
128400 0.0051 0.0051 
128500 0.0051 0.0051 
128600 0.0051 0.0051 
128700 0.0051 0.0051 
128800 0.0051 0.0051 
128900 0.0051 0.0051 
129000 0.0051 0.0051 
129100 0.0051 0.0051 
129200 0.0051 0.0051 
129300 0.0051 0.0051 
129400 0.0051 0.0051 
129500 0.0051 0.0051 
129600 0.0051 0.0051 
129700 0.0051 0.0051 
129800 0.0051 0.0051 
129900 0.0051 0.0051 
130000 0.0051 0.0051 
130100 0.0051 0.0051 
130200 0.0051 0.0051 
130300 0.0051 0.0051 
130400 0.0051 0.0051 
130500 0.0051 0.0051 
130600 0.0051 0.0051 
130700 0.0051 0.0051 
130800 0.0051 0.0051 
130900 0.0051 0.0051 
131000 0.0051 0.0051 
131100 0.0051 0.0051 
131200 0.0051 0.0051 
131300 0.0051 0.0051 
131400 0.0051 0.0051 
131500 0.0051 0.0051 
131600 0.0051 0.0051 
131700 0.0051 0.0051 
131800 0.0051 0.0051 
131900 0.0051 0.0051 
132000 0.0051 0.0051 
132100 0.0051 0.0051 
132200 0.0051 0.0051 
132300 0.0051 0.0051 
132400 0.0051 0.0051 
132500 0.0051 0.0051 
132600 0.0051 0.0051 
132700 0.0051 0.0051 
132800 0.0051 0.0051 
132900 0.0051 0.0051 
133000 0.0051 0.0051 
133100 0.0051 0.0051 
133200 0.0051 0.0051 
133300 0.0051 0.0051 
133400 0.0051 0.0051 
133500 0.0051 0.0051 
133600 0.0051 0.0051 
133700 0.0051 0.0051 
133800 0.0051 0.0051 
133900 0.0051 0.0051 
134000 0.0051 0.0051 
134100 0.0051 0.0051 
134200 0.0051 0.0051 
134300 0.0051 0.0051 
134400 0.0051 0.0051 
134500 0.0051 0.0051 
134600 0.0051 0.0051 
134700 0.0051 0.0051 
134800 0.0051 0.0051 
134900 0.0051 0.0051 
135000 0.0051 0.0051 
135100 0.0051 0.0051 
135200 0.0051 0.0051 
135300 0.0051 0.0051 
135400 0.0051 0.0051 
135500 0.0051 0.0051 
135600 0.0051 0.0051 
135700 0.0051 0.0051 
135800 0.0051 0.0051 
135900 0.0051 0.0051 
136000 0.0051 0.0051 
136100 0.0051 0.0051 
136200 0.0051 0.0051 
136300 0.0051 0.0051 
136400 0.0051 0.0051 
136500 0.0051 0.0051 
136600 0.0051 0.0051 
136700 0.0051 0.0051 
136800 0.0051 0.0051 
136900 0.0051 0.0051 
137000 0.0051 0.0051 
137100 0.0051 0.0051 
137200 0.0051 0.0051 
137300 0.0051 0.0051 
137400 0.0051 0.0051 
137500 0.0051 0.0051 
137600 0.0051 0.0051 
137700 0.0051 0.0051 
137800 0.0051 0.0051 
137900 0.0051 0.0051 
138000 0.0051 0.0051 
138100 0.0051 0.0051 
138200 0.0051 0.0051 
138300 0.0051 0.0051 
138400 0.0051 0.0051 
138500 0.0051 0.0051 
138600 0.0051 0.0051 
138700 0.0051 0.0051 
138800 0.0051 0.0051 
138900 0.0051 0.0051 
139000 0.0051 0.0051 
139100 0.0051 0.0051 
139200 0.0051 0.0051 
139300 0.0051 0.0051 
139400 0.0051 0.0051 
139500 0.0051 0.0051 
139600 0.0051 0.0051 
139700 0.0051 0.0051 
139800 0.0051 0.0051 
139900 0.0051 0.0051 
140000 0.0051 0.0051 
140100 0.0051 0.0051 
140200 0.0051 0.0051 
140300 0.0051 0.0051 
140400 0.0051 0.0051 
140500 0.0051 0.0051 
140600 0.0051 0.0051 
140700 0.0051 0.0051 
140800 0.0051 0.0051 
140900 0.0051 0.0051 
141000 0.0051 0.0051 
141100 0.0051 0.0051 
141200 0.0051 0.0051 
141300 0.0051 0.0051 
141400 0.0051 0.0051 
141500 0.0051 0.0051 
141600 0.0051 0.0051 
141700 0.0051 0.0051 
141800 0.0051 0.0051 
141900 0.0051 0.0051 
142000 0.0051 0.0051 
142100 0.0051 0.0051 
142200 0.0051 0.0051 
142300 0.0051 0.0051 
142400 0.0051 0.0051 
142500 0.0051 0.0051 
142600 0.0051 0.0051 
142700 0.0051 0.0051 
142800 0.0051 0.0051 
142900 0.0051 0.0051 
143000 0.0051 0.0051 
143100 0.0051 0.0051 
143200 0.0051 0.0051 
143300 0.0051 0.0051 
143400 0.0051 0.0051 
143500 0.0051 0.0051 
143600 0.0051 0.0051 
143700 0.0051 0.0051 
143800 0.0051 0.0051 
143900 0.0051 0.0051 
144000 0.0051 0.0051 
144100 0.0051 0.0051 
144200 0.0051 0.0051 
144300 0.0051 0.0051 
144400 0.0051 0.0051 
144500 0.0051 0.0051 
144600 0.0051 0.0051 
144700 0.0051 0.0051 
144800 0.0051 0.0051 
144900 0.0051 0.0051 
145000 0.0051 0.0051 
145100 0.0051 0.0051 
145200 0.0051 0.0051 
145300 0.0051 0.0051 
145400 0.0051 0.0051 
145500 0.0051 0.0051 
145600 0.0051 0.0051 
145700 0.0051 0.0051 
145800 0.0051 0.0051 
145900 0.0051 0.0051 
146000 0.0051 0.0051 
146100 0.0051 0.0051 
146200 0.0051 0.0051 
146300 0.0051 0.0051 
146400 0.0051 0.0051 
146500 0.0051 0.0051 
146600 0.0051 0.0051 
146700 0.0051 0.0051 
146800 0.0051 0.0051 
146900 0.0051 0.0051 
147000 0.0051 0.0051 
147100 0.0051 0.0051 
147200 0.0051 0.0051 
147300 0.0051 0.0051 
147400 0.0051 0.0051 
147500 0.0051 0.0051 
147600 0.0051 0.0051 
147700 0.0051 0.0051 
147800 0.0051 0.0051 
147900 0.0051 0.0051 
148000 0.0051 0.0051 
148100 0.0051 0.0051 
148200 0.0051 0.0051 
148300 0.0051 0.0051 
148400 0.0051 0.0051 
148500 0.0051 0.0051 
148600 0.0051 0.0051 
148700 0.0051 0.0051 
148800 0.0051 0.0051 
148900 0.0051 0.0051 
149000 0.0051 0.0051 
149100 0.0051 0.0051 
149200 0.0051 0.0051 
149300 0.0051 0.0051 
149400 0.0051 0.0051 
149500 0.0051 0.0051 
149600 0.0051 0.0051 
149700 0.0051 0.0051 
149800 0.0051 0.0051 
149900 0.0051 0.0051 
150000 0.0051 0.0051 
150100 0.0051 0.0051 
150200 0.0051 0.0051 
150300 0.0051 0.0051 
150400 0.0051 0.0051 
150500 0.0051 0.0051 
150600 0.0051 0.0051 
150700 0.0051 0.0051 
150800 0.0051 0.0051 
150900 0.0051 0.0051 
151000 0.0051 0.0051 
151100 0.0051 0.0051 
151200 0.0051 0.0051 
151300 0.0051 0.0051 
151400 0.0051 0.0051 
151500 0.0051 0.0051 
151600 0.0051 0.0051 
151700 0.0051 0.0051 
151800 0.0051 0.0051 
151900 0.0051 0.0051 
152000 0.0051 0.0051 
152100 0.0051 0.0051 
152200 0.0051 0.0051 
152300 0.0051 0.0051 
152400 0.0051 0.0051 
152500 0.0051 0.0051 
152600 0.0051 0.0051 
152700 0.0051 0.0051 
152800 0.0051 0.0051 
152900 0.0051 0.0051 
153000 0.0051 0.0051 
153100 0.0051 0.0051 
153200 0.0051 0.0051 
153300 0.0051 0.0051 
153400 0.0051 0.0051 
153500 0.0051 0.0051 
153600 0.0051 0.0051 
153700 0.0051 0.0051 
153800 0.0051 0.0051 
153900 0.0051 0.0051 
154000 0.0051 0.0051 
154100 0.0051 0.0051 
154200 0.0051 0.0051 
154300 0.0051 0.0051 
154400 0.0051 0.0051 
154500 0.0051 0.0051 
154600 0.0051 0.0051 
154700 0.0051 0.0051 
154800 0.0051 0.0051 
154900 0.0051 0.0051 
155000 0.0051 0.0051 
155100 0.0051 0.0051 
155200 0.0051 0.0051 
155300 0.0051 0.0051 
155400 0.0051 0.0051 
155500 0.0051 0.0051 
155600 0.0051 0.0051 
155700 0.0051 0.0051 
155800 0.0051 0.0051 
155900 0.0051 0.0051 
156000 0.0051 0.0051 
156100 0.0051 0.0051 
156200 0.0051 0.0051 
156300 0.0051 0.0051 
156400 0.0051 0.0051 
156500 0.0051 0.0051 
156600 0.0051 0.0051 
156700 0.0051 0.0051 
156800 0.0051 0.0051 
156900 0.0051 0.0051 
157000 0.0051 0.0051 
157100 0.0051 0.0051 
157200 0.0051 0.0051 
157300 0.0051 0.0051 
157400 0.0051 0.0051 
157500 0.0051 0.0051 
157600 0.0051 0.0051 
157700 0.0051 0.0051 
157800 0.0051 0.0051 
157900 0.0051 0.0051 
158000 0.0051 0.0051 
158100 0.0051 0.0051 
158200 0.0051 0.0051 
158300 0.0051 0.0051 
158400 0.0051 0.0051 
158500 0.0051 0.0051 
158600 0.0051 0.0051 
158700 0.0051 0.0051 
158800 0.0051 0.0051 
158900 0.0051 0.0051 
159000 0.0051 0.0051 
159100 0.0051 0.0051 
159200 0.0051 0.0051 
159300 0.0051 0.0051 
159400 0.0051 0.0051 
159500 0.0051 0.0051 
159600 0.0051 0.0051 
159700 0.0051 0.0051 
159800 0.0051 0.0051 
159900 0.0051 0.0051 
160000 0.0051 0.0051 
160100 0.0051 0.0051 
160200 0.0051 0.0051 
160300 0.0051 0.0051 
160400 0.0051 0.0051 
160500 0.0051 0.0051 
160600 0.0051 0.0051 
160700 0.0051 0.0051 
160800 0.0051 0.0051 
160900 0.0051 0.0051 
161000 0.0051 0.0051 
161100 0.0051 0.0051 
161200 0.0051 0.0051 
161300 0.0051 0.0051 
161400 0.0051 0.0051 
161500 0.0051 0.0051 
161600 0.0051 0.0051 
161700 0.0051 0.0051 
161800 0.0051 0.0051 
161900 0.0051 0.0051 
162000 0.0051 0.0051 
162100 0.0051 0.0051 
162200 0.0051 0.0051 
162300 0.0051 0.0051 
162400 0.0051 0.0051 
162500 0.0051 0.0051 
162600 0.0051 0.0051 
162700 0.0051 0.0051 
162800 0.0051 0.0051 
162900 0.0051 0.0051 
163000 0.0051 0.0051 
163100 0.0051 0.0051 
163200 0.0051 0.0051 
163300 0.0051 0.0051 
163400 0.0051 0.0051 
163500 0.0051 0.0051 
163600 0.0051 0.0051 
163700 0.0051 0.0051 
163800 0.0051 0.0051 
163900 0.0051 0.0051 
164000 0.0051 0.0051 
164100 0.0051 0.0051 
164200 0.0051 0.0051 
164300 0.0051 0.0051 
164400 0.0051 0.0051 
164500 0.0051 0.0051 
164600 0.0051 0.0051 
164700 0.0051 0.0051 
164800 0.0051 0.0051 
164900 0.0051 0.0051 
165000 0.0051 0.0051 
165100 0.0051 0.0051 
165200 0.0051 0.0051 
165300 0.0051 0.0051 
165400 0.0051 0.0051 
165500 0.0051 0.0051 
165600 0.0051 0.0051 
165700 0.0051 0.0051 
165800 0.0051 0.0051 
165900 0.0051 0.0051 
166000 0.0051 0.0051 
166100 0.0051 0.0051 
166200 0.0051 0.0051 
166300 0.0051 0.0051 
166400 0.0051 0.0051 
166500 0.0051 0.0051 
166600 0.0051 0.0051 
166700 0.0051 0.0051 
166800 0.0051 0.0051 
166900 0.0051 0.0051 
167000 0.0051 0.0051 
167100 0.0051 0.0051 
167200 0.0051 0.0051 
167300 0.0051 0.0051 
167400 0.0051 0.0051 
167500 0.0051 0.0051 
167600 0.0051 0.0051 
167700 0.0051 0.0051 
167800 0.0051 0.0051 
167900 0.0051 0.0051 
168000 0.0051 0.0051 
168100 0.0051 0.0051 
168200 0.0051 0.0051 
168300 0.0051 0.0051 
168400 0.0051 0.0051 
168500 0.0051 0.0051 
168600 0.0051 0.0051 
168700 0.0051 0.0051 
168800 0.0051 0.0051 
168900 0.0051 0.0051 
169000 0.0051 0.0051 
169100 0.0051 0.0051 
169200 0.0051 0.0051 
169300 0.0051 0.0051 
169400 0.0044 0.0044 
169500 0.0044 0.0044 
169600 0.0044 0.0044 
169700 0.0044 0.0044 
169800 0.0044 0.0044 
169900 0.0044 0.0044 
170000 0.0044 0.0044 
170100 0.0044 0.0044 
170200 0.0044 0.0044 
170300 0.0044 0.0044 
170400 0.0044 0.0044 
170500 0.0044 0.0044 
170600 0.0044 0.0044 
170700 0.0044 0.0044 
170800 0.0044 0.0044 
170900 0.0044 0.0044 
171000 0.0044 0.0044 
171100 0.0044 0.0044 
171200 0.0044 0.0044 
171300 0.0044 0.0044 
171400 0.0044 0.0044 
171500 0.0044 0.0044 
171600 0.0044 0.0044 
171700 0.0044 0.0044 
171800 0.0044 0.0044 
171900 0.0044 0.0044 
172000 0.0044 0.0044 
172100 0.0044 0.0044 
172200 0.0044 0.0044 
172300 0.0044 0.0044 
172400 0.0044 0.0044 
172500 0.0044 0.0044 
172600 0.0044 0.0044 
172700 0.0044 0.0044 
172800 0.0044 0.0044 
172900 0.0044 0.0044 
173000 0.0044 0.0044 
173100 0.0044 0.0044 
173200 0.0044 0.0044 
173300 0.0044 0.0044 
173400 0.0044 0.0044 
173500 0.0044 0.0044 
173600 0.0044 0.0044 
173700 0.0044 0.0044 
173800 0.0044 0.0044 
173900 0.0044 0.0044 
174000 0.0044 0.0044 
174100 0.0044 0.0044 
174200 0.0037 0.0037 
174300 0.0037 0.0037 
174400 0.0037 0.0037 
174500 0.0037 0.0037 
174600 0.0037 0.0037 
174700 0.0037 0.0037 
174800 0.0037 0.0037 
174900 0.0037 0.0037 
175000 0.0037 0.0037 
175100 0.0037 0.0037 
175200 0.0037 0.0037 
175300 0.0037 0.0037 
175400 0.0037 0.0037 
175500 0.0037 0.0037 
175600 0.0037 0.0037 
175700 0.0037 0.0037 
175800 0.0037 0.0037 
175900 0.0037 0.0037 
176000 0.0037 0.0037 
176100 0.0037 0.0037 
176200 0.0037 0.0037 
176300 0.0037 0.0037 
176400 0.0037 0.0037 
176500 0.0037 0.0037 
176600 0.0037 0.0037 
176700 0.0037 0.0037 
176800 0.0037 0.0037 
176900 0.0037 0.0037 
177000 0.0037 0.0037 
177100 0.0037 0.0037 
177200 0.0037 0.0037 
177300 0.0037 0.0037 
177400 0.0037 0.0037 
177500 0.0037 0.0037 
177600 0.0037 0.0037 
177700 0.0037 0.0037 
177800 0.0037 0.0037 
177900 0.0037 0.0037 
178000 0.0037 0.0037 
178100 0.0037 0.0037 
178200 0.0037 0.0037 
178300 0.0037 0.0037 
178400 0.0037 0.0037 
178500 0.0037 0.0037 
178600 0.0037 0.0037 
178700 0.0037 0.0037 
178800 0.0037 0.0037 
178900 0.0037 0.0037 
179000 0.0037 0.0037 
179100 0.0037 0.0037 
179200 0.0037 0.0037 
179300 0.0037 0.0037 
179400 0.0037 0.0037 
179500 0.0037 0.0037 
179600 0.0037 0.0037 
179700 0.0037 0.0037 
179800 0.0037 0.0037 
179900 0.0037 0.0037 
180000 0.0037 0.0037 
180100 0.0037 0.0037 
180200 0.0037 0.0037 
180300 0.0037 0.0037 
180400 0.0037 0.0037 
180500 0.0037 0.0037 
180600 0.0037 0.0037 
180700 0.0037 0.0037 
180800 0.0037 0.0037 
180900 0.0031 0.0031 
181000 0.0031 0.0031 
181100 0.0031 0.0031 
181200 0.0031 0.0031 
181300 0.0031 0.0031 
181400 0.0031 0.0031 
181500 0.0031 0.0031 
181600 0.0031 0.0031 
181700 0.0031 0.0031 
181800 0.0031 0.0031 
181900 0.0031 0.0031 
182000 0.0031 0.0031 
182100 0.0031 0.0031 
182200 0.0031 0.0031 
182300 0.0031 0.0031 
182400 0.0031 0.0031 
182500 0.0031 0.0031 
182600 0.0031 0.0031 
182700 0.0031 0.0031 
182800 0.0031 0.0031 
182900 0.0031 0.0031 
183000 0.0031 0.0031 
183100 0.0031 0.0031 
183200 0.0031 0.0031 
183300 0.0031 0.0031 
183400 0.0031 0.0031 
183500 0.0031 0.0031 
183600 0.0031 0.0031 
183700 0.0031 0.0031 
183800 0.0031 0.0031 
183900 0.0031 0.0031 
184000 0.0031 0.0031 
184100 0.0031 0.0031 
184200 0.0031 0.0031 
184300 0.0031 0.0031 
184400 0.0031 0.0031 
184500 0.0031 0.0031 
184600 0.0031 0.0031 
184700 0.0031 0.0031 
184800 0.0031 0.0031 
184900 0.0031 0.0031 
185000 0.0031 0.0031 
185100 0.0031 0.0031 
185200 0.0031 0.0031 
185300 0.0031 0.0031 
185400 0.0031 0.0031 
185500 0.0031 0.0031 
185600 0.0031 0.0031 
185700 0.0031 0.0031 
185800 0.0031 0.0031 
185900 0.0031 0.0031 
186000 0.0031 0.0031 
186100 0.0031 0.0031 
186200 0.0031 0.0031 
186300 0.0031 0.0031 
186400 0.0031 0.0031 
186500 0.0031 0.0031 
186600 0.0031 0.0031 
186700 0.0031 0.0031 
186800 0.0031 0.0031 
186900 0.0031 0.0031 
187000 0.0031 0.0031 
187100 0.0031 0.0031 
187200 0.0031 0.0031 
187300 0.0031 0.0031 
187400 0.0031 0.0031 
187500 0.0031 0.0031 
187600 0.0031 0.0031 
187700 0.0031 0.0031 
187800 0.0031 0.0031 
187900 0.0031 0.0031 
188000 0.0031 0.0031 
188100 0.0031 0.0031 
188200 0.0031 0.0031 
188300 0.0031 0.0031 
188400 0.0031 0.0031 
188500 0.0031 0.0031 
188600 0.0031 0.0031 
188700 0.0031 0.0031 
188800 0.0031 0.0031 
188900 0.0031 0.0031 
189000 0.0031 0.0031 
189100 0.0031 0.0031 
189200 0.0031 0.0031 
189300 0.0031 0.0031 
189400 0.0031 0.0031 
189500 0.0031 0.0031 
189600 0.0031 0.0031 
189700 0.0031 0.0031 
189800 0.0031 0.0031 
189900 0.0031 0.0031 
190000 0.0031 0.0031 
190100 0.0031 0.0031 
190200 0.0031 0.0031 
190300 0.0031 0.0031 
190400 0.0031 0.0031 
190500 0.0031 0.0031 
190600 0.0031 0.0031 
190700 0.0031 0.0031 
190800 0.0031 0.0031 
190900 0.0031 0.0031 
191000 0.0031 0.0031 
191100 0.0031 0.0031 
191200 0.0031 0.0031 
191300 0.0031 0.0031 
191400 0.0031 0.0031 
191500 0.0031 0.0031 
191600 0.0031 0.0031 
191700 0.0031 0.0031 
191800 0.0031 0.0031 
191900 0.0031 0.0031 
192000 0.0031 0.0031 
192100 0.0031 0.0031 
192200 0.0031 0.0031 
192300 0.0031 0.0031 
192400 0.0031 0.0031 
192500 0.0031 0.0031 
192600 0.0031 0.0031 
192700 0.0031 0.0031 
192800 0.0031 0.0031 
192900 0.0031 0.0031 
193000 0.0031 0.0031 
193100 0.0031 0.0031 
193200 0.0031 0.0031 
193300 0.0031 0.0031 
193400 0.0031 0.0031 
193500 0.0031 0.0031 
193600 0.0031 0.0031 
193700 0.0031 0.0031 
193800 0.0031 0.0031 
193900 0.0031 0.0031 
194000 0.0031 0.0031 
194100 0.0031 0.0031 
194200 0.0031 0.0031 
194300 0.0031 0.0031 
194400 0.0031 0.0031 
194500 0.0031 0.0031 
194600 0.0031 0.0031 
194700 0.0031 0.0031 
194800 0.0031 0.0031 
194900 0.0031 0.0031 
195000 0.0031 0.0031 
195100 0.0031 0.0031 
195200 0.0031 0.0031 
195300 0.0031 0.0031 
195400 0.0031 0.0031 
195500 0.0031 0.0031 
195600 0.0031 0.0031 
195700 0.0031 0.0031 
195800 0.0031 0.0031 
195900 0.0031 0.0031 
196000 0.0031 0.0031 
196100 0.0031 0.0031 
196200 0.0031 0.0031 
196300 0.0031 0.0031 
196400 0.0031 0.0031 
196500 0.0031 0.0031 
196600 0.0031 0.0031 
196700 0.0031 0.0031 
196800 0.0031 0.0031 
196900 0.0031 0.0031 
197000 0.0031 0.0031 
197100 0.0031 0.0031 
197200 0.0031 0.0031 
197300 0.0031 0.0031 
197400 0.0031 0.0031 
197500 0.0031 0.0031 
197600 0.0031 0.0031 
197700 0.0031 0.0031 
197800 0.0031 0.0031 
197900 0.0031 0.0031 
198000 0.0031 0.0031 
198100 0.0031 0.0031 
198200 0.0031 0.0031 
198300 0.0031 0.0031 
198400 0.0031 0.0031 
198500 0.0031 0.0031 
198600 0.0031 0.0031 
198700 0.0031 0.0031 
198800 0.0031 0.0031 
198900 0.0031 0.0031 
199000 0.0031 0.0031 
199100 0.0031 0.0031 
199200 0.0031 0.0031 
199300 0.0031 0.0031 
199400 0.0031 0.0031 
199500 0.0031 0.0031 
199600 0.0031 0.0031 
199700 0.0031 0.0031 
199800 0.0031 0.0031 
199900 0.0031 0.0031 
200000 0.0031 0.0031 
200100 0.0031 0.0031 
200200 0.0031 0.0031 
200300 0.0031 0.0031 
200400 0.0031 0.0031 
200500 0.0031 0.0031 
200600 0.0031 0.0031 
200700 0.0031 0.0031 
200800 0.0031 0.0031 
200900 0.0031 0.0031 
201000 0.0031 0.0031 
201100 0.0031 0.0031 
201200 0.0031 0.0031 
201300 0.0031 0.0031 
201400 0.0031 0.0031 
201500 0.0031 0.0031 
201600 0.0031 0.0031 
201700 0.0031 0.0031 
201800 0.0031 0.0031 
201900 0.0031 0.0031 
202000 0.0031 0.0031 
202100 0.0031 0.0031 
202200 0.0031 0.0031 
202300 0.0031 0.0031 
202400 0.0031 0.0031 
202500 0.0031 0.0031 
202600 0.0031 0.0031 
202700 0.0010 0.0010 
202800 0.0010 0.0010 
202900 0.0010 0.0010 
203000 0.0010 0.0010 
203100 0.0010 0.0010 
203200 0.0010 0.0010 
203300 0.0010 0.0010 
203400 0.0010 0.0010 
203500 0.0010 0.0010 
203600 0.0010 0.0010 
203700 0.0010 0.0010 
203800 0.0010 0.0010 
203900 0.0010 0.0010 
204000 0.0010 0.0010 
204100 0.0010 0.0010 
204200 0.0010 0.0010 
204300 0.0010 0.0010 
204400 0.0010 0.0010 
204500 0.0010 0.0010 
204600 0.0010 0.0010 
204700 0.0010 0.0010 
204800 0.0010 0.0010 
204900 0.0010 0.0010 
205000 0.0010 0.0010 
205100 0.0010 0.0010 
205200 0.0010 0.0010 
205300 0.0010 0.0010 
205400 0.0010 0.0010 
205500 0.0010 0.0010 
205600 0.0010 0.0010 
205700 0.0010 0.0010 
205800 0.0010 0.0010 
205900 0.0010 0.0010 
206000 0.0010 0.0010 
206100 0.0010 0.0010 
206200 0.0010 0.0010 
206300 0.0010 0.0010 
206400 0.0010 0.0010 
206500 0.0010 0.0010 
206600 0.0010 0.0010 
206700 0.0010 0.0010 
206800 0.0010 0.0010 
206900 0.0010 0.0010 
207000 0.0010 0.0010 
207100 0.0010 0.0010 
207200 0.0010 0.0010 
207300 0.0010 0.0010 
207400 0.0010 0.0010 
207500 0.0010 0.0010 
207600 0.0010 0.0010 
207700 0.0010 0.0010 
207800 0.0010 0.0010 
207900 0.0010 0.0010 
208000 0.0010 0.0010 
208100 0.0010 0.0010 
208200 0.0010 0.0010 
208300 0.0010 0.0010 
208400 0.0010 0.0010 
208500 0.0010 0.0010 
208600 0.0010 0.0010 
208700 0.0010 0.0010 
208800 0.0010 0.0010 
208900 0.0010 0.0010 
209000 0.0010 0.0010 
209100 0.0010 0.0010 
209200 0.0006 0.0006 
209300 0.0006 0.0006 
209400 0.0006 0.0006 
209500 0.0006 0.0006 
209600 0.0006 0.0006 
209700 0.0006 0.0006 
209800 0.0006 0.0006 
209900 0.0006 0.0006 
210000 0.0006 0.0006 
210100 0.0006 0.0006 
210200 0.0006 0.0006 
210300 0.0006 0.0006 
210400 0.0006 0.0006 
210500 0.0006 0.0006 
210600 0.0006 0.0006 
210700 0.0006 0.0006 
210800 0.0006 0.0006 
210900 0.0006 0.0006 
211000 0.0006 0.0006 
211100 0.0006 0.0006 
211200 0.0006 0.0006 
211300 0.0006 0.0006 
211400 0.0006 0.0006 
211500 0.0006 0.0006 
211600 0.0006 0.0006 
211700 0.0006 0.0006 
211800 0.0006 0.0006 
211900 0.0006 0.0006 
212000 0.0006 0.0006 
212100 0.0006 0.0006 
212200 0.0006 0.0006 
212300 0.0006 0.0006 
212400 0.0006 0.0006 
212500 0.0006 0.0006 
212600 0.0006 0.0006 
212700 0.0006 0.0006 
212800 0.0006 0.0006 
212900 0.0006 0.0006 
213000 0.0006 0.0006 
213100 0.0006 0.0006 
213200 0.0006 0.0006 
213300 0.0006 0.0006 
213400 0.0006 0.0006 
213500 0.0006 0.0006 
213600 0.0006 0.0006 
213700 0.0006 0.0006 
213800 0.0006 0.0006 
213900 0.0006 0.0006 
214000 0.0006 0.0006 
214100 0.0006 0.0006 
214200 0.0006 0.0006 
214300 0.0006 0.0006 
214400 0.0006 0.0006 
214500 0.0006 0.0006 
214600 0.0006 0.0006 
214700 0.0006 0.0006 
214800 0.0006 0.0006 
214900 0.0006 0.0006 
215000 0.0006 0.0006 
215100 0.0006 0.0006 
215200 0.0006 0.0006 
215300 0.0006 0.0006 
215400 0.0006 0.0006 
215500 0.0006 0.0006 
215600 0.0006 0.0006 
215700 0.0006 0.0006 
215800 0.0006 0.0006 
215900 0.0006 0.0006 
216000 0.0006 0.0006 
216100 0.0006 0.0006 
216200 0.0006 0.0006 
216300 0.0006 0.0006 
216400 0.0006 0.0006 
216500 0.0006 0.0006 
216600 0.0006 0.0006 
216700 0.0006 0.0006 
216800 0.0006 0.0006 
216900 0.0006 0.0006 
217000 0.0006 0.0006 
217100 0.0006 0.0006 
217200 0.0006 0.0006 
217300 0.0006 0.0006 
217400 0.0006 0.0006 
217500 0.0006 0.0006 
217600 0.0006 0.0006 
217700 0.0006 0.0006 
217800 0.0006 0.0006 
217900 0.0006 0.0006 
218000 0.0006 0.0006 
218100 0.0006 0.0006 
218200 0.0006 0.0006 
218300 0.0006 0.0006 
218400 0.0006 0.0006 
218500 0.0006 0.0006 
218600 0.0006 0.0006 
218700 0.0006 0.0006 
218800 0.0006 0.0006 
218900 0.0006 0.0006 
219000 0.0006 0.0006 
219100 0.0006 0.0006 
219200 0.0006 0.0006 
219300 0.0006 0.0006 
219400 0.0006 0.0006 
219500 0.0006 0.0006 
219600 0.0006 0.0006 
219700 0.0006 0.0006 
219800 0.0006 0.0006 
219900 0.0006 0.0006 
220000 0.0006 0.0006 
220100 0.0006 0.0006 
220200 0.0006 0.0006 
220300 0.0006 0.0006 
220400 0.0005 0.0005 
220500 0.0005 0.0005 
220600 0.0005 0.0005 
220700 0.0005 0.0005 
220800 0.0005 0.0005 
220900 0.0005 0.0005 
221000 0.0005 0.0005 
221100 0.0005 0.0005 
221200 0.0005 0.0005 
221300 0.0005 0.0005 
221400 0.0005 0.0005 
221500 0.0005 0.0005 
221600 0.0005 0.0005 
221700 0.0005 0.0005 
221800 0.0005 0.0005 
221900 0.0005 0.0005 
222000 0.0005 0.0005 
222100 0.0005 0.0005 
222200 0.0005 0.0005 
222300 0.0005 0.0005 
222400 0.0005 0.0005 
222500 0.0005 0.0005 
222600 0.0005 0.0005 
222700 0.0005 0.0005 
222800 0.0005 0.0005 
222900 0.0005 0.0005 
223000 0.0005 0.0005 
223100 0.0005 0.0005 
223200 0.0005 0.0005 
223300 0.0005 0.0005 
223400 0.0005 0.0005 
223500 0.0005 0.0005 
223600 0.0005 0.0005 
223700 0.0005 0.0005 
223800 0.0005 0.0005 
223900 0.0005 0.0005 
224000 0.0005 0.0005 
224100 0.0005 0.0005 
224200 0.0005 0.0005 
224300 0.0005 0.0005 
224400 0.0005 0.0005 
224500 0.0005 0.0005 
224600 0.0005 0.0005 
224700 0.0005 0.0005 
224800 0.0005 0.0005 
224900 0.0005 0.0005 
225000 0.0005 0.0005 
225100 0.0005 0.0005 
225200 0.0005 0.0005 
225300 0.0005 0.0005 
225400 0.0005 0.0005 
225500 0.0005 0.0005 
225600 0.0005 0.0005 
225700 0.0005 0.0005 
225800 0.0005 0.0005 
225900 0.0005 0.0005 
226000 0.0005 0.0005 
226100 0.0005 0.0005 
226200 0.0005 0.0005 
226300 0.0005 0.0005 
226400 0.0005 0.0005 
226500 0.0005 0.0005 
226600 0.0005 0.0005 
226700 0.0005 0.0005 
226800 0.0005 0.0005 
226900 0.0005 0.0005 
227000 0.0005 0.0005 
227100 0.0005 0.0005 
227200 0.0005 0.0005 
227300 0.0005 0.0005 
227400 0.0005 0.0005 
227500 0.0005 0.0005 
227600 0.0005 0.0005 
227700 0.0005 0.0005 
227800 0.0005 0.0005 
227900 0.0005 0.0005 
228000 0.0005 0.0005 
228100 0.0005 0.0005 
228200 0.0005 0.0005 
228300 0.0005 0.0005 
228400 0.0005 0.0005 
228500 0.0005 0.0005 
228600 0.0005 0.0005 
228700 0.0005 0.0005 
228800 0.0005 0.0005 
228900 0.0005 0.0005 
229000 0.0005 0.0005 
229100 0.0005 0.0005 
229200 0.0005 0.0005 
229300 0.0005 0.0005 
229400 0.0005 0.0005 
229500 0.0005 0.0005 
229600 0.0005 0.0005 
229700 0.0005 0.0005 
229800 0.0005 0.0005 
229900 0.0005 0.0005 
230000 0.0005 0.0005 
230100 0.0005 0.0005 
230200 0.0005 0.0005 
230300 0.0005 0.0005 
230400 0.0005 0.0005 
230500 0.0005 0.0005 
230600 0.0005 0.0005 
230700 0.0005 0.0005 
230800 0.0005 0.0005 
230900 0.0005 0.0005 
231000 0.0005 0.0005 
231100 0.0005 0.0005 
231200 0.0005 0.0005 
231300 0.0005 0.0005 
231400 0.0005 0.0005 
231500 0.0005 0.0005 
231600 0.0005 0.0005 
231700 0.0005 0.0005 
231800 0.0005 0.0005 
231900 0.0005 0.0005 
232000 0.0005 0.0005 
232100 0.0005 0.0005 
232200 0.0005 0.0005 
232300 0.0005 0.0005 
232400 0.0005 0.0005 
232500 0.0005 0.0005 
232600 0.0005 0.0005 
232700 0.0005 0.0005 
232800 0.0005 0.0005 
232900 0.0005 0.0005 
233000 0.0005 0.0005 
233100 0.0005 0.0005 
233200 0.0005 0.0005 
233300 0.0005 0.0005 
233400 0.0005 0.0005 
233500 0.0005 0.0005 
233600 0.0005 0.0005 
233700 0.0005 0.0005 
233800 0.0005 0.0005 
233900 0.0005 0.0005 
234000 0.0005 0.0005 
234100 0.0005 0.0005 
234200 0.0005 0.0005 
234300 0.0005 0.0005 
234400 0.0005 0.0005 
234500 0.0005 0.0005 
234600 0.0005 0.0005 
234700 0.0005 0.0005 
234800 0.0005 0.0005 
234900 0.0005 0.0005 
235000 0.0005 0.0005 
235100 0.0005 0.0005 
235200 0.0005 0.0005 
235300 0.0005 0.0005 
235400 0.0005 0.0005 
235500 0.0005 0.0005 
235600 0.0005 0.0005 
235700 0.0005 0.0005 
235800 0.0005 0.0005 
235900 0.0005 0.0005 
236000 0.0005 0.0005 
236100 0.0005 0.0005 
236200 0.0005 0.0005 
236300 0.0005 0.0005 
236400 0.0005 0.0005 
236500 0.0005 0.0005 
236600 0.0005 0.0005 
236700 0.0005 0.0005 
236800 0.0005 0.0005 
236900 0.0005 0.0005 
237000 0.0005 0.0005 
237100 0.0005 0.0005 
237200 0.0005 0.0005 
237300 0.0005 0.0005 
237400 0.0005 0.0005 
237500 0.0005 0.0005 
237600 0.0005 0.0005 
237700 0.0005 0.0005 
237800 0.0005 0.0005 
237900 0.0005 0.0005 
238000 0.0005 0.0005 
238100 0.0005 0.0005 
238200 0.0005 0.0005 
238300 0.0005 0.0005 
238400 0.0005 0.0005 
238500 0.0005 0.0005 
238600 0.0005 0.0005 
238700 0.0005 0.0005 
238800 0.0005 0.0005 
238900 0.0005 0.0005 
239000 0.0005 0.0005 
239100 0.0005 0.0005 
239200 0.0005 0.0005 
239300 0.0005 0.0005 
239400 0.0005 0.0005 
239500 0.0005 0.0005 
239600 0.0005 0.0005 
239700 0.0005 0.0005 
239800 0.0005 0.0005 
239900 0.0005 0.0005 
240000 0.0005 0.0005 
240100 0.0005 0.0005 
240200 0.0005 0.0005 
240300 0.0005 0.0005 
240400 0.0005 0.0005 
240500 0.0005 0.0005 
240600 0.0005 0.0005 
240700 0.0005 0.0005 
240800 0.0005 0.0005 
240900 0.0005 0.0005 
241000 0.0005 0.0005 
241100 0.0005 0.0005 
241200 0.0005 0.0005 
241300 0.0005 0.0005 
241400 0.0005 0.0005 
241500 0.0005 0.0005 
241600 0.0005 0.0005 
241700 0.0005 0.0005 
241800 0.0005 0.0005 
241900 0.0005 0.0005 
242000 0.0005 0.0005 
242100 0.0005 0.0005 
242200 0.0005 0.0005 
242300 0.0005 0.0005 
242400 0.0005 0.0005 
242500 0.0005 0.0005 
242600 0.0005 0.0005 
242700 0.0005 0.0005 
242800 0.0005 0.0005 
242900 0.0005 0.0005 
243000 0.0005 0.0005 
243100 0.0005 0.0005 
243200 0.0005 0.0005 
243300 0.0005 0.0005 
243400 0.0005 0.0005 
243500 0.0005 0.0005 
243600 0.0005 0.0005 
243700 0.0005 0.0005 
243800 0.0005 0.0005 
243900 0.0005 0.0005 
244000 0.0005 0.0005 
244100 0.0005 0.0005 
244200 0.0005 0.0005 
244300 0.0005 0.0005 
244400 0.0005 0.0005 
244500 0.0005 0.0005 
244600 0.0005 0.0005 
244700 0.0005 0.0005 
244800 0.0005 0.0005 
244900 0.0005 0.0005 
245000 0.0005 0.0005 
245100 0.0005 0.0005 
245200 0.0005 0.0005 
245300 0.0005 0.0005 
245400 0.0005 0.0005 
245500 0.0005 0.0005 
245600 0.0005 0.0005 
245700 0.0005 0.0005 
245800 0.0005 0.0005 
245900 0.0005 0.0005 
246000 0.0005 0.0005 
246100 0.0005 0.0005 
246200 0.0005 0.0005 
246300 0.0005 0.0005 
246400 0.0005 0.0005 
246500 0.0005 0.0005 
246600 0.0005 0.0005 
246700 0.0004 0.0004 
246800 0.0004 0.0004 
246900 0.0004 0.0004 
247000 0.0004 0.0004 
247100 0.0004 0.0004 
247200 0.0004 0.0004 
247300 0.0004 0.0004 
247400 0.0004 0.0004 
247500 0.0004 0.0004 
247600 0.0004 0.0004 
247700 0.0004 0.0004 
247800 0.0004 0.0004 
247900 0.0004 0.0004 
248000 0.0004 0.0004 
248100 0.0004 0.0004 
248200 0.0004 0.0004 
248300 0.0004 0.0004 
248400 0.0004 0.0004 
248500 0.0004 0.0004 
248600 0.0004 0.0004 
248700 0.0004 0.0004 
248800 0.0004 0.0004 
248900 0.0004 0.0004 
249000 0.0004 0.0004 
249100 0.0004 0.0004 
249200 0.0004 0.0004 
249300 0.0004 0.0004 
249400 0.0004 0.0004 
249500 0.0004 0.0004 
249600 0.0004 0.0004 
249700 0.0004 0.0004 
249800 0.0004 0.0004 
249900 0.0004 0.0004 
250000 0.0004 0.0004 
250100 0.0004 0.0004 
250200 0.0004 0.0004 
250300 0.0004 0.0004 
250400 0.0004 0.0004 
250500 0.0000 0.0000 
250600 0.0000 0.0000 
250700 0.0000 0.0000 
250800 0.0000 0.0000 
250900 0.0000 0.0000 
251000 0.0000 0.0000 
251100 0.0000 0.0000 
251200 0.0000 0.0000 
251300 0.0000 0.0000 
251400 0.0000 0.0000 
251500 0.0000 0.0000 
251600 0.0000 0.0000 
251700 0.0000 0.0000 
251800 0.0000 0.0000 
251900 0.0000 0.0000 
252000 0.0000 0.0000 
252100 0.0000 0.0000 
252200 0.0000 0.0000 
252300 0.0000 0.0000 
252400 0.0000 0.0000 
252500 0.0000 0.0000 
252600 0.0000 0.0000 
252700 0.0000 0.0000 
252800 0.0000 0.0000 
252900 0.0000 0.0000 
253000 0.0000 0.0000 
253100 0.0000 0.0000 
253200 0.0000 0.0000 
253300 0.0000 0.0000 
253400 0.0000 0.0000 
253500 0.0000 0.0000 
253600 0.0000 0.0000 
253700 0.0000 0.0000 
253800 0.0000 0.0000 
253900 0.0000 0.0000 
254000 0.0000 0.0000 
254100 0.0000 0.0000 
254200 0.0000 0.0000 
254300 0.0000 0.0000 
254400 0.0000 0.0000 
254500 0.0000 0.0000 
254600 0.0000 0.0000 
254700 0.0000 0.0000 
254800 0.0000 0.0000 
254900 0.0000 0.0000 
255000 0.0000 0.0000 
255100 0.0000 0.0000 
255200 0.0000 0.0000 
255300 0.0000 0.0000 
255400 0.0000 0.0000 
255500 0.0000 0.0000 
255600 0.0000 0.0000 
255700 0.0000 0.0000 
255800 0.0000 0.0000 
255900 0.0000 0.0000 
256000 0.0000 0.0000 
256100 0.0000 0.0000 
256200 0.0000 0.0000 
256300 0.0000 0.0000 
256400 0.0000 0.0000 
256500 0.0000 0.0000 
256600 0.0000 0.0000 
256700 0.0000 0.0000 
256800 0.0000 0.0000 
256900 0.0000 0.0000 
257000 0.0000 0.0000 
257100 0.0000 0.0000 
257200 0.0000 0.0000 
257300 0.0000 0.0000 
257400 0.0000 0.0000 
257500 0.0000 0.0000 
257600 0.0000 0.0000 
257700 0.0000 0.0000 
257800 0.0000 0.0000 
257900 0.0000 0.0000 
258000 0.0000 0.0000 
258100 0.0000 0.0000 
258200 0.0000 0.0000 
258300 0.0000 0.0000 
258400 0.0000 0.0000 
258500 0.0000 0.0000 
258600 0.0000 0.0000 
258700 0.0000 0.0000 
258800 0.0000 0.0000 
258900 0.0000 0.0000 
259000 0.0000 0.0000 
259100 0.0000 0.0000 
259200 0.0000 0.0000 
259300 0.0000 0.0000 
259400 0.0000 0.0000 
259500 0.0000 0.0000 
259600 0.0000 0.0000 
259700 0.0000 0.0000 
259800 0.0000 0.0000 
259900 0.0000 0.0000 
260000 0.0000 0.0000 
260100 0.0000 0.0000 
260200 0.0000 0.0000 
260300 0.0000 0.0000 
260400 0.0000 0.0000 
260500 0.0000 0.0000 
260600 0.0000 0.0000 
260700 0.0000 0.0000 
260800 0.0000 0.0000 
260900 0.0000 0.0000 
261000 0.0000 0.0000 
261100 0.0000 0.0000 
261200 0.0000 0.0000 
261300 0.0000 0.0000 
261400 0.0000 0.0000 
261500 0.0000 0.0000 
261600 0.0000 0.0000 
261700 0.0000 0.0000 
261800 0.0000 0.0000 
261900 0.0000 0.0000 
262000 0.0000 0.0000 
262100 0.0000 0.0000 
262200 0.0000 0.0000 
262300 0.0000 0.0000 
262400 0.0000 0.0000 
262500 0.0000 0.0000 
262600 0.0000 0.0000 
262700 0.0000 0.0000 
262800 0.0000 0.0000 
262900 0.0000 0.0000 
263000 0.0000 0.0000 
263100 0.0000 0.0000 
263200 0.0000 0.0000 
263300 0.0000 0.0000 
263400 0.0000 0.0000 
263500 0.0000 0.0000 
263600 0.0000 0.0000 
263700 0.0000 0.0000 
263800 0.0000 0.0000 
263900 0.0000 0.0000 
264000 0.0000 0.0000 
264100 0.0000 0.0000 
264200 0.0000 0.0000 
264300 0.0000 0.0000 
264400 0.0000 0.0000 
264500 0.0000 0.0000 
264600 0.0000 0.0000 
264700 0.0000 0.0000 
264800 0.0000 0.0000 
264900 0.0000 0.0000 
265000 0.0000 0.0000 
265100 0.0000 0.0000 
265200 0.0000 0.0000 
265300 0.0000 0.0000 
265400 0.0000 0.0000 
265500 0.0000 0.0000 
265600 0.0000 0.0000 
265700 0.0000 0.0000 
265800 0.0000 0.0000 
265900 0.0000 0.0000 
266000 0.0000 0.0000 
266100 0.0000 0.0000 
266200 0.0000 0.0000 
266300 0.0000 0.0000 
266400 0.0000 0.0000 
266500 0.0000 0.0000 
266600 0.0000 0.0000 
266700 0.0000 0.0000 
266800 0.0000 0.0000 
266900 0.0000 0.0000 
267000 0.0000 0.0000 
267100 0.0000 0.0000 
267200 0.0000 0.0000 
267300 0.0000 0.0000 
267400 0.0000 0.0000 
267500 0.0000 0.0000 
267600 0.0000 0.0000 
267700 0.0000 0.0000 
267800 0.0000 0.0000 
267900 0.0000 0.0000 
268000 0.0000 0.0000 
268100 0.0000 0.0000 
268200 0.0000 0.0000 
268300 0.0000 0.0000 
268400 0.0000 0.0000 
268500 0.0000 0.0000 
268600 0.0000 0.0000 
268700 0.0000 0.0000 
268800 0.0000 0.0000 
268900 0.0000 0.0000 
269000 0.0000 0.0000 
269100 0.0000 0.0000 
269200 0.0000 0.0000 
269300 0.0000 0.0000 
269400 0.0000 0.0000 
269500 0.0000 0.0000 
269600 0.0000 0.0000 
269700 0.0000 0.0000 
269800 0.0000 0.0000 
269900 0.0000 0.0000 
270000 0.0000 0.0000 
270100 0.0000 0.0000 
270200 0.0000 0.0000 
270300 0.0000 0.0000 
270400 0.0000 0.0000 
270500 0.0000 0.0000 
270600 0.0000 0.0000 
270700 0.0000 0.0000 
270800 0.0000 0.0000 
270900 0.0000 0.0000 
271000 0.0000 0.0000 
271100 0.0000 0.0000 
271200 0.0000 0.0000 
271300 0.0000 0.0000 
271400 0.0000 0.0000 
271500 0.0000 0.0000 
271600 0.0000 0.0000 
271700 0.0000 0.0000 
271800 0.0000 0.0000 
271900 0.0000 0.0000 
272000 0.0000 0.0000 
272100 0.0000 0.0000 
272200 0.0000 0.0000 
272300 0.0000 0.0000 
272400 0.0000 0.0000 
272500 0.0000 0.0000 
272600 0.0000 0.0000 
272700 0.0000 0.0000 
272800 0.0000 0.0000 
272900 0.0000 0.0000 
273000 0.0000 0.0000 
273100 0.0000 0.0000 
273200 0.0000 0.0000 
273300 0.0000 0.0000 
273400 0.0000 0.0000 
273500 0.0000 0.0000 
273600 0.0000 0.0000 
273700 0.0000 0.0000 
273800 0.0000 0.0000 
273900 0.0000 0.0000 
274000 0.0000 0.0000 
274100 0.0000 0.0000 
274200 0.0000 0.0000 
274300 0.0000 0.0000 
274400 0.0000 0.0000 
274500 0.0000 0.0000 
274600 0.0000 0.0000 
274700 0.0000 0.0000 
274800 0.0000 0.0000 
274900 0.0000 0.0000 
275000 0.0000 0.0000 
275100 0.0000 0.0000 
275200 0.0000 0.0000 
275300 0.0000 0.0000 
275400 0.0000 0.0000 
275500 0.0000 0.0000 
275600 0.0000 0.0000 
275700 0.0000 0.0000 
275800 0.0000 0.0000 
275900 0.0000 0.0000 
276000 0.0000 0.0000 
276100 0.0000 0.0000 
276200 0.0000 0.0000 
276300 0.0000 0.0000 
276400 0.0000 0.0000 
276500 0.0000 0.0000 
276600 0.0000 0.0000 
276700 0.0000 0.0000 
276800 0.0000 0.0000 
276900 0.0000 0.0000 
277000 0.0000 0.0000 
277100 0.0000 0.0000 
277200 0.0000 0.0000 
277300 0.0000 0.0000 
277400 0.0000 0.0000 
277500 0.0000 0.0000 
277600 0.0000 0.0000 
277700 0.0000 0.0000 
277800 0.0000 0.0000 
277900 0.0000 0.0000 
278000 0.0000 0.0000 
278100 0.0000 0.0000 
278200 0.0000 0.0000 
278300 0.0000 0.0000 
278400 0.0000 0.0000 
278500 0.0000 0.0000 
278600 0.0000 0.0000 
278700 0.0000 0.0000 
278800 0.0000 0.0000 
278900 0.0000 0.0000 
279000 0.0000 0.0000 
279100 0.0000 0.0000 
279200 0.0000 0.0000 
279300 0.0000 0.0000 
279400 0.0000 0.0000 
279500 0.0000 0.0000 
279600 0.0000 0.0000 
279700 0.0000 0.0000 
279800 0.0000 0.0000 
279900 0.0000 0.0000 
280000 0.0000 0.0000 
280100 0.0000 0.0000 
280200 0.0000 0.0000 
280300 0.0000 0.0000 
280400 0.0000 0.0000 
280500 0.0000 0.0000 
280600 0.0000 0.0000 
280700 0.0000 0.0000 
280800 0.0000 0.0000 
280900 0.0000 0.0000 
281000 0.0000 0.0000 
281100 0.0000 0.0000 
281200 0.0000 0.0000 
281300 0.0000 0.0000 
281400 0.0000 0.0000 
281500 0.0000 0.0000 
281600 0.0000 0.0000 
281700 0.0000 0.0000 
281800 0.0000 0.0000 
281900 0.0000 0.0000 
282000 0.0000 0.0000 
282100 0.0000 0.0000 
282200 0.0000 0.0000 
282300 0.0000 0.0000 
282400 0.0000 0.0000 
282500 0.0000 0.0000 
282600 0.0000 0.0000 
282700 0.0000 0.0000 
282800 0.0000 0.0000 
282900 0.0000 0.0000 
283000 0.0000 0.0000 
283100 0.0000 0.0000 
283200 0.0000 0.0000 
283300 0.0000 0.0000 
283400 0.0000 0.0000 
283500 0.0000 0.0000 
283600 0.0000 0.0000 
283700 0.0000 0.0000 
283800 0.0000 0.0000 
283900 0.0000 0.0000 
284000 0.0000 0.0000 
284100 0.0000 0.0000 
284200 0.0000 0.0000 
284300 0.0000 0.0000 
284400 0.0000 0.0000 
284500 0.0000 0.0000 
284600 0.0000 0.0000 
284700 0.0000 0.0000 
284800 0.0000 0.0000 
284900 0.0000 0.0000 
285000 0.0000 0.0000 
285100 0.0000 0.0000 
285200 0.0000 0.0000 
285300 0.0000 0.0000 
285400 0.0000 0.0000 
285500 0.0000 0.0000 
285600 0.0000 0.0000 
285700 0.0000 0.0000 
285800 0.0000 0.0000 
285900 0.0000 0.0000 
286000 0.0000 0.0000 
286100 0.0000 0.0000 
286200 0.0000 0.0000 
286300 0.0000 0.0000 
286400 0.0000 0.0000 
286500 0.0000 0.0000 
286600 0.0000 0.0000 
286700 0.0000 0.0000 
286800 0.0000 0.0000 
286900 0.0000 0.0000 
287000 0.0000 0.0000 
287100 0.0000 0.0000 
287200 0.0000 0.0000 
287300 0.0000 0.0000 
287400 0.0000 0.0000 
287500 0.0000 0.0000 
287600 0.0000 0.0000 
287700 0.0000 0.0000 
287800 0.0000 0.0000 
287900 0.0000 0.0000 
288000 0.0000 0.0000 
288100 0.0000 0.0000 
288200 0.0000 0.0000 
288300 0.0000 0.0000 
288400 0.0000 0.0000 
288500 0.0000 0.0000 
288600 0.0000 0.0000 
288700 0.0000 0.0000 
288800 0.0000 0.0000 
288900 0.0000 0.0000 
289000 0.0000 0.0000 
289100 0.0000 0.0000 
289200 0.0000 0.0000 
289300 0.0000 0.0000 
289400 0.0000 0.0000 
289500 0.0000 0.0000 
289600 0.0000 0.0000 
289700 0.0000 0.0000 
289800 0.0000 0.0000 
289900 0.0000 0.0000 
290000 0.0000 0.0000 
290100 0.0000 0.0000 
290200 0.0000 0.0000 
290300 0.0000 0.0000 
290400 0.0000 0.0000 
290500 0.0000 0.0000 
290600 0.0000 0.0000 
290700 0.0000 0.0000 
290800 0.0000 0.0000 
290900 0.0000 0.0000 
291000 0.0000 0.0000 
291100 0.0000 0.0000 
291200 0.0000 0.0000 
291300 0.0000 0.0000 
291400 0.0000 0.0000 
291500 0.0000 0.0000 
291600 0.0000 0.0000 
291700 0.0000 0.0000 
291800 0.0000 0.0000 
291900 0.0000 0.0000 
292000 0.0000 0.0000 
292100 0.0000 0.0000 
292200 0.0000 0.0000 
292300 0.0000 0.0000 
292400 0.0000 0.0000 
292500 0.0000 0.0000 
292600 0.0000 0.0000 
292700 0.0000 0.0000 
292800 0.0000 0.0000 
292900 0.0000 0.0000 
293000 0.0000 0.0000 
293100 0.0000 0.0000 
293200 0.0000 0.0000 
293300 0.0000 0.0000 
293400 0.0000 0.0000 
293500 0.0000 0.0000 
293600 0.0000 0.0000 
293700 0.0000 0.0000 
293800 0.0000 0.0000 
293900 0.0000 0.0000 
294000 0.0000 0.0000 
294100 0.0000 0.0000 
294200 0.0000 0.0000 
294300 0.0000 0.0000 
294400 0.0000 0.0000 
294500 0.0000 0.0000 
294600 0.0000 0.0000 
294700 0.0000 0.0000 
294800 0.0000 0.0000 
294900 0.0000 0.0000 
295000 0.0000 0.0000 
295100 0.0000 0.0000 
295200 0.0000 0.0000 
295300 0.0000 0.0000 
295400 0.0000 0.0000 
295500 0.0000 0.0000 
295600 0.0000 0.0000 
295700 0.0000 0.0000 
295800 0.0000 0.0000 
295900 0.0000 0.0000 
296000 0.0000 0.0000 
296100 0.0000 0.0000 
296200 0.0000 0.0000 
296300 0.0000 0.0000 
296400 0.0000 0.0000 
296500 0.0000 0.0000 
296600 0.0000 0.0000 
296700 0.0000 0.0000 
296800 0.0000 0.0000 
296900 0.0000 0.0000 
297000 0.0000 0.0000 
297100 0.0000 0.0000 
297200 0.0000 0.0000 
297300 0.0000 0.0000 
297400 0.0000 0.0000 
297500 0.0000 0.0000 
297600 0.0000 0.0000 
297700 0.0000 0.0000 
297800 0.0000 0.0000 
297900 0.0000 0.0000 
298000 0.0000 0.0000 
298100 0.0000 0.0000 
298200 0.0000 0.0000 
298300 0.0000 0.0000 
298400 0.0000 0.0000 
298500 0.0000 0.0000 
298600 0.0000 0.0000 
298700 0.0000 0.0000 
298800 0.0000 0.0000 
298900 0.0000 0.0000 
299000 0.0000 0.0000 
299100 0.0000 0.0000 
299200 0.0000 0.0000 
299300 0.0000 0.0000 
299400 0.0000 0.0000 
299500 0.0000 0.0000 
299600 0.0000 0.0000 
299700 0.0000 0.0000 
299800 0.0000 0.0000 
299900 0.0000 0.0000 
300000 0.0000 0.0000 
