100 0.2181 0.2181 
200 0.2181 0.2181 
300 0.2122 0.2122 
400 0.2122 0.2122 
500 0.1945 0.1945 
600 0.1945 0.1945 
700 0.1945 0.1945 
800 0.1945 0.1945 
900 0.1917 0.1917 
1000 0.1917 0.1917 
1100 0.1917 0.1917 
1200 0.1670 0.1670 
1300 0.1670 0.1670 
1400 0.1670 0.1670 
1500 0.1670 0.1670 
1600 0.1670 0.1670 
1700 0.1670 0.1670 
1800 0.1670 0.1670 
1900 0.1670 0.1670 
2000 0.1670 0.1670 
2100 0.1670 0.1670 
2200 0.1670 0.1670 
2300 0.1670 0.1670 
2400 0.1670 0.1670 
2500 0.1670 0.1670 
2600 0.1670 0.1670 
2700 0.1670 0.1670 
2800 0.1670 0.1670 
2900 0.1670 0.1670 
3000 0.1670 0.1670 
3100 0.1670 0.1670 
3200 0.1670 0.1670 
3300 0.1670 0.1670 
3400 0.1670 0.1670 
3500 0.1670 0.1670 
3600 0.1670 0.1670 
3700 0.1670 0.1670 
3800 0.1670 0.1670 
3900 0.1598 0.1598 
4000 0.1598 0.1598 
4100 0.1598 0.1598 
4200 0.1598 0.1598 
4300 0.1598 0.1598 
4400 0.1598 0.1598 
4500 0.1598 0.1598 
4600 0.1598 0.1598 
4700 0.1434 0.1434 
4800 0.1434 0.1434 
4900 0.1434 0.1434 
5000 0.1434 0.1434 
5100 0.1434 0.1434 
5200 0.1434 0.1434 
5300 0.1434 0.1434 
5400 0.1434 0.1434 
5500 0.1434 0.1434 
5600 0.1434 0.1434 
5700 0.1434 0.1434 
5800 0.1434 0.1434 
5900 0.1434 0.1434 
6000 0.1434 0.1434 
6100 0.1434 0.1434 
6200 0.1434 0.1434 
6300 0.1434 0.1434 
6400 0.1434 0.1434 
6500 0.1434 0.1434 
6600 0.1434 0.1434 
6700 0.1434 0.1434 
6800 0.1434 0.1434 
6900 0.1434 0.1434 
7000 0.1434 0.1434 
7100 0.1434 0.1434 
7200 0.1434 0.1434 
7300 0.1434 0.1434 
7400 0.1434 0.1434 
7500 0.1434 0.1434 
7600 0.1434 0.1434 
7700 0.1434 0.1434 
7800 0.1434 0.1434 
7900 0.1196 0.1196 
8000 0.1196 0.1196 
8100 0.1196 0.1196 
8200 0.1196 0.1196 
8300 0.1196 0.1196 
8400 0.1196 0.1196 
8500 0.1196 0.1196 
8600 0.1196 0.1196 
8700 0.1196 0.1196 
8800 0.1196 0.1196 
8900 0.1196 0.1196 
9000 0.1196 0.1196 
9100 0.1196 0.1196 
9200 0.1196 0.1196 
9300 0.1196 0.1196 
9400 0.1196 0.1196 
9500 0.1196 0.1196 
9600 0.1196 0.1196 
9700 0.1196 0.1196 
9800 0.1196 0.1196 
9900 0.1196 0.1196 
10000 0.1196 0.1196 
10100 0.1196 0.1196 
10200 0.1196 0.1196 
10300 0.1196 0.1196 
10400 0.1196 0.1196 
10500 0.1196 0.1196 
10600 0.1196 0.1196 
10700 0.1196 0.1196 
10800 0.1196 0.1196 
10900 0.1196 0.1196 
11000 0.1196 0.1196 
11100 0.1196 0.1196 
11200 0.1196 0.1196 
11300 0.1196 0.1196 
11400 0.1196 0.1196 
11500 0.1196 0.1196 
11600 0.1196 0.1196 
11700 0.1196 0.1196 
11800 0.1196 0.1196 
11900 0.1196 0.1196 
12000 0.1196 0.1196 
12100 0.1196 0.1196 
12200 0.1196 0.1196 
12300 0.1196 0.1196 
12400 0.1196 0.1196 
12500 0.1196 0.1196 
12600 0.1196 0.1196 
12700 0.1196 0.1196 
12800 0.1196 0.1196 
12900 0.1196 0.1196 
13000 0.1196 0.1196 
13100 0.1196 0.1196 
13200 0.1196 0.1196 
13300 0.1196 0.1196 
13400 0.1196 0.1196 
13500 0.1196 0.1196 
13600 0.1196 0.1196 
13700 0.1196 0.1196 
13800 0.1196 0.1196 
13900 0.1196 0.1196 
14000 0.1196 0.1196 
14100 0.1196 0.1196 
14200 0.1196 0.1196 
14300 0.1196 0.1196 
14400 0.1196 0.1196 
14500 0.1196 0.1196 
14600 0.1196 0.1196 
14700 0.1196 0.1196 
14800 0.1196 0.1196 
14900 0.1196 0.1196 
15000 0.1196 0.1196 
15100 0.1196 0.1196 
15200 0.1196 0.1196 
15300 0.1196 0.1196 
15400 0.1196 0.1196 
15500 0.1196 0.1196 
15600 0.1196 0.1196 
15700 0.1196 0.1196 
15800 0.1196 0.1196 
15900 0.0923 0.0923 
16000 0.0923 0.0923 
16100 0.0923 0.0923 
16200 0.0923 0.0923 
16300 0.0923 0.0923 
16400 0.0923 0.0923 
16500 0.0923 0.0923 
16600 0.0923 0.0923 
16700 0.0923 0.0923 
16800 0.0923 0.0923 
16900 0.0923 0.0923 
17000 0.0923 0.0923 
17100 0.0923 0.0923 
17200 0.0923 0.0923 
17300 0.0923 0.0923 
17400 0.0923 0.0923 
17500 0.0923 0.0923 
17600 0.0923 0.0923 
17700 0.0923 0.0923 
17800 0.0923 0.0923 
17900 0.0923 0.0923 
18000 0.0923 0.0923 
18100 0.0923 0.0923 
18200 0.0923 0.0923 
18300 0.0923 0.0923 
18400 0.0923 0.0923 
18500 0.0923 0.0923 
18600 0.0923 0.0923 
18700 0.0923 0.0923 
18800 0.0923 0.0923 
18900 0.0923 0.0923 
19000 0.0923 0.0923 
19100 0.0923 0.0923 
19200 0.0923 0.0923 
19300 0.0923 0.0923 
19400 0.0923 0.0923 
19500 0.0923 0.0923 
19600 0.0923 0.0923 
19700 0.0923 0.0923 
19800 0.0923 0.0923 
19900 0.0923 0.0923 
20000 0.0923 0.0923 
20100 0.0923 0.0923 
20200 0.0923 0.0923 
20300 0.0923 0.0923 
20400 0.0923 0.0923 
20500 0.0923 0.0923 
20600 0.0923 0.0923 
20700 0.0923 0.0923 
20800 0.0923 0.0923 
20900 0.0923 0.0923 
21000 0.0923 0.0923 
21100 0.0923 0.0923 
21200 0.0680 0.0680 
21300 0.0680 0.0680 
21400 0.0680 0.0680 
21500 0.0680 0.0680 
21600 0.0680 0.0680 
21700 0.0680 0.0680 
21800 0.0680 0.0680 
21900 0.0680 0.0680 
22000 0.0680 0.0680 
22100 0.0680 0.0680 
22200 0.0680 0.0680 
22300 0.0680 0.0680 
22400 0.0680 0.0680 
22500 0.0680 0.0680 
22600 0.0680 0.0680 
22700 0.0680 0.0680 
22800 0.0680 0.0680 
22900 0.0680 0.0680 
23000 0.0680 0.0680 
23100 0.0680 0.0680 
23200 0.0680 0.0680 
23300 0.0680 0.0680 
23400 0.0680 0.0680 
23500 0.0680 0.0680 
23600 0.0680 0.0680 
23700 0.0680 0.0680 
23800 0.0680 0.0680 
23900 0.0680 0.0680 
24000 0.0680 0.0680 
24100 0.0680 0.0680 
24200 0.0680 0.0680 
24300 0.0680 0.0680 
24400 0.0680 0.0680 
24500 0.0680 0.0680 
24600 0.0680 0.0680 
24700 0.0680 0.0680 
24800 0.0680 0.0680 
24900 0.0680 0.0680 
25000 0.0656 0.0656 
25100 0.0656 0.0656 
25200 0.0656 0.0656 
25300 0.0656 0.0656 
25400 0.0656 0.0656 
25500 0.0656 0.0656 
25600 0.0656 0.0656 
25700 0.0656 0.0656 
25800 0.0656 0.0656 
25900 0.0656 0.0656 
26000 0.0656 0.0656 
26100 0.0656 0.0656 
26200 0.0656 0.0656 
26300 0.0656 0.0656 
26400 0.0656 0.0656 
26500 0.0656 0.0656 
26600 0.0656 0.0656 
26700 0.0656 0.0656 
26800 0.0656 0.0656 
26900 0.0656 0.0656 
27000 0.0656 0.0656 
27100 0.0656 0.0656 
27200 0.0656 0.0656 
27300 0.0656 0.0656 
27400 0.0656 0.0656 
27500 0.0656 0.0656 
27600 0.0656 0.0656 
27700 0.0656 0.0656 
27800 0.0656 0.0656 
27900 0.0656 0.0656 
28000 0.0656 0.0656 
28100 0.0656 0.0656 
28200 0.0656 0.0656 
28300 0.0656 0.0656 
28400 0.0656 0.0656 
28500 0.0656 0.0656 
28600 0.0656 0.0656 
28700 0.0656 0.0656 
28800 0.0656 0.0656 
28900 0.0656 0.0656 
29000 0.0656 0.0656 
29100 0.0656 0.0656 
29200 0.0656 0.0656 
29300 0.0656 0.0656 
29400 0.0656 0.0656 
29500 0.0656 0.0656 
29600 0.0656 0.0656 
29700 0.0656 0.0656 
29800 0.0656 0.0656 
29900 0.0656 0.0656 
30000 0.0656 0.0656 
30100 0.0656 0.0656 
30200 0.0625 0.0625 
30300 0.0625 0.0625 
30400 0.0625 0.0625 
30500 0.0625 0.0625 
30600 0.0588 0.0588 
30700 0.0588 0.0588 
30800 0.0588 0.0588 
30900 0.0588 0.0588 
31000 0.0588 0.0588 
31100 0.0588 0.0588 
31200 0.0588 0.0588 
31300 0.0588 0.0588 
31400 0.0588 0.0588 
31500 0.0588 0.0588 
31600 0.0588 0.0588 
31700 0.0588 0.0588 
31800 0.0588 0.0588 
31900 0.0588 0.0588 
32000 0.0588 0.0588 
32100 0.0588 0.0588 
32200 0.0588 0.0588 
32300 0.0588 0.0588 
32400 0.0588 0.0588 
32500 0.0588 0.0588 
32600 0.0588 0.0588 
32700 0.0588 0.0588 
32800 0.0588 0.0588 
32900 0.0588 0.0588 
33000 0.0588 0.0588 
33100 0.0588 0.0588 
33200 0.0588 0.0588 
33300 0.0588 0.0588 
33400 0.0588 0.0588 
33500 0.0588 0.0588 
33600 0.0588 0.0588 
33700 0.0588 0.0588 
33800 0.0588 0.0588 
33900 0.0588 0.0588 
34000 0.0588 0.0588 
34100 0.0588 0.0588 
34200 0.0588 0.0588 
34300 0.0588 0.0588 
34400 0.0588 0.0588 
34500 0.0588 0.0588 
34600 0.0588 0.0588 
34700 0.0588 0.0588 
34800 0.0588 0.0588 
34900 0.0588 0.0588 
35000 0.0588 0.0588 
35100 0.0588 0.0588 
35200 0.0588 0.0588 
35300 0.0588 0.0588 
35400 0.0588 0.0588 
35500 0.0588 0.0588 
35600 0.0588 0.0588 
35700 0.0588 0.0588 
35800 0.0588 0.0588 
35900 0.0588 0.0588 
36000 0.0588 0.0588 
36100 0.0588 0.0588 
36200 0.0588 0.0588 
36300 0.0588 0.0588 
36400 0.0588 0.0588 
36500 0.0588 0.0588 
36600 0.0588 0.0588 
36700 0.0588 0.0588 
36800 0.0588 0.0588 
36900 0.0588 0.0588 
37000 0.0588 0.0588 
37100 0.0588 0.0588 
37200 0.0588 0.0588 
37300 0.0588 0.0588 
37400 0.0588 0.0588 
37500 0.0588 0.0588 
37600 0.0588 0.0588 
37700 0.0588 0.0588 
37800 0.0588 0.0588 
37900 0.0588 0.0588 
38000 0.0588 0.0588 
38100 0.0588 0.0588 
38200 0.0588 0.0588 
38300 0.0588 0.0588 
38400 0.0588 0.0588 
38500 0.0588 0.0588 
38600 0.0588 0.0588 
38700 0.0588 0.0588 
38800 0.0588 0.0588 
38900 0.0588 0.0588 
39000 0.0588 0.0588 
39100 0.0588 0.0588 
39200 0.0588 0.0588 
39300 0.0588 0.0588 
39400 0.0588 0.0588 
39500 0.0588 0.0588 
39600 0.0588 0.0588 
39700 0.0588 0.0588 
39800 0.0588 0.0588 
39900 0.0588 0.0588 
40000 0.0588 0.0588 
40100 0.0588 0.0588 
40200 0.0588 0.0588 
40300 0.0588 0.0588 
40400 0.0588 0.0588 
40500 0.0588 0.0588 
40600 0.0588 0.0588 
40700 0.0588 0.0588 
40800 0.0588 0.0588 
40900 0.0588 0.0588 
41000 0.0588 0.0588 
41100 0.0588 0.0588 
41200 0.0588 0.0588 
41300 0.0588 0.0588 
41400 0.0588 0.0588 
41500 0.0588 0.0588 
41600 0.0588 0.0588 
41700 0.0588 0.0588 
41800 0.0588 0.0588 
41900 0.0588 0.0588 
42000 0.0588 0.0588 
42100 0.0588 0.0588 
42200 0.0588 0.0588 
42300 0.0588 0.0588 
42400 0.0588 0.0588 
42500 0.0588 0.0588 
42600 0.0588 0.0588 
42700 0.0588 0.0588 
42800 0.0588 0.0588 
42900 0.0588 0.0588 
43000 0.0588 0.0588 
43100 0.0588 0.0588 
43200 0.0588 0.0588 
43300 0.0588 0.0588 
43400 0.0588 0.0588 
43500 0.0588 0.0588 
43600 0.0588 0.0588 
43700 0.0588 0.0588 
43800 0.0588 0.0588 
43900 0.0588 0.0588 
44000 0.0588 0.0588 
44100 0.0588 0.0588 
44200 0.0588 0.0588 
44300 0.0588 0.0588 
44400 0.0588 0.0588 
44500 0.0588 0.0588 
44600 0.0588 0.0588 
44700 0.0588 0.0588 
44800 0.0588 0.0588 
44900 0.0588 0.0588 
45000 0.0588 0.0588 
45100 0.0588 0.0588 
45200 0.0588 0.0588 
45300 0.0588 0.0588 
45400 0.0588 0.0588 
45500 0.0588 0.0588 
45600 0.0588 0.0588 
45700 0.0588 0.0588 
45800 0.0588 0.0588 
45900 0.0588 0.0588 
46000 0.0588 0.0588 
46100 0.0588 0.0588 
46200 0.0588 0.0588 
46300 0.0588 0.0588 
46400 0.0588 0.0588 
46500 0.0588 0.0588 
46600 0.0588 0.0588 
46700 0.0588 0.0588 
46800 0.0588 0.0588 
46900 0.0588 0.0588 
47000 0.0588 0.0588 
47100 0.0588 0.0588 
47200 0.0588 0.0588 
47300 0.0588 0.0588 
47400 0.0588 0.0588 
47500 0.0571 0.0571 
47600 0.0504 0.0504 
47700 0.0504 0.0504 
47800 0.0504 0.0504 
47900 0.0504 0.0504 
48000 0.0504 0.0504 
48100 0.0504 0.0504 
48200 0.0504 0.0504 
48300 0.0504 0.0504 
48400 0.0504 0.0504 
48500 0.0504 0.0504 
48600 0.0504 0.0504 
48700 0.0504 0.0504 
48800 0.0224 0.0224 
48900 0.0224 0.0224 
49000 0.0224 0.0224 
49100 0.0224 0.0224 
49200 0.0224 0.0224 
49300 0.0224 0.0224 
49400 0.0224 0.0224 
49500 0.0224 0.0224 
49600 0.0224 0.0224 
49700 0.0224 0.0224 
49800 0.0224 0.0224 
49900 0.0224 0.0224 
50000 0.0224 0.0224 
50100 0.0224 0.0224 
50200 0.0224 0.0224 
50300 0.0224 0.0224 
50400 0.0224 0.0224 
50500 0.0224 0.0224 
50600 0.0224 0.0224 
50700 0.0224 0.0224 
50800 0.0224 0.0224 
50900 0.0224 0.0224 
51000 0.0224 0.0224 
51100 0.0224 0.0224 
51200 0.0224 0.0224 
51300 0.0224 0.0224 
51400 0.0224 0.0224 
51500 0.0224 0.0224 
51600 0.0224 0.0224 
51700 0.0224 0.0224 
51800 0.0224 0.0224 
51900 0.0224 0.0224 
52000 0.0224 0.0224 
52100 0.0224 0.0224 
52200 0.0224 0.0224 
52300 0.0224 0.0224 
52400 0.0224 0.0224 
52500 0.0224 0.0224 
52600 0.0224 0.0224 
52700 0.0224 0.0224 
52800 0.0224 0.0224 
52900 0.0224 0.0224 
53000 0.0224 0.0224 
53100 0.0224 0.0224 
53200 0.0224 0.0224 
53300 0.0224 0.0224 
53400 0.0224 0.0224 
53500 0.0224 0.0224 
53600 0.0224 0.0224 
53700 0.0224 0.0224 
53800 0.0224 0.0224 
53900 0.0224 0.0224 
54000 0.0224 0.0224 
54100 0.0224 0.0224 
54200 0.0224 0.0224 
54300 0.0224 0.0224 
54400 0.0224 0.0224 
54500 0.0224 0.0224 
54600 0.0224 0.0224 
54700 0.0224 0.0224 
54800 0.0224 0.0224 
54900 0.0224 0.0224 
55000 0.0224 0.0224 
55100 0.0224 0.0224 
55200 0.0224 0.0224 
55300 0.0224 0.0224 
55400 0.0224 0.0224 
55500 0.0224 0.0224 
55600 0.0224 0.0224 
55700 0.0224 0.0224 
55800 0.0224 0.0224 
55900 0.0224 0.0224 
56000 0.0224 0.0224 
56100 0.0224 0.0224 
56200 0.0224 0.0224 
56300 0.0224 0.0224 
56400 0.0224 0.0224 
56500 0.0224 0.0224 
56600 0.0224 0.0224 
56700 0.0224 0.0224 
56800 0.0224 0.0224 
56900 0.0224 0.0224 
57000 0.0224 0.0224 
57100 0.0224 0.0224 
57200 0.0224 0.0224 
57300 0.0224 0.0224 
57400 0.0224 0.0224 
57500 0.0224 0.0224 
57600 0.0224 0.0224 
57700 0.0224 0.0224 
57800 0.0224 0.0224 
57900 0.0224 0.0224 
58000 0.0224 0.0224 
58100 0.0224 0.0224 
58200 0.0224 0.0224 
58300 0.0224 0.0224 
58400 0.0224 0.0224 
58500 0.0224 0.0224 
58600 0.0224 0.0224 
58700 0.0224 0.0224 
58800 0.0224 0.0224 
58900 0.0224 0.0224 
59000 0.0224 0.0224 
59100 0.0224 0.0224 
59200 0.0224 0.0224 
59300 0.0224 0.0224 
59400 0.0224 0.0224 
59500 0.0224 0.0224 
59600 0.0224 0.0224 
59700 0.0224 0.0224 
59800 0.0224 0.0224 
59900 0.0224 0.0224 
60000 0.0224 0.0224 
60100 0.0224 0.0224 
60200 0.0224 0.0224 
60300 0.0224 0.0224 
60400 0.0224 0.0224 
60500 0.0224 0.0224 
60600 0.0224 0.0224 
60700 0.0224 0.0224 
60800 0.0224 0.0224 
60900 0.0224 0.0224 
61000 0.0224 0.0224 
61100 0.0126 0.0126 
61200 0.0126 0.0126 
61300 0.0126 0.0126 
61400 0.0126 0.0126 
61500 0.0126 0.0126 
61600 0.0126 0.0126 
61700 0.0126 0.0126 
61800 0.0126 0.0126 
61900 0.0126 0.0126 
62000 0.0126 0.0126 
62100 0.0126 0.0126 
62200 0.0126 0.0126 
62300 0.0126 0.0126 
62400 0.0126 0.0126 
62500 0.0126 0.0126 
62600 0.0126 0.0126 
62700 0.0126 0.0126 
62800 0.0126 0.0126 
62900 0.0126 0.0126 
63000 0.0126 0.0126 
63100 0.0126 0.0126 
63200 0.0126 0.0126 
63300 0.0126 0.0126 
63400 0.0126 0.0126 
63500 0.0126 0.0126 
63600 0.0126 0.0126 
63700 0.0126 0.0126 
63800 0.0126 0.0126 
63900 0.0126 0.0126 
64000 0.0126 0.0126 
64100 0.0126 0.0126 
64200 0.0126 0.0126 
64300 0.0126 0.0126 
64400 0.0126 0.0126 
64500 0.0126 0.0126 
64600 0.0126 0.0126 
64700 0.0126 0.0126 
64800 0.0126 0.0126 
64900 0.0126 0.0126 
65000 0.0126 0.0126 
65100 0.0126 0.0126 
65200 0.0126 0.0126 
65300 0.0126 0.0126 
65400 0.0126 0.0126 
65500 0.0126 0.0126 
65600 0.0126 0.0126 
65700 0.0126 0.0126 
65800 0.0126 0.0126 
65900 0.0126 0.0126 
66000 0.0126 0.0126 
66100 0.0126 0.0126 
66200 0.0126 0.0126 
66300 0.0126 0.0126 
66400 0.0126 0.0126 
66500 0.0126 0.0126 
66600 0.0126 0.0126 
66700 0.0126 0.0126 
66800 0.0126 0.0126 
66900 0.0126 0.0126 
67000 0.0126 0.0126 
67100 0.0126 0.0126 
67200 0.0126 0.0126 
67300 0.0126 0.0126 
67400 0.0126 0.0126 
67500 0.0126 0.0126 
67600 0.0126 0.0126 
67700 0.0126 0.0126 
67800 0.0126 0.0126 
67900 0.0126 0.0126 
68000 0.0126 0.0126 
68100 0.0126 0.0126 
68200 0.0126 0.0126 
68300 0.0126 0.0126 
68400 0.0126 0.0126 
68500 0.0126 0.0126 
68600 0.0126 0.0126 
68700 0.0126 0.0126 
68800 0.0126 0.0126 
68900 0.0126 0.0126 
69000 0.0126 0.0126 
69100 0.0126 0.0126 
69200 0.0126 0.0126 
69300 0.0126 0.0126 
69400 0.0126 0.0126 
69500 0.0126 0.0126 
69600 0.0126 0.0126 
69700 0.0126 0.0126 
69800 0.0126 0.0126 
69900 0.0126 0.0126 
70000 0.0126 0.0126 
70100 0.0126 0.0126 
70200 0.0126 0.0126 
70300 0.0126 0.0126 
70400 0.0126 0.0126 
70500 0.0126 0.0126 
70600 0.0126 0.0126 
70700 0.0126 0.0126 
70800 0.0126 0.0126 
70900 0.0126 0.0126 
71000 0.0126 0.0126 
71100 0.0126 0.0126 
71200 0.0126 0.0126 
71300 0.0126 0.0126 
71400 0.0126 0.0126 
71500 0.0126 0.0126 
71600 0.0126 0.0126 
71700 0.0126 0.0126 
71800 0.0126 0.0126 
71900 0.0126 0.0126 
72000 0.0126 0.0126 
72100 0.0126 0.0126 
72200 0.0126 0.0126 
72300 0.0126 0.0126 
72400 0.0126 0.0126 
72500 0.0126 0.0126 
72600 0.0126 0.0126 
72700 0.0126 0.0126 
72800 0.0126 0.0126 
72900 0.0126 0.0126 
73000 0.0126 0.0126 
73100 0.0126 0.0126 
73200 0.0126 0.0126 
73300 0.0126 0.0126 
73400 0.0126 0.0126 
73500 0.0126 0.0126 
73600 0.0126 0.0126 
73700 0.0126 0.0126 
73800 0.0126 0.0126 
73900 0.0126 0.0126 
74000 0.0126 0.0126 
74100 0.0126 0.0126 
74200 0.0126 0.0126 
74300 0.0126 0.0126 
74400 0.0126 0.0126 
74500 0.0126 0.0126 
74600 0.0126 0.0126 
74700 0.0126 0.0126 
74800 0.0126 0.0126 
74900 0.0126 0.0126 
75000 0.0126 0.0126 
75100 0.0126 0.0126 
75200 0.0126 0.0126 
75300 0.0126 0.0126 
75400 0.0126 0.0126 
75500 0.0126 0.0126 
75600 0.0126 0.0126 
75700 0.0126 0.0126 
75800 0.0126 0.0126 
75900 0.0126 0.0126 
76000 0.0126 0.0126 
76100 0.0126 0.0126 
76200 0.0126 0.0126 
76300 0.0126 0.0126 
76400 0.0126 0.0126 
76500 0.0126 0.0126 
76600 0.0126 0.0126 
76700 0.0126 0.0126 
76800 0.0126 0.0126 
76900 0.0126 0.0126 
77000 0.0126 0.0126 
77100 0.0126 0.0126 
77200 0.0126 0.0126 
77300 0.0126 0.0126 
77400 0.0126 0.0126 
77500 0.0126 0.0126 
77600 0.0126 0.0126 
77700 0.0126 0.0126 
77800 0.0126 0.0126 
77900 0.0126 0.0126 
78000 0.0126 0.0126 
78100 0.0126 0.0126 
78200 0.0126 0.0126 
78300 0.0126 0.0126 
78400 0.0126 0.0126 
78500 0.0126 0.0126 
78600 0.0126 0.0126 
78700 0.0126 0.0126 
78800 0.0126 0.0126 
78900 0.0126 0.0126 
79000 0.0126 0.0126 
79100 0.0126 0.0126 
79200 0.0126 0.0126 
79300 0.0126 0.0126 
79400 0.0126 0.0126 
79500 0.0126 0.0126 
79600 0.0126 0.0126 
79700 0.0126 0.0126 
79800 0.0126 0.0126 
79900 0.0126 0.0126 
80000 0.0126 0.0126 
80100 0.0126 0.0126 
80200 0.0126 0.0126 
80300 0.0126 0.0126 
80400 0.0126 0.0126 
80500 0.0126 0.0126 
80600 0.0126 0.0126 
80700 0.0126 0.0126 
80800 0.0126 0.0126 
80900 0.0126 0.0126 
81000 0.0126 0.0126 
81100 0.0126 0.0126 
81200 0.0126 0.0126 
81300 0.0126 0.0126 
81400 0.0126 0.0126 
81500 0.0126 0.0126 
81600 0.0126 0.0126 
81700 0.0126 0.0126 
81800 0.0126 0.0126 
81900 0.0126 0.0126 
82000 0.0126 0.0126 
82100 0.0126 0.0126 
82200 0.0126 0.0126 
82300 0.0126 0.0126 
82400 0.0126 0.0126 
82500 0.0126 0.0126 
82600 0.0126 0.0126 
82700 0.0126 0.0126 
82800 0.0126 0.0126 
82900 0.0126 0.0126 
83000 0.0126 0.0126 
83100 0.0126 0.0126 
83200 0.0126 0.0126 
83300 0.0126 0.0126 
83400 0.0126 0.0126 
83500 0.0126 0.0126 
83600 0.0126 0.0126 
83700 0.0126 0.0126 
83800 0.0126 0.0126 
83900 0.0126 0.0126 
84000 0.0126 0.0126 
84100 0.0126 0.0126 
84200 0.0126 0.0126 
84300 0.0126 0.0126 
84400 0.0126 0.0126 
84500 0.0126 0.0126 
84600 0.0126 0.0126 
84700 0.0126 0.0126 
84800 0.0126 0.0126 
84900 0.0126 0.0126 
85000 0.0126 0.0126 
85100 0.0126 0.0126 
85200 0.0126 0.0126 
85300 0.0126 0.0126 
85400 0.0126 0.0126 
85500 0.0126 0.0126 
85600 0.0126 0.0126 
85700 0.0126 0.0126 
85800 0.0126 0.0126 
85900 0.0126 0.0126 
86000 0.0126 0.0126 
86100 0.0126 0.0126 
86200 0.0126 0.0126 
86300 0.0126 0.0126 
86400 0.0126 0.0126 
86500 0.0126 0.0126 
86600 0.0126 0.0126 
86700 0.0126 0.0126 
86800 0.0126 0.0126 
86900 0.0126 0.0126 
87000 0.0126 0.0126 
87100 0.0126 0.0126 
87200 0.0126 0.0126 
87300 0.0126 0.0126 
87400 0.0126 0.0126 
87500 0.0126 0.0126 
87600 0.0126 0.0126 
87700 0.0126 0.0126 
87800 0.0126 0.0126 
87900 0.0126 0.0126 
88000 0.0126 0.0126 
88100 0.0126 0.0126 
88200 0.0126 0.0126 
88300 0.0126 0.0126 
88400 0.0126 0.0126 
88500 0.0126 0.0126 
88600 0.0126 0.0126 
88700 0.0126 0.0126 
88800 0.0126 0.0126 
88900 0.0126 0.0126 
89000 0.0126 0.0126 
89100 0.0126 0.0126 
89200 0.0126 0.0126 
89300 0.0126 0.0126 
89400 0.0126 0.0126 
89500 0.0126 0.0126 
89600 0.0126 0.0126 
89700 0.0126 0.0126 
89800 0.0126 0.0126 
89900 0.0126 0.0126 
90000 0.0126 0.0126 
90100 0.0126 0.0126 
90200 0.0126 0.0126 
90300 0.0126 0.0126 
90400 0.0126 0.0126 
90500 0.0126 0.0126 
90600 0.0126 0.0126 
90700 0.0126 0.0126 
90800 0.0126 0.0126 
90900 0.0126 0.0126 
91000 0.0126 0.0126 
91100 0.0126 0.0126 
91200 0.0126 0.0126 
91300 0.0126 0.0126 
91400 0.0126 0.0126 
91500 0.0126 0.0126 
91600 0.0126 0.0126 
91700 0.0126 0.0126 
91800 0.0126 0.0126 
91900 0.0126 0.0126 
92000 0.0126 0.0126 
92100 0.0126 0.0126 
92200 0.0126 0.0126 
92300 0.0126 0.0126 
92400 0.0126 0.0126 
92500 0.0126 0.0126 
92600 0.0126 0.0126 
92700 0.0126 0.0126 
92800 0.0126 0.0126 
92900 0.0126 0.0126 
93000 0.0126 0.0126 
93100 0.0126 0.0126 
93200 0.0126 0.0126 
93300 0.0126 0.0126 
93400 0.0126 0.0126 
93500 0.0126 0.0126 
93600 0.0126 0.0126 
93700 0.0126 0.0126 
93800 0.0126 0.0126 
93900 0.0126 0.0126 
94000 0.0126 0.0126 
94100 0.0126 0.0126 
94200 0.0126 0.0126 
94300 0.0126 0.0126 
94400 0.0126 0.0126 
94500 0.0126 0.0126 
94600 0.0126 0.0126 
94700 0.0126 0.0126 
94800 0.0126 0.0126 
94900 0.0126 0.0126 
95000 0.0126 0.0126 
95100 0.0126 0.0126 
95200 0.0126 0.0126 
95300 0.0126 0.0126 
95400 0.0126 0.0126 
95500 0.0126 0.0126 
95600 0.0126 0.0126 
95700 0.0126 0.0126 
95800 0.0126 0.0126 
95900 0.0126 0.0126 
96000 0.0126 0.0126 
96100 0.0126 0.0126 
96200 0.0126 0.0126 
96300 0.0126 0.0126 
96400 0.0126 0.0126 
96500 0.0126 0.0126 
96600 0.0126 0.0126 
96700 0.0126 0.0126 
96800 0.0126 0.0126 
96900 0.0126 0.0126 
97000 0.0126 0.0126 
97100 0.0126 0.0126 
97200 0.0126 0.0126 
97300 0.0126 0.0126 
97400 0.0126 0.0126 
97500 0.0126 0.0126 
97600 0.0126 0.0126 
97700 0.0126 0.0126 
97800 0.0126 0.0126 
97900 0.0126 0.0126 
98000 0.0126 0.0126 
98100 0.0126 0.0126 
98200 0.0126 0.0126 
98300 0.0126 0.0126 
98400 0.0126 0.0126 
98500 0.0103 0.0103 
98600 0.0103 0.0103 
98700 0.0103 0.0103 
98800 0.0103 0.0103 
98900 0.0103 0.0103 
99000 0.0103 0.0103 
99100 0.0103 0.0103 
99200 0.0103 0.0103 
99300 0.0103 0.0103 
99400 0.0103 0.0103 
99500 0.0103 0.0103 
99600 0.0103 0.0103 
99700 0.0103 0.0103 
99800 0.0103 0.0103 
99900 0.0103 0.0103 
100000 0.0103 0.0103 
100100 0.0103 0.0103 
100200 0.0103 0.0103 
100300 0.0103 0.0103 
100400 0.0103 0.0103 
100500 0.0103 0.0103 
100600 0.0103 0.0103 
100700 0.0103 0.0103 
100800 0.0103 0.0103 
100900 0.0103 0.0103 
101000 0.0103 0.0103 
101100 0.0103 0.0103 
101200 0.0103 0.0103 
101300 0.0103 0.0103 
101400 0.0103 0.0103 
101500 0.0103 0.0103 
101600 0.0103 0.0103 
101700 0.0074 0.0074 
101800 0.0074 0.0074 
101900 0.0074 0.0074 
102000 0.0074 0.0074 
102100 0.0074 0.0074 
102200 0.0074 0.0074 
102300 0.0074 0.0074 
102400 0.0074 0.0074 
102500 0.0074 0.0074 
102600 0.0074 0.0074 
102700 0.0074 0.0074 
102800 0.0074 0.0074 
102900 0.0074 0.0074 
103000 0.0074 0.0074 
103100 0.0074 0.0074 
103200 0.0074 0.0074 
103300 0.0074 0.0074 
103400 0.0074 0.0074 
103500 0.0074 0.0074 
103600 0.0074 0.0074 
103700 0.0074 0.0074 
103800 0.0074 0.0074 
103900 0.0074 0.0074 
104000 0.0074 0.0074 
104100 0.0074 0.0074 
104200 0.0074 0.0074 
104300 0.0074 0.0074 
104400 0.0074 0.0074 
104500 0.0033 0.0033 
104600 0.0033 0.0033 
104700 0.0033 0.0033 
104800 0.0033 0.0033 
104900 0.0033 0.0033 
105000 0.0033 0.0033 
105100 0.0033 0.0033 
105200 0.0033 0.0033 
105300 0.0033 0.0033 
105400 0.0033 0.0033 
105500 0.0033 0.0033 
105600 0.0033 0.0033 
105700 0.0033 0.0033 
105800 0.0033 0.0033 
105900 0.0033 0.0033 
106000 0.0033 0.0033 
106100 0.0033 0.0033 
106200 0.0033 0.0033 
106300 0.0033 0.0033 
106400 0.0033 0.0033 
106500 0.0033 0.0033 
106600 0.0033 0.0033 
106700 0.0033 0.0033 
106800 0.0033 0.0033 
106900 0.0033 0.0033 
107000 0.0033 0.0033 
107100 0.0033 0.0033 
107200 0.0033 0.0033 
107300 0.0033 0.0033 
107400 0.0033 0.0033 
107500 0.0033 0.0033 
107600 0.0033 0.0033 
107700 0.0033 0.0033 
107800 0.0033 0.0033 
107900 0.0033 0.0033 
108000 0.0033 0.0033 
108100 0.0033 0.0033 
108200 0.0033 0.0033 
108300 0.0033 0.0033 
108400 0.0033 0.0033 
108500 0.0033 0.0033 
108600 0.0033 0.0033 
108700 0.0033 0.0033 
108800 0.0033 0.0033 
108900 0.0033 0.0033 
109000 0.0033 0.0033 
109100 0.0033 0.0033 
109200 0.0033 0.0033 
109300 0.0033 0.0033 
109400 0.0033 0.0033 
109500 0.0033 0.0033 
109600 0.0033 0.0033 
109700 0.0033 0.0033 
109800 0.0033 0.0033 
109900 0.0033 0.0033 
110000 0.0033 0.0033 
110100 0.0033 0.0033 
110200 0.0033 0.0033 
110300 0.0033 0.0033 
110400 0.0033 0.0033 
110500 0.0033 0.0033 
110600 0.0033 0.0033 
110700 0.0033 0.0033 
110800 0.0033 0.0033 
110900 0.0033 0.0033 
111000 0.0033 0.0033 
111100 0.0033 0.0033 
111200 0.0033 0.0033 
111300 0.0033 0.0033 
111400 0.0033 0.0033 
111500 0.0033 0.0033 
111600 0.0033 0.0033 
111700 0.0033 0.0033 
111800 0.0033 0.0033 
111900 0.0033 0.0033 
112000 0.0033 0.0033 
112100 0.0033 0.0033 
112200 0.0033 0.0033 
112300 0.0033 0.0033 
112400 0.0033 0.0033 
112500 0.0033 0.0033 
112600 0.0033 0.0033 
112700 0.0033 0.0033 
112800 0.0033 0.0033 
112900 0.0033 0.0033 
113000 0.0033 0.0033 
113100 0.0033 0.0033 
113200 0.0033 0.0033 
113300 0.0033 0.0033 
113400 0.0033 0.0033 
113500 0.0033 0.0033 
113600 0.0033 0.0033 
113700 0.0018 0.0018 
113800 0.0018 0.0018 
113900 0.0018 0.0018 
114000 0.0018 0.0018 
114100 0.0018 0.0018 
114200 0.0018 0.0018 
114300 0.0018 0.0018 
114400 0.0018 0.0018 
114500 0.0018 0.0018 
114600 0.0018 0.0018 
114700 0.0018 0.0018 
114800 0.0018 0.0018 
114900 0.0018 0.0018 
115000 0.0018 0.0018 
115100 0.0018 0.0018 
115200 0.0018 0.0018 
115300 0.0018 0.0018 
115400 0.0018 0.0018 
115500 0.0018 0.0018 
115600 0.0018 0.0018 
115700 0.0018 0.0018 
115800 0.0018 0.0018 
115900 0.0018 0.0018 
116000 0.0018 0.0018 
116100 0.0018 0.0018 
116200 0.0018 0.0018 
116300 0.0018 0.0018 
116400 0.0018 0.0018 
116500 0.0018 0.0018 
116600 0.0018 0.0018 
116700 0.0018 0.0018 
116800 0.0018 0.0018 
116900 0.0018 0.0018 
117000 0.0018 0.0018 
117100 0.0018 0.0018 
117200 0.0018 0.0018 
117300 0.0018 0.0018 
117400 0.0018 0.0018 
117500 0.0018 0.0018 
117600 0.0018 0.0018 
117700 0.0018 0.0018 
117800 0.0018 0.0018 
117900 0.0018 0.0018 
118000 0.0018 0.0018 
118100 0.0018 0.0018 
118200 0.0018 0.0018 
118300 0.0018 0.0018 
118400 0.0018 0.0018 
118500 0.0018 0.0018 
118600 0.0018 0.0018 
118700 0.0018 0.0018 
118800 0.0018 0.0018 
118900 0.0018 0.0018 
119000 0.0018 0.0018 
119100 0.0018 0.0018 
119200 0.0018 0.0018 
119300 0.0018 0.0018 
119400 0.0018 0.0018 
119500 0.0018 0.0018 
119600 0.0018 0.0018 
119700 0.0018 0.0018 
119800 0.0018 0.0018 
119900 0.0018 0.0018 
120000 0.0018 0.0018 
120100 0.0018 0.0018 
120200 0.0018 0.0018 
120300 0.0018 0.0018 
120400 0.0018 0.0018 
120500 0.0018 0.0018 
120600 0.0018 0.0018 
120700 0.0018 0.0018 
120800 0.0018 0.0018 
120900 0.0018 0.0018 
121000 0.0018 0.0018 
121100 0.0018 0.0018 
121200 0.0018 0.0018 
121300 0.0018 0.0018 
121400 0.0018 0.0018 
121500 0.0018 0.0018 
121600 0.0018 0.0018 
121700 0.0018 0.0018 
121800 0.0018 0.0018 
121900 0.0018 0.0018 
122000 0.0018 0.0018 
122100 0.0018 0.0018 
122200 0.0018 0.0018 
122300 0.0018 0.0018 
122400 0.0018 0.0018 
122500 0.0018 0.0018 
122600 0.0018 0.0018 
122700 0.0018 0.0018 
122800 0.0018 0.0018 
122900 0.0018 0.0018 
123000 0.0018 0.0018 
123100 0.0018 0.0018 
123200 0.0018 0.0018 
123300 0.0018 0.0018 
123400 0.0018 0.0018 
123500 0.0018 0.0018 
123600 0.0018 0.0018 
123700 0.0018 0.0018 
123800 0.0018 0.0018 
123900 0.0018 0.0018 
124000 0.0018 0.0018 
124100 0.0018 0.0018 
124200 0.0018 0.0018 
124300 0.0018 0.0018 
124400 0.0018 0.0018 
124500 0.0018 0.0018 
124600 0.0018 0.0018 
124700 0.0018 0.0018 
124800 0.0018 0.0018 
124900 0.0018 0.0018 
125000 0.0018 0.0018 
125100 0.0018 0.0018 
125200 0.0018 0.0018 
125300 0.0018 0.0018 
125400 0.0018 0.0018 
125500 0.0018 0.0018 
125600 0.0018 0.0018 
125700 0.0018 0.0018 
125800 0.0018 0.0018 
125900 0.0018 0.0018 
126000 0.0018 0.0018 
126100 0.0018 0.0018 
126200 0.0018 0.0018 
126300 0.0018 0.0018 
126400 0.0018 0.0018 
126500 0.0018 0.0018 
126600 0.0018 0.0018 
126700 0.0018 0.0018 
126800 0.0018 0.0018 
126900 0.0018 0.0018 
127000 0.0018 0.0018 
127100 0.0018 0.0018 
127200 0.0018 0.0018 
127300 0.0018 0.0018 
127400 0.0018 0.0018 
127500 0.0018 0.0018 
127600 0.0018 0.0018 
127700 0.0018 0.0018 
127800 0.0018 0.0018 
127900 0.0018 0.0018 
128000 0.0018 0.0018 
128100 0.0018 0.0018 
128200 0.0018 0.0018 
128300 0.0018 0.0018 
128400 0.0018 0.0018 
128500 0.0018 0.0018 
128600 0.0018 0.0018 
128700 0.0018 0.0018 
128800 0.0018 0.0018 
128900 0.0018 0.0018 
129000 0.0018 0.0018 
129100 0.0018 0.0018 
129200 0.0018 0.0018 
129300 0.0018 0.0018 
129400 0.0018 0.0018 
129500 0.0018 0.0018 
129600 0.0018 0.0018 
129700 0.0018 0.0018 
129800 0.0018 0.0018 
129900 0.0018 0.0018 
130000 0.0018 0.0018 
130100 0.0018 0.0018 
130200 0.0018 0.0018 
130300 0.0018 0.0018 
130400 0.0018 0.0018 
130500 0.0018 0.0018 
130600 0.0018 0.0018 
130700 0.0018 0.0018 
130800 0.0018 0.0018 
130900 0.0018 0.0018 
131000 0.0018 0.0018 
131100 0.0018 0.0018 
131200 0.0018 0.0018 
131300 0.0018 0.0018 
131400 0.0018 0.0018 
131500 0.0018 0.0018 
131600 0.0018 0.0018 
131700 0.0018 0.0018 
131800 0.0018 0.0018 
131900 0.0018 0.0018 
132000 0.0018 0.0018 
132100 0.0018 0.0018 
132200 0.0018 0.0018 
132300 0.0018 0.0018 
132400 0.0018 0.0018 
132500 0.0018 0.0018 
132600 0.0018 0.0018 
132700 0.0018 0.0018 
132800 0.0018 0.0018 
132900 0.0018 0.0018 
133000 0.0018 0.0018 
133100 0.0018 0.0018 
133200 0.0018 0.0018 
133300 0.0000 0.0000 
133400 0.0000 0.0000 
133500 0.0000 0.0000 
133600 0.0000 0.0000 
133700 0.0000 0.0000 
133800 0.0000 0.0000 
133900 0.0000 0.0000 
134000 0.0000 0.0000 
134100 0.0000 0.0000 
134200 0.0000 0.0000 
134300 0.0000 0.0000 
134400 0.0000 0.0000 
134500 0.0000 0.0000 
134600 0.0000 0.0000 
134700 0.0000 0.0000 
134800 0.0000 0.0000 
134900 0.0000 0.0000 
135000 0.0000 0.0000 
135100 0.0000 0.0000 
135200 0.0000 0.0000 
135300 0.0000 0.0000 
135400 0.0000 0.0000 
135500 0.0000 0.0000 
135600 0.0000 0.0000 
135700 0.0000 0.0000 
135800 0.0000 0.0000 
135900 0.0000 0.0000 
136000 0.0000 0.0000 
136100 0.0000 0.0000 
136200 0.0000 0.0000 
136300 0.0000 0.0000 
136400 0.0000 0.0000 
136500 0.0000 0.0000 
136600 0.0000 0.0000 
136700 0.0000 0.0000 
136800 0.0000 0.0000 
136900 0.0000 0.0000 
137000 0.0000 0.0000 
137100 0.0000 0.0000 
137200 0.0000 0.0000 
137300 0.0000 0.0000 
137400 0.0000 0.0000 
137500 0.0000 0.0000 
137600 0.0000 0.0000 
137700 0.0000 0.0000 
137800 0.0000 0.0000 
137900 0.0000 0.0000 
138000 0.0000 0.0000 
138100 0.0000 0.0000 
138200 0.0000 0.0000 
138300 0.0000 0.0000 
138400 0.0000 0.0000 
138500 0.0000 0.0000 
138600 0.0000 0.0000 
138700 0.0000 0.0000 
138800 0.0000 0.0000 
138900 0.0000 0.0000 
139000 0.0000 0.0000 
139100 0.0000 0.0000 
139200 0.0000 0.0000 
139300 0.0000 0.0000 
139400 0.0000 0.0000 
139500 0.0000 0.0000 
139600 0.0000 0.0000 
139700 0.0000 0.0000 
139800 0.0000 0.0000 
139900 0.0000 0.0000 
140000 0.0000 0.0000 
140100 0.0000 0.0000 
140200 0.0000 0.0000 
140300 0.0000 0.0000 
140400 0.0000 0.0000 
140500 0.0000 0.0000 
140600 0.0000 0.0000 
140700 0.0000 0.0000 
140800 0.0000 0.0000 
140900 0.0000 0.0000 
141000 0.0000 0.0000 
141100 0.0000 0.0000 
141200 0.0000 0.0000 
141300 0.0000 0.0000 
141400 0.0000 0.0000 
141500 0.0000 0.0000 
141600 0.0000 0.0000 
141700 0.0000 0.0000 
141800 0.0000 0.0000 
141900 0.0000 0.0000 
142000 0.0000 0.0000 
142100 0.0000 0.0000 
142200 0.0000 0.0000 
142300 0.0000 0.0000 
142400 0.0000 0.0000 
142500 0.0000 0.0000 
142600 0.0000 0.0000 
142700 0.0000 0.0000 
142800 0.0000 0.0000 
142900 0.0000 0.0000 
143000 0.0000 0.0000 
143100 0.0000 0.0000 
143200 0.0000 0.0000 
143300 0.0000 0.0000 
143400 0.0000 0.0000 
143500 0.0000 0.0000 
143600 0.0000 0.0000 
143700 0.0000 0.0000 
143800 0.0000 0.0000 
143900 0.0000 0.0000 
144000 0.0000 0.0000 
144100 0.0000 0.0000 
144200 0.0000 0.0000 
144300 0.0000 0.0000 
144400 0.0000 0.0000 
144500 0.0000 0.0000 
144600 0.0000 0.0000 
144700 0.0000 0.0000 
144800 0.0000 0.0000 
144900 0.0000 0.0000 
145000 0.0000 0.0000 
145100 0.0000 0.0000 
145200 0.0000 0.0000 
145300 0.0000 0.0000 
145400 0.0000 0.0000 
145500 0.0000 0.0000 
145600 0.0000 0.0000 
145700 0.0000 0.0000 
145800 0.0000 0.0000 
145900 0.0000 0.0000 
146000 0.0000 0.0000 
146100 0.0000 0.0000 
146200 0.0000 0.0000 
146300 0.0000 0.0000 
146400 0.0000 0.0000 
146500 0.0000 0.0000 
146600 0.0000 0.0000 
146700 0.0000 0.0000 
146800 0.0000 0.0000 
146900 0.0000 0.0000 
147000 0.0000 0.0000 
147100 0.0000 0.0000 
147200 0.0000 0.0000 
147300 0.0000 0.0000 
147400 0.0000 0.0000 
147500 0.0000 0.0000 
147600 0.0000 0.0000 
147700 0.0000 0.0000 
147800 0.0000 0.0000 
147900 0.0000 0.0000 
148000 0.0000 0.0000 
148100 0.0000 0.0000 
148200 0.0000 0.0000 
148300 0.0000 0.0000 
148400 0.0000 0.0000 
148500 0.0000 0.0000 
148600 0.0000 0.0000 
148700 0.0000 0.0000 
148800 0.0000 0.0000 
148900 0.0000 0.0000 
149000 0.0000 0.0000 
149100 0.0000 0.0000 
149200 0.0000 0.0000 
149300 0.0000 0.0000 
149400 0.0000 0.0000 
149500 0.0000 0.0000 
149600 0.0000 0.0000 
149700 0.0000 0.0000 
149800 0.0000 0.0000 
149900 0.0000 0.0000 
150000 0.0000 0.0000 
150100 0.0000 0.0000 
150200 0.0000 0.0000 
150300 0.0000 0.0000 
150400 0.0000 0.0000 
150500 0.0000 0.0000 
150600 0.0000 0.0000 
150700 0.0000 0.0000 
150800 0.0000 0.0000 
150900 0.0000 0.0000 
151000 0.0000 0.0000 
151100 0.0000 0.0000 
151200 0.0000 0.0000 
151300 0.0000 0.0000 
151400 0.0000 0.0000 
151500 0.0000 0.0000 
151600 0.0000 0.0000 
151700 0.0000 0.0000 
151800 0.0000 0.0000 
151900 0.0000 0.0000 
152000 0.0000 0.0000 
152100 0.0000 0.0000 
152200 0.0000 0.0000 
152300 0.0000 0.0000 
152400 0.0000 0.0000 
152500 0.0000 0.0000 
152600 0.0000 0.0000 
152700 0.0000 0.0000 
152800 0.0000 0.0000 
152900 0.0000 0.0000 
153000 0.0000 0.0000 
153100 0.0000 0.0000 
153200 0.0000 0.0000 
153300 0.0000 0.0000 
153400 0.0000 0.0000 
153500 0.0000 0.0000 
153600 0.0000 0.0000 
153700 0.0000 0.0000 
153800 0.0000 0.0000 
153900 0.0000 0.0000 
154000 0.0000 0.0000 
154100 0.0000 0.0000 
154200 0.0000 0.0000 
154300 0.0000 0.0000 
154400 0.0000 0.0000 
154500 0.0000 0.0000 
154600 0.0000 0.0000 
154700 0.0000 0.0000 
154800 0.0000 0.0000 
154900 0.0000 0.0000 
155000 0.0000 0.0000 
155100 0.0000 0.0000 
155200 0.0000 0.0000 
155300 0.0000 0.0000 
155400 0.0000 0.0000 
155500 0.0000 0.0000 
155600 0.0000 0.0000 
155700 0.0000 0.0000 
155800 0.0000 0.0000 
155900 0.0000 0.0000 
156000 0.0000 0.0000 
156100 0.0000 0.0000 
156200 0.0000 0.0000 
156300 0.0000 0.0000 
156400 0.0000 0.0000 
156500 0.0000 0.0000 
156600 0.0000 0.0000 
156700 0.0000 0.0000 
156800 0.0000 0.0000 
156900 0.0000 0.0000 
157000 0.0000 0.0000 
157100 0.0000 0.0000 
157200 0.0000 0.0000 
157300 0.0000 0.0000 
157400 0.0000 0.0000 
157500 0.0000 0.0000 
157600 0.0000 0.0000 
157700 0.0000 0.0000 
157800 0.0000 0.0000 
157900 0.0000 0.0000 
158000 0.0000 0.0000 
158100 0.0000 0.0000 
158200 0.0000 0.0000 
158300 0.0000 0.0000 
158400 0.0000 0.0000 
158500 0.0000 0.0000 
158600 0.0000 0.0000 
158700 0.0000 0.0000 
158800 0.0000 0.0000 
158900 0.0000 0.0000 
159000 0.0000 0.0000 
159100 0.0000 0.0000 
159200 0.0000 0.0000 
159300 0.0000 0.0000 
159400 0.0000 0.0000 
159500 0.0000 0.0000 
159600 0.0000 0.0000 
159700 0.0000 0.0000 
159800 0.0000 0.0000 
159900 0.0000 0.0000 
160000 0.0000 0.0000 
160100 0.0000 0.0000 
160200 0.0000 0.0000 
160300 0.0000 0.0000 
160400 0.0000 0.0000 
160500 0.0000 0.0000 
160600 0.0000 0.0000 
160700 0.0000 0.0000 
160800 0.0000 0.0000 
160900 0.0000 0.0000 
161000 0.0000 0.0000 
161100 0.0000 0.0000 
161200 0.0000 0.0000 
161300 0.0000 0.0000 
161400 0.0000 0.0000 
161500 0.0000 0.0000 
161600 0.0000 0.0000 
161700 0.0000 0.0000 
161800 0.0000 0.0000 
161900 0.0000 0.0000 
162000 0.0000 0.0000 
162100 0.0000 0.0000 
162200 0.0000 0.0000 
162300 0.0000 0.0000 
162400 0.0000 0.0000 
162500 0.0000 0.0000 
162600 0.0000 0.0000 
162700 0.0000 0.0000 
162800 0.0000 0.0000 
162900 0.0000 0.0000 
163000 0.0000 0.0000 
163100 0.0000 0.0000 
163200 0.0000 0.0000 
163300 0.0000 0.0000 
163400 0.0000 0.0000 
163500 0.0000 0.0000 
163600 0.0000 0.0000 
163700 0.0000 0.0000 
163800 0.0000 0.0000 
163900 0.0000 0.0000 
164000 0.0000 0.0000 
164100 0.0000 0.0000 
164200 0.0000 0.0000 
164300 0.0000 0.0000 
164400 0.0000 0.0000 
164500 0.0000 0.0000 
164600 0.0000 0.0000 
164700 0.0000 0.0000 
164800 0.0000 0.0000 
164900 0.0000 0.0000 
165000 0.0000 0.0000 
165100 0.0000 0.0000 
165200 0.0000 0.0000 
165300 0.0000 0.0000 
165400 0.0000 0.0000 
165500 0.0000 0.0000 
165600 0.0000 0.0000 
165700 0.0000 0.0000 
165800 0.0000 0.0000 
165900 0.0000 0.0000 
166000 0.0000 0.0000 
166100 0.0000 0.0000 
166200 0.0000 0.0000 
166300 0.0000 0.0000 
166400 0.0000 0.0000 
166500 0.0000 0.0000 
166600 0.0000 0.0000 
166700 0.0000 0.0000 
166800 0.0000 0.0000 
166900 0.0000 0.0000 
167000 0.0000 0.0000 
167100 0.0000 0.0000 
167200 0.0000 0.0000 
167300 0.0000 0.0000 
167400 0.0000 0.0000 
167500 0.0000 0.0000 
167600 0.0000 0.0000 
167700 0.0000 0.0000 
167800 0.0000 0.0000 
167900 0.0000 0.0000 
168000 0.0000 0.0000 
168100 0.0000 0.0000 
168200 0.0000 0.0000 
168300 0.0000 0.0000 
168400 0.0000 0.0000 
168500 0.0000 0.0000 
168600 0.0000 0.0000 
168700 0.0000 0.0000 
168800 0.0000 0.0000 
168900 0.0000 0.0000 
169000 0.0000 0.0000 
169100 0.0000 0.0000 
169200 0.0000 0.0000 
169300 0.0000 0.0000 
169400 0.0000 0.0000 
169500 0.0000 0.0000 
169600 0.0000 0.0000 
169700 0.0000 0.0000 
169800 0.0000 0.0000 
169900 0.0000 0.0000 
170000 0.0000 0.0000 
170100 0.0000 0.0000 
170200 0.0000 0.0000 
170300 0.0000 0.0000 
170400 0.0000 0.0000 
170500 0.0000 0.0000 
170600 0.0000 0.0000 
170700 0.0000 0.0000 
170800 0.0000 0.0000 
170900 0.0000 0.0000 
171000 0.0000 0.0000 
171100 0.0000 0.0000 
171200 0.0000 0.0000 
171300 0.0000 0.0000 
171400 0.0000 0.0000 
171500 0.0000 0.0000 
171600 0.0000 0.0000 
171700 0.0000 0.0000 
171800 0.0000 0.0000 
171900 0.0000 0.0000 
172000 0.0000 0.0000 
172100 0.0000 0.0000 
172200 0.0000 0.0000 
172300 0.0000 0.0000 
172400 0.0000 0.0000 
172500 0.0000 0.0000 
172600 0.0000 0.0000 
172700 0.0000 0.0000 
172800 0.0000 0.0000 
172900 0.0000 0.0000 
173000 0.0000 0.0000 
173100 0.0000 0.0000 
173200 0.0000 0.0000 
173300 0.0000 0.0000 
173400 0.0000 0.0000 
173500 0.0000 0.0000 
173600 0.0000 0.0000 
173700 0.0000 0.0000 
173800 0.0000 0.0000 
173900 0.0000 0.0000 
174000 0.0000 0.0000 
174100 0.0000 0.0000 
174200 0.0000 0.0000 
174300 0.0000 0.0000 
174400 0.0000 0.0000 
174500 0.0000 0.0000 
174600 0.0000 0.0000 
174700 0.0000 0.0000 
174800 0.0000 0.0000 
174900 0.0000 0.0000 
175000 0.0000 0.0000 
175100 0.0000 0.0000 
175200 0.0000 0.0000 
175300 0.0000 0.0000 
175400 0.0000 0.0000 
175500 0.0000 0.0000 
175600 0.0000 0.0000 
175700 0.0000 0.0000 
175800 0.0000 0.0000 
175900 0.0000 0.0000 
176000 0.0000 0.0000 
176100 0.0000 0.0000 
176200 0.0000 0.0000 
176300 0.0000 0.0000 
176400 0.0000 0.0000 
176500 0.0000 0.0000 
176600 0.0000 0.0000 
176700 0.0000 0.0000 
176800 0.0000 0.0000 
176900 0.0000 0.0000 
177000 0.0000 0.0000 
177100 0.0000 0.0000 
177200 0.0000 0.0000 
177300 0.0000 0.0000 
177400 0.0000 0.0000 
177500 0.0000 0.0000 
177600 0.0000 0.0000 
177700 0.0000 0.0000 
177800 0.0000 0.0000 
177900 0.0000 0.0000 
178000 0.0000 0.0000 
178100 0.0000 0.0000 
178200 0.0000 0.0000 
178300 0.0000 0.0000 
178400 0.0000 0.0000 
178500 0.0000 0.0000 
178600 0.0000 0.0000 
178700 0.0000 0.0000 
178800 0.0000 0.0000 
178900 0.0000 0.0000 
179000 0.0000 0.0000 
179100 0.0000 0.0000 
179200 0.0000 0.0000 
179300 0.0000 0.0000 
179400 0.0000 0.0000 
179500 0.0000 0.0000 
179600 0.0000 0.0000 
179700 0.0000 0.0000 
179800 0.0000 0.0000 
179900 0.0000 0.0000 
180000 0.0000 0.0000 
180100 0.0000 0.0000 
180200 0.0000 0.0000 
180300 0.0000 0.0000 
180400 0.0000 0.0000 
180500 0.0000 0.0000 
180600 0.0000 0.0000 
180700 0.0000 0.0000 
180800 0.0000 0.0000 
180900 0.0000 0.0000 
181000 0.0000 0.0000 
181100 0.0000 0.0000 
181200 0.0000 0.0000 
181300 0.0000 0.0000 
181400 0.0000 0.0000 
181500 0.0000 0.0000 
181600 0.0000 0.0000 
181700 0.0000 0.0000 
181800 0.0000 0.0000 
181900 0.0000 0.0000 
182000 0.0000 0.0000 
182100 0.0000 0.0000 
182200 0.0000 0.0000 
182300 0.0000 0.0000 
182400 0.0000 0.0000 
182500 0.0000 0.0000 
182600 0.0000 0.0000 
182700 0.0000 0.0000 
182800 0.0000 0.0000 
182900 0.0000 0.0000 
183000 0.0000 0.0000 
183100 0.0000 0.0000 
183200 0.0000 0.0000 
183300 0.0000 0.0000 
183400 0.0000 0.0000 
183500 0.0000 0.0000 
183600 0.0000 0.0000 
183700 0.0000 0.0000 
183800 0.0000 0.0000 
183900 0.0000 0.0000 
184000 0.0000 0.0000 
184100 0.0000 0.0000 
184200 0.0000 0.0000 
184300 0.0000 0.0000 
184400 0.0000 0.0000 
184500 0.0000 0.0000 
184600 0.0000 0.0000 
184700 0.0000 0.0000 
184800 0.0000 0.0000 
184900 0.0000 0.0000 
185000 0.0000 0.0000 
185100 0.0000 0.0000 
185200 0.0000 0.0000 
185300 0.0000 0.0000 
185400 0.0000 0.0000 
185500 0.0000 0.0000 
185600 0.0000 0.0000 
185700 0.0000 0.0000 
185800 0.0000 0.0000 
185900 0.0000 0.0000 
186000 0.0000 0.0000 
186100 0.0000 0.0000 
186200 0.0000 0.0000 
186300 0.0000 0.0000 
186400 0.0000 0.0000 
186500 0.0000 0.0000 
186600 0.0000 0.0000 
186700 0.0000 0.0000 
186800 0.0000 0.0000 
186900 0.0000 0.0000 
187000 0.0000 0.0000 
187100 0.0000 0.0000 
187200 0.0000 0.0000 
187300 0.0000 0.0000 
187400 0.0000 0.0000 
187500 0.0000 0.0000 
187600 0.0000 0.0000 
187700 0.0000 0.0000 
187800 0.0000 0.0000 
187900 0.0000 0.0000 
188000 0.0000 0.0000 
188100 0.0000 0.0000 
188200 0.0000 0.0000 
188300 0.0000 0.0000 
188400 0.0000 0.0000 
188500 0.0000 0.0000 
188600 0.0000 0.0000 
188700 0.0000 0.0000 
188800 0.0000 0.0000 
188900 0.0000 0.0000 
189000 0.0000 0.0000 
189100 0.0000 0.0000 
189200 0.0000 0.0000 
189300 0.0000 0.0000 
189400 0.0000 0.0000 
189500 0.0000 0.0000 
189600 0.0000 0.0000 
189700 0.0000 0.0000 
189800 0.0000 0.0000 
189900 0.0000 0.0000 
190000 0.0000 0.0000 
190100 0.0000 0.0000 
190200 0.0000 0.0000 
190300 0.0000 0.0000 
190400 0.0000 0.0000 
190500 0.0000 0.0000 
190600 0.0000 0.0000 
190700 0.0000 0.0000 
190800 0.0000 0.0000 
190900 0.0000 0.0000 
191000 0.0000 0.0000 
191100 0.0000 0.0000 
191200 0.0000 0.0000 
191300 0.0000 0.0000 
191400 0.0000 0.0000 
191500 0.0000 0.0000 
191600 0.0000 0.0000 
191700 0.0000 0.0000 
191800 0.0000 0.0000 
191900 0.0000 0.0000 
192000 0.0000 0.0000 
192100 0.0000 0.0000 
192200 0.0000 0.0000 
192300 0.0000 0.0000 
192400 0.0000 0.0000 
192500 0.0000 0.0000 
192600 0.0000 0.0000 
192700 0.0000 0.0000 
192800 0.0000 0.0000 
192900 0.0000 0.0000 
193000 0.0000 0.0000 
193100 0.0000 0.0000 
193200 0.0000 0.0000 
193300 0.0000 0.0000 
193400 0.0000 0.0000 
193500 0.0000 0.0000 
193600 0.0000 0.0000 
193700 0.0000 0.0000 
193800 0.0000 0.0000 
193900 0.0000 0.0000 
194000 0.0000 0.0000 
194100 0.0000 0.0000 
194200 0.0000 0.0000 
194300 0.0000 0.0000 
194400 0.0000 0.0000 
194500 0.0000 0.0000 
194600 0.0000 0.0000 
194700 0.0000 0.0000 
194800 0.0000 0.0000 
194900 0.0000 0.0000 
195000 0.0000 0.0000 
195100 0.0000 0.0000 
195200 0.0000 0.0000 
195300 0.0000 0.0000 
195400 0.0000 0.0000 
195500 0.0000 0.0000 
195600 0.0000 0.0000 
195700 0.0000 0.0000 
195800 0.0000 0.0000 
195900 0.0000 0.0000 
196000 0.0000 0.0000 
196100 0.0000 0.0000 
196200 0.0000 0.0000 
196300 0.0000 0.0000 
196400 0.0000 0.0000 
196500 0.0000 0.0000 
196600 0.0000 0.0000 
196700 0.0000 0.0000 
196800 0.0000 0.0000 
196900 0.0000 0.0000 
197000 0.0000 0.0000 
197100 0.0000 0.0000 
197200 0.0000 0.0000 
197300 0.0000 0.0000 
197400 0.0000 0.0000 
197500 0.0000 0.0000 
197600 0.0000 0.0000 
197700 0.0000 0.0000 
197800 0.0000 0.0000 
197900 0.0000 0.0000 
198000 0.0000 0.0000 
198100 0.0000 0.0000 
198200 0.0000 0.0000 
198300 0.0000 0.0000 
198400 0.0000 0.0000 
198500 0.0000 0.0000 
198600 0.0000 0.0000 
198700 0.0000 0.0000 
198800 0.0000 0.0000 
198900 0.0000 0.0000 
199000 0.0000 0.0000 
199100 0.0000 0.0000 
199200 0.0000 0.0000 
199300 0.0000 0.0000 
199400 0.0000 0.0000 
199500 0.0000 0.0000 
199600 0.0000 0.0000 
199700 0.0000 0.0000 
199800 0.0000 0.0000 
199900 0.0000 0.0000 
200000 0.0000 0.0000 
200100 0.0000 0.0000 
200200 0.0000 0.0000 
200300 0.0000 0.0000 
200400 0.0000 0.0000 
200500 0.0000 0.0000 
200600 0.0000 0.0000 
200700 0.0000 0.0000 
200800 0.0000 0.0000 
200900 0.0000 0.0000 
201000 0.0000 0.0000 
201100 0.0000 0.0000 
201200 0.0000 0.0000 
201300 0.0000 0.0000 
201400 0.0000 0.0000 
201500 0.0000 0.0000 
201600 0.0000 0.0000 
201700 0.0000 0.0000 
201800 0.0000 0.0000 
201900 0.0000 0.0000 
202000 0.0000 0.0000 
202100 0.0000 0.0000 
202200 0.0000 0.0000 
202300 0.0000 0.0000 
202400 0.0000 0.0000 
202500 0.0000 0.0000 
202600 0.0000 0.0000 
202700 0.0000 0.0000 
202800 0.0000 0.0000 
202900 0.0000 0.0000 
203000 0.0000 0.0000 
203100 0.0000 0.0000 
203200 0.0000 0.0000 
203300 0.0000 0.0000 
203400 0.0000 0.0000 
203500 0.0000 0.0000 
203600 0.0000 0.0000 
203700 0.0000 0.0000 
203800 0.0000 0.0000 
203900 0.0000 0.0000 
204000 0.0000 0.0000 
204100 0.0000 0.0000 
204200 0.0000 0.0000 
204300 0.0000 0.0000 
204400 0.0000 0.0000 
204500 0.0000 0.0000 
204600 0.0000 0.0000 
204700 0.0000 0.0000 
204800 0.0000 0.0000 
204900 0.0000 0.0000 
205000 0.0000 0.0000 
205100 0.0000 0.0000 
205200 0.0000 0.0000 
205300 0.0000 0.0000 
205400 0.0000 0.0000 
205500 0.0000 0.0000 
205600 0.0000 0.0000 
205700 0.0000 0.0000 
205800 0.0000 0.0000 
205900 0.0000 0.0000 
206000 0.0000 0.0000 
206100 0.0000 0.0000 
206200 0.0000 0.0000 
206300 0.0000 0.0000 
206400 0.0000 0.0000 
206500 0.0000 0.0000 
206600 0.0000 0.0000 
206700 0.0000 0.0000 
206800 0.0000 0.0000 
206900 0.0000 0.0000 
207000 0.0000 0.0000 
207100 0.0000 0.0000 
207200 0.0000 0.0000 
207300 0.0000 0.0000 
207400 0.0000 0.0000 
207500 0.0000 0.0000 
207600 0.0000 0.0000 
207700 0.0000 0.0000 
207800 0.0000 0.0000 
207900 0.0000 0.0000 
208000 0.0000 0.0000 
208100 0.0000 0.0000 
208200 0.0000 0.0000 
208300 0.0000 0.0000 
208400 0.0000 0.0000 
208500 0.0000 0.0000 
208600 0.0000 0.0000 
208700 0.0000 0.0000 
208800 0.0000 0.0000 
208900 0.0000 0.0000 
209000 0.0000 0.0000 
209100 0.0000 0.0000 
209200 0.0000 0.0000 
209300 0.0000 0.0000 
209400 0.0000 0.0000 
209500 0.0000 0.0000 
209600 0.0000 0.0000 
209700 0.0000 0.0000 
209800 0.0000 0.0000 
209900 0.0000 0.0000 
210000 0.0000 0.0000 
210100 0.0000 0.0000 
210200 0.0000 0.0000 
210300 0.0000 0.0000 
210400 0.0000 0.0000 
210500 0.0000 0.0000 
210600 0.0000 0.0000 
210700 0.0000 0.0000 
210800 0.0000 0.0000 
210900 0.0000 0.0000 
211000 0.0000 0.0000 
211100 0.0000 0.0000 
211200 0.0000 0.0000 
211300 0.0000 0.0000 
211400 0.0000 0.0000 
211500 0.0000 0.0000 
211600 0.0000 0.0000 
211700 0.0000 0.0000 
211800 0.0000 0.0000 
211900 0.0000 0.0000 
212000 0.0000 0.0000 
212100 0.0000 0.0000 
212200 0.0000 0.0000 
212300 0.0000 0.0000 
212400 0.0000 0.0000 
212500 0.0000 0.0000 
212600 0.0000 0.0000 
212700 0.0000 0.0000 
212800 0.0000 0.0000 
212900 0.0000 0.0000 
213000 0.0000 0.0000 
213100 0.0000 0.0000 
213200 0.0000 0.0000 
213300 0.0000 0.0000 
213400 0.0000 0.0000 
213500 0.0000 0.0000 
213600 0.0000 0.0000 
213700 0.0000 0.0000 
213800 0.0000 0.0000 
213900 0.0000 0.0000 
214000 0.0000 0.0000 
214100 0.0000 0.0000 
214200 0.0000 0.0000 
214300 0.0000 0.0000 
214400 0.0000 0.0000 
214500 0.0000 0.0000 
214600 0.0000 0.0000 
214700 0.0000 0.0000 
214800 0.0000 0.0000 
214900 0.0000 0.0000 
215000 0.0000 0.0000 
215100 0.0000 0.0000 
215200 0.0000 0.0000 
215300 0.0000 0.0000 
215400 0.0000 0.0000 
215500 0.0000 0.0000 
215600 0.0000 0.0000 
215700 0.0000 0.0000 
215800 0.0000 0.0000 
215900 0.0000 0.0000 
216000 0.0000 0.0000 
216100 0.0000 0.0000 
216200 0.0000 0.0000 
216300 0.0000 0.0000 
216400 0.0000 0.0000 
216500 0.0000 0.0000 
216600 0.0000 0.0000 
216700 0.0000 0.0000 
216800 0.0000 0.0000 
216900 0.0000 0.0000 
217000 0.0000 0.0000 
217100 0.0000 0.0000 
217200 0.0000 0.0000 
217300 0.0000 0.0000 
217400 0.0000 0.0000 
217500 0.0000 0.0000 
217600 0.0000 0.0000 
217700 0.0000 0.0000 
217800 0.0000 0.0000 
217900 0.0000 0.0000 
218000 0.0000 0.0000 
218100 0.0000 0.0000 
218200 0.0000 0.0000 
218300 0.0000 0.0000 
218400 0.0000 0.0000 
218500 0.0000 0.0000 
218600 0.0000 0.0000 
218700 0.0000 0.0000 
218800 0.0000 0.0000 
218900 0.0000 0.0000 
219000 0.0000 0.0000 
219100 0.0000 0.0000 
219200 0.0000 0.0000 
219300 0.0000 0.0000 
219400 0.0000 0.0000 
219500 0.0000 0.0000 
219600 0.0000 0.0000 
219700 0.0000 0.0000 
219800 0.0000 0.0000 
219900 0.0000 0.0000 
220000 0.0000 0.0000 
220100 0.0000 0.0000 
220200 0.0000 0.0000 
220300 0.0000 0.0000 
220400 0.0000 0.0000 
220500 0.0000 0.0000 
220600 0.0000 0.0000 
220700 0.0000 0.0000 
220800 0.0000 0.0000 
220900 0.0000 0.0000 
221000 0.0000 0.0000 
221100 0.0000 0.0000 
221200 0.0000 0.0000 
221300 0.0000 0.0000 
221400 0.0000 0.0000 
221500 0.0000 0.0000 
221600 0.0000 0.0000 
221700 0.0000 0.0000 
221800 0.0000 0.0000 
221900 0.0000 0.0000 
222000 0.0000 0.0000 
222100 0.0000 0.0000 
222200 0.0000 0.0000 
222300 0.0000 0.0000 
222400 0.0000 0.0000 
222500 0.0000 0.0000 
222600 0.0000 0.0000 
222700 0.0000 0.0000 
222800 0.0000 0.0000 
222900 0.0000 0.0000 
223000 0.0000 0.0000 
223100 0.0000 0.0000 
223200 0.0000 0.0000 
223300 0.0000 0.0000 
223400 0.0000 0.0000 
223500 0.0000 0.0000 
223600 0.0000 0.0000 
223700 0.0000 0.0000 
223800 0.0000 0.0000 
223900 0.0000 0.0000 
224000 0.0000 0.0000 
224100 0.0000 0.0000 
224200 0.0000 0.0000 
224300 0.0000 0.0000 
224400 0.0000 0.0000 
224500 0.0000 0.0000 
224600 0.0000 0.0000 
224700 0.0000 0.0000 
224800 0.0000 0.0000 
224900 0.0000 0.0000 
225000 0.0000 0.0000 
225100 0.0000 0.0000 
225200 0.0000 0.0000 
225300 0.0000 0.0000 
225400 0.0000 0.0000 
225500 0.0000 0.0000 
225600 0.0000 0.0000 
225700 0.0000 0.0000 
225800 0.0000 0.0000 
225900 0.0000 0.0000 
226000 0.0000 0.0000 
226100 0.0000 0.0000 
226200 0.0000 0.0000 
226300 0.0000 0.0000 
226400 0.0000 0.0000 
226500 0.0000 0.0000 
226600 0.0000 0.0000 
226700 0.0000 0.0000 
226800 0.0000 0.0000 
226900 0.0000 0.0000 
227000 0.0000 0.0000 
227100 0.0000 0.0000 
227200 0.0000 0.0000 
227300 0.0000 0.0000 
227400 0.0000 0.0000 
227500 0.0000 0.0000 
227600 0.0000 0.0000 
227700 0.0000 0.0000 
227800 0.0000 0.0000 
227900 0.0000 0.0000 
228000 0.0000 0.0000 
228100 0.0000 0.0000 
228200 0.0000 0.0000 
228300 0.0000 0.0000 
228400 0.0000 0.0000 
228500 0.0000 0.0000 
228600 0.0000 0.0000 
228700 0.0000 0.0000 
228800 0.0000 0.0000 
228900 0.0000 0.0000 
229000 0.0000 0.0000 
229100 0.0000 0.0000 
229200 0.0000 0.0000 
229300 0.0000 0.0000 
229400 0.0000 0.0000 
229500 0.0000 0.0000 
229600 0.0000 0.0000 
229700 0.0000 0.0000 
229800 0.0000 0.0000 
229900 0.0000 0.0000 
230000 0.0000 0.0000 
230100 0.0000 0.0000 
230200 0.0000 0.0000 
230300 0.0000 0.0000 
230400 0.0000 0.0000 
230500 0.0000 0.0000 
230600 0.0000 0.0000 
230700 0.0000 0.0000 
230800 0.0000 0.0000 
230900 0.0000 0.0000 
231000 0.0000 0.0000 
231100 0.0000 0.0000 
231200 0.0000 0.0000 
231300 0.0000 0.0000 
231400 0.0000 0.0000 
231500 0.0000 0.0000 
231600 0.0000 0.0000 
231700 0.0000 0.0000 
231800 0.0000 0.0000 
231900 0.0000 0.0000 
232000 0.0000 0.0000 
232100 0.0000 0.0000 
232200 0.0000 0.0000 
232300 0.0000 0.0000 
232400 0.0000 0.0000 
232500 0.0000 0.0000 
232600 0.0000 0.0000 
232700 0.0000 0.0000 
232800 0.0000 0.0000 
232900 0.0000 0.0000 
233000 0.0000 0.0000 
233100 0.0000 0.0000 
233200 0.0000 0.0000 
233300 0.0000 0.0000 
233400 0.0000 0.0000 
233500 0.0000 0.0000 
233600 0.0000 0.0000 
233700 0.0000 0.0000 
233800 0.0000 0.0000 
233900 0.0000 0.0000 
234000 0.0000 0.0000 
234100 0.0000 0.0000 
234200 0.0000 0.0000 
234300 0.0000 0.0000 
234400 0.0000 0.0000 
234500 0.0000 0.0000 
234600 0.0000 0.0000 
234700 0.0000 0.0000 
234800 0.0000 0.0000 
234900 0.0000 0.0000 
235000 0.0000 0.0000 
235100 0.0000 0.0000 
235200 0.0000 0.0000 
235300 0.0000 0.0000 
235400 0.0000 0.0000 
235500 0.0000 0.0000 
235600 0.0000 0.0000 
235700 0.0000 0.0000 
235800 0.0000 0.0000 
235900 0.0000 0.0000 
236000 0.0000 0.0000 
236100 0.0000 0.0000 
236200 0.0000 0.0000 
236300 0.0000 0.0000 
236400 0.0000 0.0000 
236500 0.0000 0.0000 
236600 0.0000 0.0000 
236700 0.0000 0.0000 
236800 0.0000 0.0000 
236900 0.0000 0.0000 
237000 0.0000 0.0000 
237100 0.0000 0.0000 
237200 0.0000 0.0000 
237300 0.0000 0.0000 
237400 0.0000 0.0000 
237500 0.0000 0.0000 
237600 0.0000 0.0000 
237700 0.0000 0.0000 
237800 0.0000 0.0000 
237900 0.0000 0.0000 
238000 0.0000 0.0000 
238100 0.0000 0.0000 
238200 0.0000 0.0000 
238300 0.0000 0.0000 
238400 0.0000 0.0000 
238500 0.0000 0.0000 
238600 0.0000 0.0000 
238700 0.0000 0.0000 
238800 0.0000 0.0000 
238900 0.0000 0.0000 
239000 0.0000 0.0000 
239100 0.0000 0.0000 
239200 0.0000 0.0000 
239300 0.0000 0.0000 
239400 0.0000 0.0000 
239500 0.0000 0.0000 
239600 0.0000 0.0000 
239700 0.0000 0.0000 
239800 0.0000 0.0000 
239900 0.0000 0.0000 
240000 0.0000 0.0000 
240100 0.0000 0.0000 
240200 0.0000 0.0000 
240300 0.0000 0.0000 
240400 0.0000 0.0000 
240500 0.0000 0.0000 
240600 0.0000 0.0000 
240700 0.0000 0.0000 
240800 0.0000 0.0000 
240900 0.0000 0.0000 
241000 0.0000 0.0000 
241100 0.0000 0.0000 
241200 0.0000 0.0000 
241300 0.0000 0.0000 
241400 0.0000 0.0000 
241500 0.0000 0.0000 
241600 0.0000 0.0000 
241700 0.0000 0.0000 
241800 0.0000 0.0000 
241900 0.0000 0.0000 
242000 0.0000 0.0000 
242100 0.0000 0.0000 
242200 0.0000 0.0000 
242300 0.0000 0.0000 
242400 0.0000 0.0000 
242500 0.0000 0.0000 
242600 0.0000 0.0000 
242700 0.0000 0.0000 
242800 0.0000 0.0000 
242900 0.0000 0.0000 
243000 0.0000 0.0000 
243100 0.0000 0.0000 
243200 0.0000 0.0000 
243300 0.0000 0.0000 
243400 0.0000 0.0000 
243500 0.0000 0.0000 
243600 0.0000 0.0000 
243700 0.0000 0.0000 
243800 0.0000 0.0000 
243900 0.0000 0.0000 
244000 0.0000 0.0000 
244100 0.0000 0.0000 
244200 0.0000 0.0000 
244300 0.0000 0.0000 
244400 0.0000 0.0000 
244500 0.0000 0.0000 
244600 0.0000 0.0000 
244700 0.0000 0.0000 
244800 0.0000 0.0000 
244900 0.0000 0.0000 
245000 0.0000 0.0000 
245100 0.0000 0.0000 
245200 0.0000 0.0000 
245300 0.0000 0.0000 
245400 0.0000 0.0000 
245500 0.0000 0.0000 
245600 0.0000 0.0000 
245700 0.0000 0.0000 
245800 0.0000 0.0000 
245900 0.0000 0.0000 
246000 0.0000 0.0000 
246100 0.0000 0.0000 
246200 0.0000 0.0000 
246300 0.0000 0.0000 
246400 0.0000 0.0000 
246500 0.0000 0.0000 
246600 0.0000 0.0000 
246700 0.0000 0.0000 
246800 0.0000 0.0000 
246900 0.0000 0.0000 
247000 0.0000 0.0000 
247100 0.0000 0.0000 
247200 0.0000 0.0000 
247300 0.0000 0.0000 
247400 0.0000 0.0000 
247500 0.0000 0.0000 
247600 0.0000 0.0000 
247700 0.0000 0.0000 
247800 0.0000 0.0000 
247900 0.0000 0.0000 
248000 0.0000 0.0000 
248100 0.0000 0.0000 
248200 0.0000 0.0000 
248300 0.0000 0.0000 
248400 0.0000 0.0000 
248500 0.0000 0.0000 
248600 0.0000 0.0000 
248700 0.0000 0.0000 
248800 0.0000 0.0000 
248900 0.0000 0.0000 
249000 0.0000 0.0000 
249100 0.0000 0.0000 
249200 0.0000 0.0000 
249300 0.0000 0.0000 
249400 0.0000 0.0000 
249500 0.0000 0.0000 
249600 0.0000 0.0000 
249700 0.0000 0.0000 
249800 0.0000 0.0000 
249900 0.0000 0.0000 
250000 0.0000 0.0000 
250100 0.0000 0.0000 
250200 0.0000 0.0000 
250300 0.0000 0.0000 
250400 0.0000 0.0000 
250500 0.0000 0.0000 
250600 0.0000 0.0000 
250700 0.0000 0.0000 
250800 0.0000 0.0000 
250900 0.0000 0.0000 
251000 0.0000 0.0000 
251100 0.0000 0.0000 
251200 0.0000 0.0000 
251300 0.0000 0.0000 
251400 0.0000 0.0000 
251500 0.0000 0.0000 
251600 0.0000 0.0000 
251700 0.0000 0.0000 
251800 0.0000 0.0000 
251900 0.0000 0.0000 
252000 0.0000 0.0000 
252100 0.0000 0.0000 
252200 0.0000 0.0000 
252300 0.0000 0.0000 
252400 0.0000 0.0000 
252500 0.0000 0.0000 
252600 0.0000 0.0000 
252700 0.0000 0.0000 
252800 0.0000 0.0000 
252900 0.0000 0.0000 
253000 0.0000 0.0000 
253100 0.0000 0.0000 
253200 0.0000 0.0000 
253300 0.0000 0.0000 
253400 0.0000 0.0000 
253500 0.0000 0.0000 
253600 0.0000 0.0000 
253700 0.0000 0.0000 
253800 0.0000 0.0000 
253900 0.0000 0.0000 
254000 0.0000 0.0000 
254100 0.0000 0.0000 
254200 0.0000 0.0000 
254300 0.0000 0.0000 
254400 0.0000 0.0000 
254500 0.0000 0.0000 
254600 0.0000 0.0000 
254700 0.0000 0.0000 
254800 0.0000 0.0000 
254900 0.0000 0.0000 
255000 0.0000 0.0000 
255100 0.0000 0.0000 
255200 0.0000 0.0000 
255300 0.0000 0.0000 
255400 0.0000 0.0000 
255500 0.0000 0.0000 
255600 0.0000 0.0000 
255700 0.0000 0.0000 
255800 0.0000 0.0000 
255900 0.0000 0.0000 
256000 0.0000 0.0000 
256100 0.0000 0.0000 
256200 0.0000 0.0000 
256300 0.0000 0.0000 
256400 0.0000 0.0000 
256500 0.0000 0.0000 
256600 0.0000 0.0000 
256700 0.0000 0.0000 
256800 0.0000 0.0000 
256900 0.0000 0.0000 
257000 0.0000 0.0000 
257100 0.0000 0.0000 
257200 0.0000 0.0000 
257300 0.0000 0.0000 
257400 0.0000 0.0000 
257500 0.0000 0.0000 
257600 0.0000 0.0000 
257700 0.0000 0.0000 
257800 0.0000 0.0000 
257900 0.0000 0.0000 
258000 0.0000 0.0000 
258100 0.0000 0.0000 
258200 0.0000 0.0000 
258300 0.0000 0.0000 
258400 0.0000 0.0000 
258500 0.0000 0.0000 
258600 0.0000 0.0000 
258700 0.0000 0.0000 
258800 0.0000 0.0000 
258900 0.0000 0.0000 
259000 0.0000 0.0000 
259100 0.0000 0.0000 
259200 0.0000 0.0000 
259300 0.0000 0.0000 
259400 0.0000 0.0000 
259500 0.0000 0.0000 
259600 0.0000 0.0000 
259700 0.0000 0.0000 
259800 0.0000 0.0000 
259900 0.0000 0.0000 
260000 0.0000 0.0000 
260100 0.0000 0.0000 
260200 0.0000 0.0000 
260300 0.0000 0.0000 
260400 0.0000 0.0000 
260500 0.0000 0.0000 
260600 0.0000 0.0000 
260700 0.0000 0.0000 
260800 0.0000 0.0000 
260900 0.0000 0.0000 
261000 0.0000 0.0000 
261100 0.0000 0.0000 
261200 0.0000 0.0000 
261300 0.0000 0.0000 
261400 0.0000 0.0000 
261500 0.0000 0.0000 
261600 0.0000 0.0000 
261700 0.0000 0.0000 
261800 0.0000 0.0000 
261900 0.0000 0.0000 
262000 0.0000 0.0000 
262100 0.0000 0.0000 
262200 0.0000 0.0000 
262300 0.0000 0.0000 
262400 0.0000 0.0000 
262500 0.0000 0.0000 
262600 0.0000 0.0000 
262700 0.0000 0.0000 
262800 0.0000 0.0000 
262900 0.0000 0.0000 
263000 0.0000 0.0000 
263100 0.0000 0.0000 
263200 0.0000 0.0000 
263300 0.0000 0.0000 
263400 0.0000 0.0000 
263500 0.0000 0.0000 
263600 0.0000 0.0000 
263700 0.0000 0.0000 
263800 0.0000 0.0000 
263900 0.0000 0.0000 
264000 0.0000 0.0000 
264100 0.0000 0.0000 
264200 0.0000 0.0000 
264300 0.0000 0.0000 
264400 0.0000 0.0000 
264500 0.0000 0.0000 
264600 0.0000 0.0000 
264700 0.0000 0.0000 
264800 0.0000 0.0000 
264900 0.0000 0.0000 
265000 0.0000 0.0000 
265100 0.0000 0.0000 
265200 0.0000 0.0000 
265300 0.0000 0.0000 
265400 0.0000 0.0000 
265500 0.0000 0.0000 
265600 0.0000 0.0000 
265700 0.0000 0.0000 
265800 0.0000 0.0000 
265900 0.0000 0.0000 
266000 0.0000 0.0000 
266100 0.0000 0.0000 
266200 0.0000 0.0000 
266300 0.0000 0.0000 
266400 0.0000 0.0000 
266500 0.0000 0.0000 
266600 0.0000 0.0000 
266700 0.0000 0.0000 
266800 0.0000 0.0000 
266900 0.0000 0.0000 
267000 0.0000 0.0000 
267100 0.0000 0.0000 
267200 0.0000 0.0000 
267300 0.0000 0.0000 
267400 0.0000 0.0000 
267500 0.0000 0.0000 
267600 0.0000 0.0000 
267700 0.0000 0.0000 
267800 0.0000 0.0000 
267900 0.0000 0.0000 
268000 0.0000 0.0000 
268100 0.0000 0.0000 
268200 0.0000 0.0000 
268300 0.0000 0.0000 
268400 0.0000 0.0000 
268500 0.0000 0.0000 
268600 0.0000 0.0000 
268700 0.0000 0.0000 
268800 0.0000 0.0000 
268900 0.0000 0.0000 
269000 0.0000 0.0000 
269100 0.0000 0.0000 
269200 0.0000 0.0000 
269300 0.0000 0.0000 
269400 0.0000 0.0000 
269500 0.0000 0.0000 
269600 0.0000 0.0000 
269700 0.0000 0.0000 
269800 0.0000 0.0000 
269900 0.0000 0.0000 
270000 0.0000 0.0000 
270100 0.0000 0.0000 
270200 0.0000 0.0000 
270300 0.0000 0.0000 
270400 0.0000 0.0000 
270500 0.0000 0.0000 
270600 0.0000 0.0000 
270700 0.0000 0.0000 
270800 0.0000 0.0000 
270900 0.0000 0.0000 
271000 0.0000 0.0000 
271100 0.0000 0.0000 
271200 0.0000 0.0000 
271300 0.0000 0.0000 
271400 0.0000 0.0000 
271500 0.0000 0.0000 
271600 0.0000 0.0000 
271700 0.0000 0.0000 
271800 0.0000 0.0000 
271900 0.0000 0.0000 
272000 0.0000 0.0000 
272100 0.0000 0.0000 
272200 0.0000 0.0000 
272300 0.0000 0.0000 
272400 0.0000 0.0000 
272500 0.0000 0.0000 
272600 0.0000 0.0000 
272700 0.0000 0.0000 
272800 0.0000 0.0000 
272900 0.0000 0.0000 
273000 0.0000 0.0000 
273100 0.0000 0.0000 
273200 0.0000 0.0000 
273300 0.0000 0.0000 
273400 0.0000 0.0000 
273500 0.0000 0.0000 
273600 0.0000 0.0000 
273700 0.0000 0.0000 
273800 0.0000 0.0000 
273900 0.0000 0.0000 
274000 0.0000 0.0000 
274100 0.0000 0.0000 
274200 0.0000 0.0000 
274300 0.0000 0.0000 
274400 0.0000 0.0000 
274500 0.0000 0.0000 
274600 0.0000 0.0000 
274700 0.0000 0.0000 
274800 0.0000 0.0000 
274900 0.0000 0.0000 
275000 0.0000 0.0000 
275100 0.0000 0.0000 
275200 0.0000 0.0000 
275300 0.0000 0.0000 
275400 0.0000 0.0000 
275500 0.0000 0.0000 
275600 0.0000 0.0000 
275700 0.0000 0.0000 
275800 0.0000 0.0000 
275900 0.0000 0.0000 
276000 0.0000 0.0000 
276100 0.0000 0.0000 
276200 0.0000 0.0000 
276300 0.0000 0.0000 
276400 0.0000 0.0000 
276500 0.0000 0.0000 
276600 0.0000 0.0000 
276700 0.0000 0.0000 
276800 0.0000 0.0000 
276900 0.0000 0.0000 
277000 0.0000 0.0000 
277100 0.0000 0.0000 
277200 0.0000 0.0000 
277300 0.0000 0.0000 
277400 0.0000 0.0000 
277500 0.0000 0.0000 
277600 0.0000 0.0000 
277700 0.0000 0.0000 
277800 0.0000 0.0000 
277900 0.0000 0.0000 
278000 0.0000 0.0000 
278100 0.0000 0.0000 
278200 0.0000 0.0000 
278300 0.0000 0.0000 
278400 0.0000 0.0000 
278500 0.0000 0.0000 
278600 0.0000 0.0000 
278700 0.0000 0.0000 
278800 0.0000 0.0000 
278900 0.0000 0.0000 
279000 0.0000 0.0000 
279100 0.0000 0.0000 
279200 0.0000 0.0000 
279300 0.0000 0.0000 
279400 0.0000 0.0000 
279500 0.0000 0.0000 
279600 0.0000 0.0000 
279700 0.0000 0.0000 
279800 0.0000 0.0000 
279900 0.0000 0.0000 
280000 0.0000 0.0000 
280100 0.0000 0.0000 
280200 0.0000 0.0000 
280300 0.0000 0.0000 
280400 0.0000 0.0000 
280500 0.0000 0.0000 
280600 0.0000 0.0000 
280700 0.0000 0.0000 
280800 0.0000 0.0000 
280900 0.0000 0.0000 
281000 0.0000 0.0000 
281100 0.0000 0.0000 
281200 0.0000 0.0000 
281300 0.0000 0.0000 
281400 0.0000 0.0000 
281500 0.0000 0.0000 
281600 0.0000 0.0000 
281700 0.0000 0.0000 
281800 0.0000 0.0000 
281900 0.0000 0.0000 
282000 0.0000 0.0000 
282100 0.0000 0.0000 
282200 0.0000 0.0000 
282300 0.0000 0.0000 
282400 0.0000 0.0000 
282500 0.0000 0.0000 
282600 0.0000 0.0000 
282700 0.0000 0.0000 
282800 0.0000 0.0000 
282900 0.0000 0.0000 
283000 0.0000 0.0000 
283100 0.0000 0.0000 
283200 0.0000 0.0000 
283300 0.0000 0.0000 
283400 0.0000 0.0000 
283500 0.0000 0.0000 
283600 0.0000 0.0000 
283700 0.0000 0.0000 
283800 0.0000 0.0000 
283900 0.0000 0.0000 
284000 0.0000 0.0000 
284100 0.0000 0.0000 
284200 0.0000 0.0000 
284300 0.0000 0.0000 
284400 0.0000 0.0000 
284500 0.0000 0.0000 
284600 0.0000 0.0000 
284700 0.0000 0.0000 
284800 0.0000 0.0000 
284900 0.0000 0.0000 
285000 0.0000 0.0000 
285100 0.0000 0.0000 
285200 0.0000 0.0000 
285300 0.0000 0.0000 
285400 0.0000 0.0000 
285500 0.0000 0.0000 
285600 0.0000 0.0000 
285700 0.0000 0.0000 
285800 0.0000 0.0000 
285900 0.0000 0.0000 
286000 0.0000 0.0000 
286100 0.0000 0.0000 
286200 0.0000 0.0000 
286300 0.0000 0.0000 
286400 0.0000 0.0000 
286500 0.0000 0.0000 
286600 0.0000 0.0000 
286700 0.0000 0.0000 
286800 0.0000 0.0000 
286900 0.0000 0.0000 
287000 0.0000 0.0000 
287100 0.0000 0.0000 
287200 0.0000 0.0000 
287300 0.0000 0.0000 
287400 0.0000 0.0000 
287500 0.0000 0.0000 
287600 0.0000 0.0000 
287700 0.0000 0.0000 
287800 0.0000 0.0000 
287900 0.0000 0.0000 
288000 0.0000 0.0000 
288100 0.0000 0.0000 
288200 0.0000 0.0000 
288300 0.0000 0.0000 
288400 0.0000 0.0000 
288500 0.0000 0.0000 
288600 0.0000 0.0000 
288700 0.0000 0.0000 
288800 0.0000 0.0000 
288900 0.0000 0.0000 
289000 0.0000 0.0000 
289100 0.0000 0.0000 
289200 0.0000 0.0000 
289300 0.0000 0.0000 
289400 0.0000 0.0000 
289500 0.0000 0.0000 
289600 0.0000 0.0000 
289700 0.0000 0.0000 
289800 0.0000 0.0000 
289900 0.0000 0.0000 
290000 0.0000 0.0000 
290100 0.0000 0.0000 
290200 0.0000 0.0000 
290300 0.0000 0.0000 
290400 0.0000 0.0000 
290500 0.0000 0.0000 
290600 0.0000 0.0000 
290700 0.0000 0.0000 
290800 0.0000 0.0000 
290900 0.0000 0.0000 
291000 0.0000 0.0000 
291100 0.0000 0.0000 
291200 0.0000 0.0000 
291300 0.0000 0.0000 
291400 0.0000 0.0000 
291500 0.0000 0.0000 
291600 0.0000 0.0000 
291700 0.0000 0.0000 
291800 0.0000 0.0000 
291900 0.0000 0.0000 
292000 0.0000 0.0000 
292100 0.0000 0.0000 
292200 0.0000 0.0000 
292300 0.0000 0.0000 
292400 0.0000 0.0000 
292500 0.0000 0.0000 
292600 0.0000 0.0000 
292700 0.0000 0.0000 
292800 0.0000 0.0000 
292900 0.0000 0.0000 
293000 0.0000 0.0000 
293100 0.0000 0.0000 
293200 0.0000 0.0000 
293300 0.0000 0.0000 
293400 0.0000 0.0000 
293500 0.0000 0.0000 
293600 0.0000 0.0000 
293700 0.0000 0.0000 
293800 0.0000 0.0000 
293900 0.0000 0.0000 
294000 0.0000 0.0000 
294100 0.0000 0.0000 
294200 0.0000 0.0000 
294300 0.0000 0.0000 
294400 0.0000 0.0000 
294500 0.0000 0.0000 
294600 0.0000 0.0000 
294700 0.0000 0.0000 
294800 0.0000 0.0000 
294900 0.0000 0.0000 
295000 0.0000 0.0000 
295100 0.0000 0.0000 
295200 0.0000 0.0000 
295300 0.0000 0.0000 
295400 0.0000 0.0000 
295500 0.0000 0.0000 
295600 0.0000 0.0000 
295700 0.0000 0.0000 
295800 0.0000 0.0000 
295900 0.0000 0.0000 
296000 0.0000 0.0000 
296100 0.0000 0.0000 
296200 0.0000 0.0000 
296300 0.0000 0.0000 
296400 0.0000 0.0000 
296500 0.0000 0.0000 
296600 0.0000 0.0000 
296700 0.0000 0.0000 
296800 0.0000 0.0000 
296900 0.0000 0.0000 
297000 0.0000 0.0000 
297100 0.0000 0.0000 
297200 0.0000 0.0000 
297300 0.0000 0.0000 
297400 0.0000 0.0000 
297500 0.0000 0.0000 
297600 0.0000 0.0000 
297700 0.0000 0.0000 
297800 0.0000 0.0000 
297900 0.0000 0.0000 
298000 0.0000 0.0000 
298100 0.0000 0.0000 
298200 0.0000 0.0000 
298300 0.0000 0.0000 
298400 0.0000 0.0000 
298500 0.0000 0.0000 
298600 0.0000 0.0000 
298700 0.0000 0.0000 
298800 0.0000 0.0000 
298900 0.0000 0.0000 
299000 0.0000 0.0000 
299100 0.0000 0.0000 
299200 0.0000 0.0000 
299300 0.0000 0.0000 
299400 0.0000 0.0000 
299500 0.0000 0.0000 
299600 0.0000 0.0000 
299700 0.0000 0.0000 
299800 0.0000 0.0000 
299900 0.0000 0.0000 
300000 0.0000 0.0000 
