200 0.2040 0.2040 
400 0.2040 0.2040 
600 0.1807 0.1807 
800 0.1807 0.1807 
1000 0.1807 0.1807 
1200 0.1763 0.1763 
1400 0.1763 0.1763 
1600 0.1763 0.1763 
1800 0.1763 0.1763 
2000 0.1763 0.1763 
2200 0.1763 0.1763 
2400 0.1763 0.1763 
2600 0.1763 0.1763 
2800 0.1763 0.1763 
3000 0.1763 0.1763 
3200 0.1763 0.1763 
3400 0.1763 0.1763 
3600 0.1763 0.1763 
3800 0.1763 0.1763 
4000 0.1763 0.1763 
4200 0.1763 0.1763 
4400 0.1681 0.1681 
4600 0.1616 0.1616 
4800 0.1597 0.1597 
5000 0.1597 0.1597 
5200 0.1497 0.1497 
5400 0.1105 0.1105 
5600 0.1105 0.1105 
5800 0.1105 0.1105 
6000 0.1105 0.1105 
6200 0.1105 0.1105 
6400 0.1105 0.1105 
6600 0.1105 0.1105 
6800 0.1105 0.1105 
7000 0.1105 0.1105 
7200 0.1105 0.1105 
7400 0.1105 0.1105 
7600 0.1105 0.1105 
7800 0.1105 0.1105 
8000 0.1105 0.1105 
8200 0.1105 0.1105 
8400 0.1105 0.1105 
8600 0.1105 0.1105 
8800 0.1105 0.1105 
9000 0.1105 0.1105 
9200 0.1105 0.1105 
9400 0.1105 0.1105 
9600 0.1105 0.1105 
9800 0.1105 0.1105 
10000 0.0751 0.0751 
10200 0.0751 0.0751 
10400 0.0751 0.0751 
10600 0.0751 0.0751 
10800 0.0751 0.0751 
11000 0.0751 0.0751 
11200 0.0751 0.0751 
11400 0.0622 0.0622 
11600 0.0622 0.0622 
11800 0.0622 0.0622 
12000 0.0622 0.0622 
12200 0.0622 0.0622 
12400 0.0622 0.0622 
12600 0.0622 0.0622 
12800 0.0622 0.0622 
13000 0.0622 0.0622 
13200 0.0622 0.0622 
13400 0.0622 0.0622 
13600 0.0622 0.0622 
13800 0.0622 0.0622 
14000 0.0622 0.0622 
14200 0.0622 0.0622 
14400 0.0436 0.0436 
14600 0.0436 0.0436 
14800 0.0436 0.0436 
15000 0.0436 0.0436 
15200 0.0436 0.0436 
15400 0.0436 0.0436 
15600 0.0436 0.0436 
15800 0.0436 0.0436 
16000 0.0436 0.0436 
16200 0.0436 0.0436 
16400 0.0436 0.0436 
16600 0.0436 0.0436 
16800 0.0436 0.0436 
17000 0.0436 0.0436 
17200 0.0436 0.0436 
17400 0.0390 0.0390 
17600 0.0390 0.0390 
17800 0.0390 0.0390 
18000 0.0390 0.0390 
18200 0.0390 0.0390 
18400 0.0390 0.0390 
18600 0.0390 0.0390 
18800 0.0390 0.0390 
19000 0.0390 0.0390 
19200 0.0325 0.0325 
19400 0.0268 0.0268 
19600 0.0151 0.0151 
19800 0.0151 0.0151 
20000 0.0151 0.0151 
20200 0.0151 0.0151 
20400 0.0151 0.0151 
20600 0.0151 0.0151 
20800 0.0151 0.0151 
21000 0.0151 0.0151 
21200 0.0151 0.0151 
21400 0.0151 0.0151 
21600 0.0151 0.0151 
21800 0.0151 0.0151 
22000 0.0151 0.0151 
22200 0.0151 0.0151 
22400 0.0151 0.0151 
22600 0.0151 0.0151 
22800 0.0151 0.0151 
23000 0.0151 0.0151 
23200 0.0151 0.0151 
23400 0.0151 0.0151 
23600 0.0151 0.0151 
23800 0.0151 0.0151 
24000 0.0151 0.0151 
24200 0.0151 0.0151 
24400 0.0151 0.0151 
24600 0.0151 0.0151 
24800 0.0151 0.0151 
25000 0.0151 0.0151 
25200 0.0151 0.0151 
25400 0.0151 0.0151 
25600 0.0151 0.0151 
25800 0.0151 0.0151 
26000 0.0151 0.0151 
26200 0.0151 0.0151 
26400 0.0151 0.0151 
26600 0.0151 0.0151 
26800 0.0151 0.0151 
27000 0.0151 0.0151 
27200 0.0151 0.0151 
27400 0.0151 0.0151 
27600 0.0151 0.0151 
27800 0.0147 0.0147 
28000 0.0147 0.0147 
28200 0.0147 0.0147 
28400 0.0147 0.0147 
28600 0.0147 0.0147 
28800 0.0147 0.0147 
29000 0.0147 0.0147 
29200 0.0147 0.0147 
29400 0.0147 0.0147 
29600 0.0147 0.0147 
29800 0.0147 0.0147 
30000 0.0146 0.0146 
30200 0.0146 0.0146 
30400 0.0146 0.0146 
30600 0.0146 0.0146 
30800 0.0146 0.0146 
31000 0.0146 0.0146 
31200 0.0146 0.0146 
31400 0.0146 0.0146 
31600 0.0146 0.0146 
31800 0.0146 0.0146 
32000 0.0146 0.0146 
32200 0.0146 0.0146 
32400 0.0146 0.0146 
32600 0.0146 0.0146 
32800 0.0146 0.0146 
33000 0.0146 0.0146 
33200 0.0146 0.0146 
33400 0.0146 0.0146 
33600 0.0146 0.0146 
33800 0.0146 0.0146 
34000 0.0146 0.0146 
34200 0.0146 0.0146 
34400 0.0146 0.0146 
34600 0.0146 0.0146 
34800 0.0146 0.0146 
35000 0.0146 0.0146 
35200 0.0146 0.0146 
35400 0.0146 0.0146 
35600 0.0146 0.0146 
35800 0.0146 0.0146 
36000 0.0143 0.0143 
36200 0.0143 0.0143 
36400 0.0143 0.0143 
36600 0.0143 0.0143 
36800 0.0143 0.0143 
37000 0.0143 0.0143 
37200 0.0143 0.0143 
37400 0.0143 0.0143 
37600 0.0143 0.0143 
37800 0.0143 0.0143 
38000 0.0143 0.0143 
38200 0.0143 0.0143 
38400 0.0143 0.0143 
38600 0.0143 0.0143 
38800 0.0143 0.0143 
39000 0.0143 0.0143 
39200 0.0143 0.0143 
39400 0.0143 0.0143 
39600 0.0143 0.0143 
39800 0.0143 0.0143 
40000 0.0143 0.0143 
40200 0.0143 0.0143 
40400 0.0143 0.0143 
40600 0.0143 0.0143 
40800 0.0143 0.0143 
41000 0.0143 0.0143 
41200 0.0143 0.0143 
41400 0.0143 0.0143 
41600 0.0143 0.0143 
41800 0.0143 0.0143 
42000 0.0143 0.0143 
42200 0.0143 0.0143 
42400 0.0143 0.0143 
42600 0.0143 0.0143 
42800 0.0143 0.0143 
43000 0.0143 0.0143 
43200 0.0143 0.0143 
43400 0.0143 0.0143 
43600 0.0143 0.0143 
43800 0.0143 0.0143 
44000 0.0143 0.0143 
44200 0.0143 0.0143 
44400 0.0143 0.0143 
44600 0.0143 0.0143 
44800 0.0143 0.0143 
45000 0.0143 0.0143 
45200 0.0143 0.0143 
45400 0.0143 0.0143 
45600 0.0143 0.0143 
45800 0.0143 0.0143 
46000 0.0143 0.0143 
46200 0.0143 0.0143 
46400 0.0143 0.0143 
46600 0.0143 0.0143 
46800 0.0143 0.0143 
47000 0.0143 0.0143 
47200 0.0143 0.0143 
47400 0.0143 0.0143 
47600 0.0143 0.0143 
47800 0.0143 0.0143 
48000 0.0143 0.0143 
48200 0.0143 0.0143 
48400 0.0143 0.0143 
48600 0.0143 0.0143 
48800 0.0143 0.0143 
49000 0.0143 0.0143 
49200 0.0143 0.0143 
49400 0.0143 0.0143 
49600 0.0143 0.0143 
49800 0.0143 0.0143 
50000 0.0143 0.0143 
50200 0.0143 0.0143 
50400 0.0143 0.0143 
50600 0.0143 0.0143 
50800 0.0143 0.0143 
51000 0.0143 0.0143 
51200 0.0143 0.0143 
51400 0.0143 0.0143 
51600 0.0143 0.0143 
51800 0.0143 0.0143 
52000 0.0143 0.0143 
52200 0.0143 0.0143 
52400 0.0143 0.0143 
52600 0.0143 0.0143 
52800 0.0143 0.0143 
53000 0.0143 0.0143 
53200 0.0143 0.0143 
53400 0.0143 0.0143 
53600 0.0143 0.0143 
53800 0.0143 0.0143 
54000 0.0143 0.0143 
54200 0.0143 0.0143 
54400 0.0143 0.0143 
54600 0.0143 0.0143 
54800 0.0143 0.0143 
55000 0.0143 0.0143 
55200 0.0143 0.0143 
55400 0.0143 0.0143 
55600 0.0143 0.0143 
55800 0.0143 0.0143 
56000 0.0143 0.0143 
56200 0.0143 0.0143 
56400 0.0143 0.0143 
56600 0.0143 0.0143 
56800 0.0143 0.0143 
57000 0.0143 0.0143 
57200 0.0143 0.0143 
57400 0.0143 0.0143 
57600 0.0143 0.0143 
57800 0.0143 0.0143 
58000 0.0143 0.0143 
58200 0.0143 0.0143 
58400 0.0143 0.0143 
58600 0.0143 0.0143 
58800 0.0143 0.0143 
59000 0.0143 0.0143 
59200 0.0143 0.0143 
59400 0.0143 0.0143 
59600 0.0143 0.0143 
59800 0.0143 0.0143 
60000 0.0143 0.0143 
60200 0.0143 0.0143 
60400 0.0143 0.0143 
60600 0.0143 0.0143 
60800 0.0143 0.0143 
61000 0.0143 0.0143 
61200 0.0143 0.0143 
61400 0.0143 0.0143 
61600 0.0143 0.0143 
61800 0.0143 0.0143 
62000 0.0143 0.0143 
62200 0.0143 0.0143 
62400 0.0143 0.0143 
62600 0.0143 0.0143 
62800 0.0143 0.0143 
63000 0.0143 0.0143 
63200 0.0143 0.0143 
63400 0.0143 0.0143 
63600 0.0143 0.0143 
63800 0.0143 0.0143 
64000 0.0143 0.0143 
64200 0.0143 0.0143 
64400 0.0143 0.0143 
64600 0.0143 0.0143 
64800 0.0143 0.0143 
65000 0.0143 0.0143 
65200 0.0143 0.0143 
65400 0.0143 0.0143 
65600 0.0143 0.0143 
65800 0.0143 0.0143 
66000 0.0143 0.0143 
66200 0.0143 0.0143 
66400 0.0143 0.0143 
66600 0.0143 0.0143 
66800 0.0143 0.0143 
67000 0.0143 0.0143 
67200 0.0143 0.0143 
67400 0.0143 0.0143 
67600 0.0143 0.0143 
67800 0.0143 0.0143 
68000 0.0143 0.0143 
68200 0.0143 0.0143 
68400 0.0143 0.0143 
68600 0.0143 0.0143 
68800 0.0143 0.0143 
69000 0.0143 0.0143 
69200 0.0143 0.0143 
69400 0.0143 0.0143 
69600 0.0143 0.0143 
69800 0.0143 0.0143 
70000 0.0143 0.0143 
70200 0.0143 0.0143 
70400 0.0143 0.0143 
70600 0.0143 0.0143 
70800 0.0143 0.0143 
71000 0.0143 0.0143 
71200 0.0143 0.0143 
71400 0.0143 0.0143 
71600 0.0143 0.0143 
71800 0.0143 0.0143 
72000 0.0143 0.0143 
72200 0.0143 0.0143 
72400 0.0143 0.0143 
72600 0.0143 0.0143 
72800 0.0143 0.0143 
73000 0.0143 0.0143 
73200 0.0143 0.0143 
73400 0.0143 0.0143 
73600 0.0143 0.0143 
73800 0.0143 0.0143 
74000 0.0143 0.0143 
74200 0.0143 0.0143 
74400 0.0143 0.0143 
74600 0.0143 0.0143 
74800 0.0143 0.0143 
75000 0.0143 0.0143 
75200 0.0143 0.0143 
75400 0.0143 0.0143 
75600 0.0143 0.0143 
75800 0.0143 0.0143 
76000 0.0143 0.0143 
76200 0.0143 0.0143 
76400 0.0143 0.0143 
76600 0.0143 0.0143 
76800 0.0143 0.0143 
77000 0.0143 0.0143 
77200 0.0143 0.0143 
77400 0.0143 0.0143 
77600 0.0143 0.0143 
77800 0.0143 0.0143 
78000 0.0143 0.0143 
78200 0.0143 0.0143 
78400 0.0143 0.0143 
78600 0.0143 0.0143 
78800 0.0143 0.0143 
79000 0.0143 0.0143 
79200 0.0143 0.0143 
79400 0.0143 0.0143 
79600 0.0143 0.0143 
79800 0.0143 0.0143 
80000 0.0143 0.0143 
80200 0.0143 0.0143 
80400 0.0143 0.0143 
80600 0.0143 0.0143 
80800 0.0143 0.0143 
81000 0.0143 0.0143 
81200 0.0143 0.0143 
81400 0.0143 0.0143 
81600 0.0143 0.0143 
81800 0.0143 0.0143 
82000 0.0143 0.0143 
82200 0.0143 0.0143 
82400 0.0143 0.0143 
82600 0.0143 0.0143 
82800 0.0143 0.0143 
83000 0.0143 0.0143 
83200 0.0143 0.0143 
83400 0.0143 0.0143 
83600 0.0143 0.0143 
83800 0.0143 0.0143 
84000 0.0143 0.0143 
84200 0.0143 0.0143 
84400 0.0143 0.0143 
84600 0.0143 0.0143 
84800 0.0143 0.0143 
85000 0.0143 0.0143 
85200 0.0143 0.0143 
85400 0.0143 0.0143 
85600 0.0143 0.0143 
85800 0.0143 0.0143 
86000 0.0143 0.0143 
86200 0.0143 0.0143 
86400 0.0143 0.0143 
86600 0.0143 0.0143 
86800 0.0143 0.0143 
87000 0.0143 0.0143 
87200 0.0143 0.0143 
87400 0.0143 0.0143 
87600 0.0143 0.0143 
87800 0.0143 0.0143 
88000 0.0143 0.0143 
88200 0.0143 0.0143 
88400 0.0143 0.0143 
88600 0.0143 0.0143 
88800 0.0143 0.0143 
89000 0.0143 0.0143 
89200 0.0143 0.0143 
89400 0.0143 0.0143 
89600 0.0143 0.0143 
89800 0.0143 0.0143 
90000 0.0143 0.0143 
90200 0.0143 0.0143 
90400 0.0143 0.0143 
90600 0.0143 0.0143 
90800 0.0143 0.0143 
91000 0.0143 0.0143 
91200 0.0143 0.0143 
91400 0.0143 0.0143 
91600 0.0143 0.0143 
91800 0.0143 0.0143 
92000 0.0143 0.0143 
92200 0.0143 0.0143 
92400 0.0143 0.0143 
92600 0.0143 0.0143 
92800 0.0143 0.0143 
93000 0.0143 0.0143 
93200 0.0143 0.0143 
93400 0.0143 0.0143 
93600 0.0143 0.0143 
93800 0.0143 0.0143 
94000 0.0143 0.0143 
94200 0.0143 0.0143 
94400 0.0143 0.0143 
94600 0.0143 0.0143 
94800 0.0143 0.0143 
95000 0.0143 0.0143 
95200 0.0143 0.0143 
95400 0.0143 0.0143 
95600 0.0143 0.0143 
95800 0.0143 0.0143 
96000 0.0143 0.0143 
96200 0.0143 0.0143 
96400 0.0143 0.0143 
96600 0.0143 0.0143 
96800 0.0143 0.0143 
97000 0.0143 0.0143 
97200 0.0143 0.0143 
97400 0.0143 0.0143 
97600 0.0143 0.0143 
97800 0.0143 0.0143 
98000 0.0143 0.0143 
98200 0.0143 0.0143 
98400 0.0143 0.0143 
98600 0.0143 0.0143 
98800 0.0143 0.0143 
99000 0.0143 0.0143 
99200 0.0143 0.0143 
99400 0.0143 0.0143 
99600 0.0143 0.0143 
99800 0.0143 0.0143 
100000 0.0143 0.0143 
100200 0.0143 0.0143 
100400 0.0143 0.0143 
100600 0.0143 0.0143 
100800 0.0143 0.0143 
101000 0.0143 0.0143 
101200 0.0143 0.0143 
101400 0.0143 0.0143 
101600 0.0143 0.0143 
101800 0.0143 0.0143 
102000 0.0143 0.0143 
102200 0.0143 0.0143 
102400 0.0143 0.0143 
102600 0.0143 0.0143 
102800 0.0143 0.0143 
103000 0.0143 0.0143 
103200 0.0143 0.0143 
103400 0.0143 0.0143 
103600 0.0143 0.0143 
103800 0.0143 0.0143 
104000 0.0143 0.0143 
104200 0.0143 0.0143 
104400 0.0143 0.0143 
104600 0.0143 0.0143 
104800 0.0143 0.0143 
105000 0.0143 0.0143 
105200 0.0143 0.0143 
105400 0.0143 0.0143 
105600 0.0143 0.0143 
105800 0.0143 0.0143 
106000 0.0143 0.0143 
106200 0.0143 0.0143 
106400 0.0143 0.0143 
106600 0.0143 0.0143 
106800 0.0143 0.0143 
107000 0.0143 0.0143 
107200 0.0143 0.0143 
107400 0.0143 0.0143 
107600 0.0143 0.0143 
107800 0.0143 0.0143 
108000 0.0143 0.0143 
108200 0.0143 0.0143 
108400 0.0143 0.0143 
108600 0.0143 0.0143 
108800 0.0143 0.0143 
109000 0.0143 0.0143 
109200 0.0143 0.0143 
109400 0.0143 0.0143 
109600 0.0143 0.0143 
109800 0.0143 0.0143 
110000 0.0143 0.0143 
110200 0.0143 0.0143 
110400 0.0143 0.0143 
110600 0.0143 0.0143 
110800 0.0143 0.0143 
111000 0.0143 0.0143 
111200 0.0143 0.0143 
111400 0.0143 0.0143 
111600 0.0143 0.0143 
111800 0.0143 0.0143 
112000 0.0143 0.0143 
112200 0.0143 0.0143 
112400 0.0143 0.0143 
112600 0.0143 0.0143 
112800 0.0143 0.0143 
113000 0.0143 0.0143 
113200 0.0143 0.0143 
113400 0.0143 0.0143 
113600 0.0143 0.0143 
113800 0.0143 0.0143 
114000 0.0143 0.0143 
114200 0.0143 0.0143 
114400 0.0143 0.0143 
114600 0.0143 0.0143 
114800 0.0143 0.0143 
115000 0.0143 0.0143 
115200 0.0143 0.0143 
115400 0.0143 0.0143 
115600 0.0143 0.0143 
115800 0.0143 0.0143 
116000 0.0143 0.0143 
116200 0.0143 0.0143 
116400 0.0143 0.0143 
116600 0.0143 0.0143 
116800 0.0143 0.0143 
117000 0.0143 0.0143 
117200 0.0143 0.0143 
117400 0.0143 0.0143 
117600 0.0143 0.0143 
117800 0.0143 0.0143 
118000 0.0143 0.0143 
118200 0.0143 0.0143 
118400 0.0143 0.0143 
118600 0.0143 0.0143 
118800 0.0143 0.0143 
119000 0.0143 0.0143 
119200 0.0143 0.0143 
119400 0.0143 0.0143 
119600 0.0143 0.0143 
119800 0.0143 0.0143 
120000 0.0143 0.0143 
120200 0.0143 0.0143 
120400 0.0143 0.0143 
120600 0.0143 0.0143 
120800 0.0143 0.0143 
121000 0.0143 0.0143 
121200 0.0143 0.0143 
121400 0.0143 0.0143 
121600 0.0143 0.0143 
121800 0.0143 0.0143 
122000 0.0143 0.0143 
122200 0.0143 0.0143 
122400 0.0143 0.0143 
122600 0.0143 0.0143 
122800 0.0143 0.0143 
123000 0.0143 0.0143 
123200 0.0143 0.0143 
123400 0.0143 0.0143 
123600 0.0143 0.0143 
123800 0.0143 0.0143 
124000 0.0143 0.0143 
124200 0.0143 0.0143 
124400 0.0143 0.0143 
124600 0.0143 0.0143 
124800 0.0143 0.0143 
125000 0.0143 0.0143 
125200 0.0143 0.0143 
125400 0.0143 0.0143 
125600 0.0143 0.0143 
125800 0.0143 0.0143 
126000 0.0143 0.0143 
126200 0.0143 0.0143 
126400 0.0143 0.0143 
126600 0.0143 0.0143 
126800 0.0143 0.0143 
127000 0.0143 0.0143 
127200 0.0143 0.0143 
127400 0.0143 0.0143 
127600 0.0143 0.0143 
127800 0.0143 0.0143 
128000 0.0143 0.0143 
128200 0.0143 0.0143 
128400 0.0143 0.0143 
128600 0.0143 0.0143 
128800 0.0143 0.0143 
129000 0.0143 0.0143 
129200 0.0143 0.0143 
129400 0.0143 0.0143 
129600 0.0143 0.0143 
129800 0.0143 0.0143 
130000 0.0143 0.0143 
130200 0.0143 0.0143 
130400 0.0143 0.0143 
130600 0.0143 0.0143 
130800 0.0143 0.0143 
131000 0.0143 0.0143 
131200 0.0143 0.0143 
131400 0.0143 0.0143 
131600 0.0143 0.0143 
131800 0.0143 0.0143 
132000 0.0143 0.0143 
132200 0.0143 0.0143 
132400 0.0143 0.0143 
132600 0.0143 0.0143 
132800 0.0143 0.0143 
133000 0.0143 0.0143 
133200 0.0143 0.0143 
133400 0.0143 0.0143 
133600 0.0143 0.0143 
133800 0.0143 0.0143 
134000 0.0143 0.0143 
134200 0.0143 0.0143 
134400 0.0143 0.0143 
134600 0.0143 0.0143 
134800 0.0143 0.0143 
135000 0.0143 0.0143 
135200 0.0143 0.0143 
135400 0.0143 0.0143 
135600 0.0143 0.0143 
135800 0.0143 0.0143 
136000 0.0143 0.0143 
136200 0.0143 0.0143 
136400 0.0143 0.0143 
136600 0.0143 0.0143 
136800 0.0143 0.0143 
137000 0.0143 0.0143 
137200 0.0143 0.0143 
137400 0.0143 0.0143 
137600 0.0143 0.0143 
137800 0.0143 0.0143 
138000 0.0143 0.0143 
138200 0.0143 0.0143 
138400 0.0143 0.0143 
138600 0.0143 0.0143 
138800 0.0143 0.0143 
139000 0.0143 0.0143 
139200 0.0143 0.0143 
139400 0.0143 0.0143 
139600 0.0143 0.0143 
139800 0.0143 0.0143 
140000 0.0143 0.0143 
140200 0.0143 0.0143 
140400 0.0143 0.0143 
140600 0.0143 0.0143 
140800 0.0143 0.0143 
141000 0.0143 0.0143 
141200 0.0143 0.0143 
141400 0.0143 0.0143 
141600 0.0143 0.0143 
141800 0.0143 0.0143 
142000 0.0143 0.0143 
142200 0.0143 0.0143 
142400 0.0143 0.0143 
142600 0.0143 0.0143 
142800 0.0143 0.0143 
143000 0.0143 0.0143 
143200 0.0143 0.0143 
143400 0.0143 0.0143 
143600 0.0143 0.0143 
143800 0.0143 0.0143 
144000 0.0143 0.0143 
144200 0.0143 0.0143 
144400 0.0143 0.0143 
144600 0.0143 0.0143 
144800 0.0143 0.0143 
145000 0.0143 0.0143 
145200 0.0143 0.0143 
145400 0.0143 0.0143 
145600 0.0143 0.0143 
145800 0.0143 0.0143 
146000 0.0143 0.0143 
146200 0.0143 0.0143 
146400 0.0143 0.0143 
146600 0.0143 0.0143 
146800 0.0143 0.0143 
147000 0.0143 0.0143 
147200 0.0143 0.0143 
147400 0.0143 0.0143 
147600 0.0143 0.0143 
147800 0.0143 0.0143 
148000 0.0143 0.0143 
148200 0.0143 0.0143 
148400 0.0143 0.0143 
148600 0.0143 0.0143 
148800 0.0143 0.0143 
149000 0.0143 0.0143 
149200 0.0143 0.0143 
149400 0.0143 0.0143 
149600 0.0143 0.0143 
149800 0.0143 0.0143 
150000 0.0143 0.0143 
150200 0.0143 0.0143 
150400 0.0143 0.0143 
150600 0.0143 0.0143 
150800 0.0143 0.0143 
151000 0.0143 0.0143 
151200 0.0143 0.0143 
151400 0.0143 0.0143 
151600 0.0143 0.0143 
151800 0.0143 0.0143 
152000 0.0143 0.0143 
152200 0.0143 0.0143 
152400 0.0143 0.0143 
152600 0.0143 0.0143 
152800 0.0143 0.0143 
153000 0.0143 0.0143 
153200 0.0143 0.0143 
153400 0.0143 0.0143 
153600 0.0143 0.0143 
153800 0.0143 0.0143 
154000 0.0143 0.0143 
154200 0.0143 0.0143 
154400 0.0143 0.0143 
154600 0.0143 0.0143 
154800 0.0143 0.0143 
155000 0.0143 0.0143 
155200 0.0143 0.0143 
155400 0.0143 0.0143 
155600 0.0143 0.0143 
155800 0.0143 0.0143 
156000 0.0143 0.0143 
156200 0.0143 0.0143 
156400 0.0143 0.0143 
156600 0.0143 0.0143 
156800 0.0143 0.0143 
157000 0.0143 0.0143 
157200 0.0143 0.0143 
157400 0.0143 0.0143 
157600 0.0143 0.0143 
157800 0.0143 0.0143 
158000 0.0143 0.0143 
158200 0.0143 0.0143 
158400 0.0143 0.0143 
158600 0.0143 0.0143 
158800 0.0143 0.0143 
159000 0.0143 0.0143 
159200 0.0143 0.0143 
159400 0.0143 0.0143 
159600 0.0143 0.0143 
159800 0.0143 0.0143 
160000 0.0143 0.0143 
160200 0.0143 0.0143 
160400 0.0143 0.0143 
160600 0.0143 0.0143 
160800 0.0143 0.0143 
161000 0.0143 0.0143 
161200 0.0143 0.0143 
161400 0.0143 0.0143 
161600 0.0143 0.0143 
161800 0.0143 0.0143 
162000 0.0143 0.0143 
162200 0.0143 0.0143 
162400 0.0143 0.0143 
162600 0.0143 0.0143 
162800 0.0143 0.0143 
163000 0.0143 0.0143 
163200 0.0143 0.0143 
163400 0.0143 0.0143 
163600 0.0143 0.0143 
163800 0.0143 0.0143 
164000 0.0143 0.0143 
164200 0.0143 0.0143 
164400 0.0143 0.0143 
164600 0.0143 0.0143 
164800 0.0143 0.0143 
165000 0.0143 0.0143 
165200 0.0143 0.0143 
165400 0.0143 0.0143 
165600 0.0143 0.0143 
165800 0.0143 0.0143 
166000 0.0143 0.0143 
166200 0.0143 0.0143 
166400 0.0143 0.0143 
166600 0.0143 0.0143 
166800 0.0143 0.0143 
167000 0.0143 0.0143 
167200 0.0143 0.0143 
167400 0.0143 0.0143 
167600 0.0143 0.0143 
167800 0.0143 0.0143 
168000 0.0143 0.0143 
168200 0.0143 0.0143 
168400 0.0143 0.0143 
168600 0.0143 0.0143 
168800 0.0143 0.0143 
169000 0.0143 0.0143 
169200 0.0143 0.0143 
169400 0.0143 0.0143 
169600 0.0143 0.0143 
169800 0.0143 0.0143 
170000 0.0143 0.0143 
170200 0.0143 0.0143 
170400 0.0143 0.0143 
170600 0.0143 0.0143 
170800 0.0143 0.0143 
171000 0.0143 0.0143 
171200 0.0143 0.0143 
171400 0.0143 0.0143 
171600 0.0143 0.0143 
171800 0.0143 0.0143 
172000 0.0143 0.0143 
172200 0.0143 0.0143 
172400 0.0143 0.0143 
172600 0.0143 0.0143 
172800 0.0143 0.0143 
173000 0.0143 0.0143 
173200 0.0143 0.0143 
173400 0.0143 0.0143 
173600 0.0143 0.0143 
173800 0.0143 0.0143 
174000 0.0143 0.0143 
174200 0.0143 0.0143 
174400 0.0143 0.0143 
174600 0.0143 0.0143 
174800 0.0143 0.0143 
175000 0.0143 0.0143 
175200 0.0143 0.0143 
175400 0.0143 0.0143 
175600 0.0143 0.0143 
175800 0.0143 0.0143 
176000 0.0143 0.0143 
176200 0.0143 0.0143 
176400 0.0143 0.0143 
176600 0.0143 0.0143 
176800 0.0143 0.0143 
177000 0.0143 0.0143 
177200 0.0143 0.0143 
177400 0.0143 0.0143 
177600 0.0143 0.0143 
177800 0.0143 0.0143 
178000 0.0143 0.0143 
178200 0.0143 0.0143 
178400 0.0143 0.0143 
178600 0.0143 0.0143 
178800 0.0143 0.0143 
179000 0.0143 0.0143 
179200 0.0143 0.0143 
179400 0.0143 0.0143 
179600 0.0143 0.0143 
179800 0.0143 0.0143 
180000 0.0143 0.0143 
180200 0.0143 0.0143 
180400 0.0143 0.0143 
180600 0.0143 0.0143 
180800 0.0143 0.0143 
181000 0.0143 0.0143 
181200 0.0143 0.0143 
181400 0.0143 0.0143 
181600 0.0143 0.0143 
181800 0.0143 0.0143 
182000 0.0143 0.0143 
182200 0.0143 0.0143 
182400 0.0143 0.0143 
182600 0.0143 0.0143 
182800 0.0143 0.0143 
183000 0.0143 0.0143 
183200 0.0143 0.0143 
183400 0.0143 0.0143 
183600 0.0143 0.0143 
183800 0.0143 0.0143 
184000 0.0143 0.0143 
184200 0.0143 0.0143 
184400 0.0143 0.0143 
184600 0.0143 0.0143 
184800 0.0143 0.0143 
185000 0.0143 0.0143 
185200 0.0143 0.0143 
185400 0.0143 0.0143 
185600 0.0143 0.0143 
185800 0.0143 0.0143 
186000 0.0143 0.0143 
186200 0.0143 0.0143 
186400 0.0143 0.0143 
186600 0.0143 0.0143 
186800 0.0143 0.0143 
187000 0.0143 0.0143 
187200 0.0143 0.0143 
187400 0.0143 0.0143 
187600 0.0143 0.0143 
187800 0.0143 0.0143 
188000 0.0143 0.0143 
188200 0.0143 0.0143 
188400 0.0143 0.0143 
188600 0.0143 0.0143 
188800 0.0143 0.0143 
189000 0.0143 0.0143 
189200 0.0143 0.0143 
189400 0.0143 0.0143 
189600 0.0143 0.0143 
189800 0.0143 0.0143 
190000 0.0143 0.0143 
190200 0.0143 0.0143 
190400 0.0143 0.0143 
190600 0.0143 0.0143 
190800 0.0143 0.0143 
191000 0.0143 0.0143 
191200 0.0143 0.0143 
191400 0.0143 0.0143 
191600 0.0143 0.0143 
191800 0.0143 0.0143 
192000 0.0143 0.0143 
192200 0.0143 0.0143 
192400 0.0143 0.0143 
192600 0.0143 0.0143 
192800 0.0143 0.0143 
193000 0.0143 0.0143 
193200 0.0143 0.0143 
193400 0.0143 0.0143 
193600 0.0143 0.0143 
193800 0.0143 0.0143 
194000 0.0143 0.0143 
194200 0.0143 0.0143 
194400 0.0143 0.0143 
194600 0.0143 0.0143 
194800 0.0143 0.0143 
195000 0.0143 0.0143 
195200 0.0143 0.0143 
195400 0.0143 0.0143 
195600 0.0143 0.0143 
195800 0.0143 0.0143 
196000 0.0143 0.0143 
196200 0.0143 0.0143 
196400 0.0143 0.0143 
196600 0.0143 0.0143 
196800 0.0143 0.0143 
197000 0.0143 0.0143 
197200 0.0143 0.0143 
197400 0.0143 0.0143 
197600 0.0143 0.0143 
197800 0.0143 0.0143 
198000 0.0143 0.0143 
198200 0.0143 0.0143 
198400 0.0143 0.0143 
198600 0.0143 0.0143 
198800 0.0143 0.0143 
199000 0.0143 0.0143 
199200 0.0143 0.0143 
199400 0.0143 0.0143 
199600 0.0143 0.0143 
199800 0.0143 0.0143 
200000 0.0143 0.0143 
200200 0.0143 0.0143 
200400 0.0143 0.0143 
200600 0.0143 0.0143 
200800 0.0143 0.0143 
201000 0.0143 0.0143 
201200 0.0143 0.0143 
201400 0.0143 0.0143 
201600 0.0143 0.0143 
201800 0.0143 0.0143 
202000 0.0143 0.0143 
202200 0.0143 0.0143 
202400 0.0143 0.0143 
202600 0.0143 0.0143 
202800 0.0143 0.0143 
203000 0.0143 0.0143 
203200 0.0143 0.0143 
203400 0.0143 0.0143 
203600 0.0143 0.0143 
203800 0.0143 0.0143 
204000 0.0143 0.0143 
204200 0.0143 0.0143 
204400 0.0143 0.0143 
204600 0.0143 0.0143 
204800 0.0143 0.0143 
205000 0.0143 0.0143 
205200 0.0143 0.0143 
205400 0.0143 0.0143 
205600 0.0143 0.0143 
205800 0.0143 0.0143 
206000 0.0143 0.0143 
206200 0.0143 0.0143 
206400 0.0143 0.0143 
206600 0.0143 0.0143 
206800 0.0143 0.0143 
207000 0.0143 0.0143 
207200 0.0143 0.0143 
207400 0.0143 0.0143 
207600 0.0143 0.0143 
207800 0.0143 0.0143 
208000 0.0143 0.0143 
208200 0.0143 0.0143 
208400 0.0143 0.0143 
208600 0.0143 0.0143 
208800 0.0143 0.0143 
209000 0.0143 0.0143 
209200 0.0143 0.0143 
209400 0.0143 0.0143 
209600 0.0143 0.0143 
209800 0.0143 0.0143 
210000 0.0143 0.0143 
210200 0.0143 0.0143 
210400 0.0143 0.0143 
210600 0.0143 0.0143 
210800 0.0143 0.0143 
211000 0.0143 0.0143 
211200 0.0143 0.0143 
211400 0.0143 0.0143 
211600 0.0143 0.0143 
211800 0.0143 0.0143 
212000 0.0143 0.0143 
212200 0.0143 0.0143 
212400 0.0143 0.0143 
212600 0.0143 0.0143 
212800 0.0143 0.0143 
213000 0.0143 0.0143 
213200 0.0143 0.0143 
213400 0.0143 0.0143 
213600 0.0143 0.0143 
213800 0.0143 0.0143 
214000 0.0143 0.0143 
214200 0.0143 0.0143 
214400 0.0143 0.0143 
214600 0.0143 0.0143 
214800 0.0143 0.0143 
215000 0.0143 0.0143 
215200 0.0143 0.0143 
215400 0.0143 0.0143 
215600 0.0143 0.0143 
215800 0.0143 0.0143 
216000 0.0143 0.0143 
216200 0.0143 0.0143 
216400 0.0143 0.0143 
216600 0.0143 0.0143 
216800 0.0143 0.0143 
217000 0.0143 0.0143 
217200 0.0143 0.0143 
217400 0.0143 0.0143 
217600 0.0143 0.0143 
217800 0.0143 0.0143 
218000 0.0143 0.0143 
218200 0.0143 0.0143 
218400 0.0143 0.0143 
218600 0.0143 0.0143 
218800 0.0143 0.0143 
219000 0.0143 0.0143 
219200 0.0143 0.0143 
219400 0.0143 0.0143 
219600 0.0143 0.0143 
219800 0.0143 0.0143 
220000 0.0143 0.0143 
220200 0.0143 0.0143 
220400 0.0143 0.0143 
220600 0.0143 0.0143 
220800 0.0143 0.0143 
221000 0.0143 0.0143 
221200 0.0143 0.0143 
221400 0.0143 0.0143 
221600 0.0143 0.0143 
221800 0.0143 0.0143 
222000 0.0143 0.0143 
222200 0.0143 0.0143 
222400 0.0143 0.0143 
222600 0.0143 0.0143 
222800 0.0143 0.0143 
223000 0.0143 0.0143 
223200 0.0143 0.0143 
223400 0.0143 0.0143 
223600 0.0143 0.0143 
223800 0.0143 0.0143 
224000 0.0143 0.0143 
224200 0.0143 0.0143 
224400 0.0143 0.0143 
224600 0.0143 0.0143 
224800 0.0143 0.0143 
225000 0.0143 0.0143 
225200 0.0143 0.0143 
225400 0.0143 0.0143 
225600 0.0143 0.0143 
225800 0.0143 0.0143 
226000 0.0143 0.0143 
226200 0.0143 0.0143 
226400 0.0143 0.0143 
226600 0.0143 0.0143 
226800 0.0143 0.0143 
227000 0.0143 0.0143 
227200 0.0143 0.0143 
227400 0.0143 0.0143 
227600 0.0143 0.0143 
227800 0.0143 0.0143 
228000 0.0143 0.0143 
228200 0.0143 0.0143 
228400 0.0143 0.0143 
228600 0.0143 0.0143 
228800 0.0143 0.0143 
229000 0.0143 0.0143 
229200 0.0143 0.0143 
229400 0.0143 0.0143 
229600 0.0143 0.0143 
229800 0.0143 0.0143 
230000 0.0143 0.0143 
230200 0.0143 0.0143 
230400 0.0143 0.0143 
230600 0.0143 0.0143 
230800 0.0143 0.0143 
231000 0.0143 0.0143 
231200 0.0143 0.0143 
231400 0.0143 0.0143 
231600 0.0143 0.0143 
231800 0.0143 0.0143 
232000 0.0143 0.0143 
232200 0.0143 0.0143 
232400 0.0143 0.0143 
232600 0.0143 0.0143 
232800 0.0143 0.0143 
233000 0.0143 0.0143 
233200 0.0143 0.0143 
233400 0.0143 0.0143 
233600 0.0143 0.0143 
233800 0.0143 0.0143 
234000 0.0143 0.0143 
234200 0.0143 0.0143 
234400 0.0143 0.0143 
234600 0.0143 0.0143 
234800 0.0143 0.0143 
235000 0.0143 0.0143 
235200 0.0143 0.0143 
235400 0.0143 0.0143 
235600 0.0143 0.0143 
235800 0.0143 0.0143 
236000 0.0143 0.0143 
236200 0.0143 0.0143 
236400 0.0143 0.0143 
236600 0.0143 0.0143 
