100 0.2293 0.2293 
200 0.2248 0.2248 
300 0.2248 0.2248 
400 0.2248 0.2248 
500 0.2248 0.2248 
600 0.2246 0.2246 
700 0.2223 0.2223 
800 0.2101 0.2101 
900 0.2059 0.2059 
1000 0.1945 0.1945 
1100 0.1945 0.1945 
1200 0.1849 0.1849 
1300 0.1849 0.1849 
1400 0.1849 0.1849 
1500 0.1849 0.1849 
1600 0.1849 0.1849 
1700 0.1849 0.1849 
1800 0.1849 0.1849 
1900 0.1849 0.1849 
2000 0.1849 0.1849 
2100 0.1849 0.1849 
2200 0.1849 0.1849 
2300 0.1849 0.1849 
2400 0.1849 0.1849 
2500 0.1849 0.1849 
2600 0.1562 0.1562 
2700 0.1562 0.1562 
2800 0.1562 0.1562 
2900 0.1562 0.1562 
3000 0.1562 0.1562 
3100 0.1562 0.1562 
3200 0.1562 0.1562 
3300 0.1562 0.1562 
3400 0.1562 0.1562 
3500 0.1562 0.1562 
3600 0.1562 0.1562 
3700 0.1562 0.1562 
3800 0.1562 0.1562 
3900 0.1562 0.1562 
4000 0.1562 0.1562 
4100 0.1425 0.1425 
4200 0.1425 0.1425 
4300 0.1425 0.1425 
4400 0.1425 0.1425 
4500 0.1425 0.1425 
4600 0.1425 0.1425 
4700 0.1292 0.1292 
4800 0.1292 0.1292 
4900 0.1292 0.1292 
5000 0.1292 0.1292 
5100 0.1292 0.1292 
5200 0.1292 0.1292 
5300 0.1292 0.1292 
5400 0.1292 0.1292 
5500 0.1292 0.1292 
5600 0.1292 0.1292 
5700 0.1292 0.1292 
5800 0.1230 0.1230 
5900 0.1230 0.1230 
6000 0.0980 0.0980 
6100 0.0980 0.0980 
6200 0.0980 0.0980 
6300 0.0980 0.0980 
6400 0.0980 0.0980 
6500 0.0980 0.0980 
6600 0.0871 0.0871 
6700 0.0871 0.0871 
6800 0.0871 0.0871 
6900 0.0871 0.0871 
7000 0.0871 0.0871 
7100 0.0871 0.0871 
7200 0.0871 0.0871 
7300 0.0871 0.0871 
7400 0.0871 0.0871 
7500 0.0871 0.0871 
7600 0.0871 0.0871 
7700 0.0871 0.0871 
7800 0.0871 0.0871 
7900 0.0871 0.0871 
8000 0.0871 0.0871 
8100 0.0871 0.0871 
8200 0.0829 0.0829 
8300 0.0829 0.0829 
8400 0.0829 0.0829 
8500 0.0829 0.0829 
8600 0.0829 0.0829 
8700 0.0763 0.0763 
8800 0.0763 0.0763 
8900 0.0763 0.0763 
9000 0.0763 0.0763 
9100 0.0763 0.0763 
9200 0.0763 0.0763 
9300 0.0755 0.0755 
9400 0.0755 0.0755 
9500 0.0755 0.0755 
9600 0.0755 0.0755 
9700 0.0598 0.0598 
9800 0.0598 0.0598 
9900 0.0598 0.0598 
10000 0.0598 0.0598 
10100 0.0460 0.0460 
10200 0.0460 0.0460 
10300 0.0460 0.0460 
10400 0.0460 0.0460 
10500 0.0460 0.0460 
10600 0.0460 0.0460 
10700 0.0460 0.0460 
10800 0.0320 0.0320 
10900 0.0320 0.0320 
11000 0.0320 0.0320 
11100 0.0109 0.0109 
11200 0.0109 0.0109 
11300 0.0109 0.0109 
11400 0.0109 0.0109 
11500 0.0109 0.0109 
11600 0.0109 0.0109 
11700 0.0109 0.0109 
11800 0.0060 0.0060 
11900 0.0060 0.0060 
12000 0.0060 0.0060 
12100 0.0060 0.0060 
12200 0.0060 0.0060 
12300 0.0060 0.0060 
12400 0.0060 0.0060 
12500 0.0060 0.0060 
12600 0.0060 0.0060 
12700 0.0060 0.0060 
12800 0.0051 0.0051 
12900 0.0051 0.0051 
13000 0.0051 0.0051 
13100 0.0051 0.0051 
13200 0.0051 0.0051 
13300 0.0051 0.0051 
13400 0.0051 0.0051 
13500 0.0051 0.0051 
13600 0.0051 0.0051 
13700 0.0051 0.0051 
13800 0.0051 0.0051 
13900 0.0051 0.0051 
14000 0.0051 0.0051 
14100 0.0051 0.0051 
14200 0.0051 0.0051 
14300 0.0051 0.0051 
14400 0.0051 0.0051 
14500 0.0051 0.0051 
14600 0.0050 0.0050 
14700 0.0050 0.0050 
14800 0.0050 0.0050 
14900 0.0050 0.0050 
15000 0.0049 0.0049 
15100 0.0049 0.0049 
15200 0.0049 0.0049 
15300 0.0049 0.0049 
15400 0.0049 0.0049 
15500 0.0049 0.0049 
15600 0.0049 0.0049 
15700 0.0049 0.0049 
15800 0.0049 0.0049 
15900 0.0049 0.0049 
16000 0.0049 0.0049 
16100 0.0049 0.0049 
16200 0.0049 0.0049 
16300 0.0049 0.0049 
16400 0.0049 0.0049 
16500 0.0049 0.0049 
16600 0.0049 0.0049 
16700 0.0049 0.0049 
16800 0.0049 0.0049 
16900 0.0049 0.0049 
17000 0.0049 0.0049 
17100 0.0049 0.0049 
17200 0.0049 0.0049 
17300 0.0049 0.0049 
17400 0.0049 0.0049 
17500 0.0049 0.0049 
17600 0.0049 0.0049 
17700 0.0049 0.0049 
17800 0.0049 0.0049 
17900 0.0049 0.0049 
18000 0.0049 0.0049 
18100 0.0049 0.0049 
18200 0.0049 0.0049 
18300 0.0049 0.0049 
18400 0.0049 0.0049 
18500 0.0049 0.0049 
18600 0.0049 0.0049 
18700 0.0049 0.0049 
18800 0.0049 0.0049 
18900 0.0049 0.0049 
19000 0.0049 0.0049 
19100 0.0049 0.0049 
19200 0.0049 0.0049 
19300 0.0049 0.0049 
19400 0.0049 0.0049 
19500 0.0049 0.0049 
19600 0.0049 0.0049 
19700 0.0049 0.0049 
19800 0.0049 0.0049 
19900 0.0049 0.0049 
20000 0.0049 0.0049 
20100 0.0049 0.0049 
20200 0.0049 0.0049 
20300 0.0049 0.0049 
20400 0.0049 0.0049 
20500 0.0049 0.0049 
20600 0.0049 0.0049 
20700 0.0049 0.0049 
20800 0.0049 0.0049 
20900 0.0049 0.0049 
21000 0.0049 0.0049 
21100 0.0049 0.0049 
21200 0.0049 0.0049 
21300 0.0049 0.0049 
21400 0.0049 0.0049 
21500 0.0049 0.0049 
21600 0.0049 0.0049 
21700 0.0049 0.0049 
21800 0.0049 0.0049 
21900 0.0049 0.0049 
22000 0.0049 0.0049 
22100 0.0049 0.0049 
22200 0.0049 0.0049 
22300 0.0049 0.0049 
22400 0.0049 0.0049 
22500 0.0048 0.0048 
22600 0.0048 0.0048 
22700 0.0048 0.0048 
22800 0.0048 0.0048 
22900 0.0048 0.0048 
23000 0.0048 0.0048 
23100 0.0048 0.0048 
23200 0.0048 0.0048 
23300 0.0048 0.0048 
23400 0.0048 0.0048 
23500 0.0048 0.0048 
23600 0.0048 0.0048 
23700 0.0048 0.0048 
23800 0.0048 0.0048 
23900 0.0048 0.0048 
24000 0.0048 0.0048 
24100 0.0048 0.0048 
24200 0.0048 0.0048 
24300 0.0048 0.0048 
24400 0.0048 0.0048 
24500 0.0048 0.0048 
24600 0.0048 0.0048 
24700 0.0048 0.0048 
24800 0.0048 0.0048 
24900 0.0048 0.0048 
25000 0.0048 0.0048 
25100 0.0048 0.0048 
25200 0.0048 0.0048 
25300 0.0048 0.0048 
25400 0.0048 0.0048 
25500 0.0048 0.0048 
25600 0.0048 0.0048 
25700 0.0048 0.0048 
25800 0.0048 0.0048 
25900 0.0048 0.0048 
26000 0.0048 0.0048 
26100 0.0048 0.0048 
26200 0.0048 0.0048 
26300 0.0048 0.0048 
26400 0.0048 0.0048 
26500 0.0048 0.0048 
26600 0.0048 0.0048 
26700 0.0048 0.0048 
26800 0.0048 0.0048 
26900 0.0048 0.0048 
27000 0.0048 0.0048 
27100 0.0048 0.0048 
27200 0.0048 0.0048 
27300 0.0048 0.0048 
27400 0.0048 0.0048 
27500 0.0048 0.0048 
27600 0.0048 0.0048 
27700 0.0048 0.0048 
27800 0.0048 0.0048 
27900 0.0048 0.0048 
28000 0.0048 0.0048 
28100 0.0048 0.0048 
28200 0.0048 0.0048 
28300 0.0048 0.0048 
28400 0.0048 0.0048 
28500 0.0048 0.0048 
28600 0.0048 0.0048 
28700 0.0048 0.0048 
28800 0.0048 0.0048 
28900 0.0048 0.0048 
29000 0.0048 0.0048 
29100 0.0048 0.0048 
29200 0.0048 0.0048 
29300 0.0048 0.0048 
29400 0.0048 0.0048 
29500 0.0048 0.0048 
29600 0.0048 0.0048 
29700 0.0048 0.0048 
29800 0.0048 0.0048 
29900 0.0048 0.0048 
30000 0.0048 0.0048 
30100 0.0048 0.0048 
30200 0.0048 0.0048 
30300 0.0048 0.0048 
30400 0.0048 0.0048 
30500 0.0048 0.0048 
30600 0.0048 0.0048 
30700 0.0048 0.0048 
30800 0.0048 0.0048 
30900 0.0048 0.0048 
31000 0.0048 0.0048 
31100 0.0048 0.0048 
31200 0.0048 0.0048 
31300 0.0048 0.0048 
31400 0.0048 0.0048 
31500 0.0048 0.0048 
31600 0.0048 0.0048 
31700 0.0048 0.0048 
31800 0.0048 0.0048 
31900 0.0048 0.0048 
32000 0.0048 0.0048 
32100 0.0048 0.0048 
32200 0.0048 0.0048 
32300 0.0048 0.0048 
32400 0.0048 0.0048 
32500 0.0048 0.0048 
32600 0.0048 0.0048 
32700 0.0048 0.0048 
32800 0.0048 0.0048 
32900 0.0048 0.0048 
33000 0.0048 0.0048 
33100 0.0048 0.0048 
33200 0.0048 0.0048 
33300 0.0048 0.0048 
33400 0.0048 0.0048 
33500 0.0048 0.0048 
33600 0.0048 0.0048 
33700 0.0048 0.0048 
33800 0.0048 0.0048 
33900 0.0048 0.0048 
34000 0.0048 0.0048 
34100 0.0048 0.0048 
34200 0.0048 0.0048 
34300 0.0048 0.0048 
34400 0.0048 0.0048 
34500 0.0048 0.0048 
34600 0.0048 0.0048 
34700 0.0048 0.0048 
34800 0.0048 0.0048 
34900 0.0048 0.0048 
35000 0.0048 0.0048 
35100 0.0048 0.0048 
35200 0.0048 0.0048 
35300 0.0048 0.0048 
35400 0.0048 0.0048 
35500 0.0048 0.0048 
35600 0.0048 0.0048 
35700 0.0048 0.0048 
35800 0.0048 0.0048 
35900 0.0048 0.0048 
36000 0.0048 0.0048 
36100 0.0048 0.0048 
36200 0.0048 0.0048 
36300 0.0048 0.0048 
36400 0.0048 0.0048 
36500 0.0048 0.0048 
36600 0.0048 0.0048 
36700 0.0048 0.0048 
36800 0.0048 0.0048 
36900 0.0048 0.0048 
37000 0.0048 0.0048 
37100 0.0048 0.0048 
37200 0.0048 0.0048 
37300 0.0048 0.0048 
37400 0.0048 0.0048 
37500 0.0048 0.0048 
37600 0.0048 0.0048 
37700 0.0048 0.0048 
37800 0.0048 0.0048 
37900 0.0048 0.0048 
38000 0.0048 0.0048 
38100 0.0048 0.0048 
38200 0.0048 0.0048 
38300 0.0048 0.0048 
38400 0.0048 0.0048 
38500 0.0048 0.0048 
38600 0.0048 0.0048 
38700 0.0048 0.0048 
38800 0.0048 0.0048 
38900 0.0048 0.0048 
39000 0.0048 0.0048 
39100 0.0048 0.0048 
39200 0.0048 0.0048 
39300 0.0048 0.0048 
39400 0.0048 0.0048 
39500 0.0048 0.0048 
39600 0.0048 0.0048 
39700 0.0048 0.0048 
39800 0.0048 0.0048 
39900 0.0048 0.0048 
40000 0.0048 0.0048 
40100 0.0048 0.0048 
40200 0.0048 0.0048 
40300 0.0048 0.0048 
40400 0.0048 0.0048 
40500 0.0048 0.0048 
40600 0.0048 0.0048 
40700 0.0048 0.0048 
40800 0.0048 0.0048 
40900 0.0048 0.0048 
41000 0.0048 0.0048 
41100 0.0048 0.0048 
41200 0.0048 0.0048 
41300 0.0048 0.0048 
41400 0.0048 0.0048 
41500 0.0048 0.0048 
41600 0.0048 0.0048 
41700 0.0048 0.0048 
41800 0.0048 0.0048 
41900 0.0048 0.0048 
42000 0.0048 0.0048 
42100 0.0048 0.0048 
42200 0.0048 0.0048 
42300 0.0048 0.0048 
42400 0.0048 0.0048 
42500 0.0048 0.0048 
42600 0.0048 0.0048 
42700 0.0048 0.0048 
42800 0.0048 0.0048 
42900 0.0048 0.0048 
43000 0.0048 0.0048 
43100 0.0048 0.0048 
43200 0.0048 0.0048 
43300 0.0048 0.0048 
43400 0.0048 0.0048 
43500 0.0048 0.0048 
43600 0.0048 0.0048 
43700 0.0048 0.0048 
43800 0.0048 0.0048 
43900 0.0048 0.0048 
44000 0.0045 0.0045 
44100 0.0045 0.0045 
44200 0.0045 0.0045 
44300 0.0045 0.0045 
44400 0.0045 0.0045 
44500 0.0045 0.0045 
44600 0.0045 0.0045 
44700 0.0045 0.0045 
44800 0.0045 0.0045 
44900 0.0045 0.0045 
45000 0.0045 0.0045 
45100 0.0045 0.0045 
45200 0.0045 0.0045 
45300 0.0045 0.0045 
45400 0.0045 0.0045 
45500 0.0045 0.0045 
45600 0.0045 0.0045 
45700 0.0045 0.0045 
45800 0.0043 0.0043 
45900 0.0043 0.0043 
46000 0.0043 0.0043 
46100 0.0043 0.0043 
46200 0.0043 0.0043 
46300 0.0043 0.0043 
46400 0.0043 0.0043 
46500 0.0043 0.0043 
46600 0.0043 0.0043 
46700 0.0043 0.0043 
46800 0.0043 0.0043 
46900 0.0043 0.0043 
47000 0.0043 0.0043 
47100 0.0043 0.0043 
47200 0.0043 0.0043 
47300 0.0043 0.0043 
47400 0.0043 0.0043 
47500 0.0043 0.0043 
47600 0.0043 0.0043 
47700 0.0043 0.0043 
47800 0.0043 0.0043 
47900 0.0043 0.0043 
48000 0.0043 0.0043 
48100 0.0043 0.0043 
48200 0.0043 0.0043 
48300 0.0043 0.0043 
48400 0.0043 0.0043 
48500 0.0043 0.0043 
48600 0.0043 0.0043 
48700 0.0043 0.0043 
48800 0.0043 0.0043 
48900 0.0043 0.0043 
49000 0.0043 0.0043 
49100 0.0043 0.0043 
49200 0.0043 0.0043 
49300 0.0043 0.0043 
49400 0.0043 0.0043 
49500 0.0043 0.0043 
49600 0.0043 0.0043 
49700 0.0043 0.0043 
49800 0.0043 0.0043 
49900 0.0043 0.0043 
50000 0.0043 0.0043 
50100 0.0043 0.0043 
50200 0.0043 0.0043 
50300 0.0043 0.0043 
50400 0.0043 0.0043 
50500 0.0043 0.0043 
50600 0.0043 0.0043 
50700 0.0043 0.0043 
50800 0.0043 0.0043 
50900 0.0043 0.0043 
51000 0.0043 0.0043 
51100 0.0043 0.0043 
51200 0.0037 0.0037 
51300 0.0037 0.0037 
51400 0.0037 0.0037 
51500 0.0037 0.0037 
51600 0.0037 0.0037 
51700 0.0037 0.0037 
51800 0.0037 0.0037 
51900 0.0037 0.0037 
52000 0.0037 0.0037 
52100 0.0037 0.0037 
52200 0.0037 0.0037 
52300 0.0037 0.0037 
52400 0.0037 0.0037 
52500 0.0037 0.0037 
52600 0.0037 0.0037 
52700 0.0037 0.0037 
52800 0.0037 0.0037 
52900 0.0037 0.0037 
53000 0.0037 0.0037 
53100 0.0037 0.0037 
53200 0.0037 0.0037 
53300 0.0037 0.0037 
53400 0.0037 0.0037 
53500 0.0037 0.0037 
53600 0.0035 0.0035 
53700 0.0035 0.0035 
53800 0.0034 0.0034 
53900 0.0034 0.0034 
54000 0.0034 0.0034 
54100 0.0034 0.0034 
54200 0.0034 0.0034 
54300 0.0034 0.0034 
54400 0.0034 0.0034 
54500 0.0034 0.0034 
54600 0.0034 0.0034 
54700 0.0034 0.0034 
54800 0.0034 0.0034 
54900 0.0034 0.0034 
55000 0.0034 0.0034 
55100 0.0034 0.0034 
55200 0.0034 0.0034 
55300 0.0034 0.0034 
55400 0.0034 0.0034 
55500 0.0034 0.0034 
55600 0.0034 0.0034 
55700 0.0034 0.0034 
55800 0.0034 0.0034 
55900 0.0034 0.0034 
56000 0.0034 0.0034 
56100 0.0034 0.0034 
56200 0.0034 0.0034 
56300 0.0034 0.0034 
56400 0.0034 0.0034 
56500 0.0034 0.0034 
56600 0.0034 0.0034 
56700 0.0034 0.0034 
56800 0.0034 0.0034 
56900 0.0034 0.0034 
57000 0.0034 0.0034 
57100 0.0034 0.0034 
57200 0.0034 0.0034 
57300 0.0034 0.0034 
57400 0.0034 0.0034 
57500 0.0034 0.0034 
57600 0.0034 0.0034 
57700 0.0034 0.0034 
57800 0.0034 0.0034 
57900 0.0034 0.0034 
58000 0.0034 0.0034 
58100 0.0034 0.0034 
58200 0.0034 0.0034 
58300 0.0034 0.0034 
58400 0.0034 0.0034 
58500 0.0034 0.0034 
58600 0.0034 0.0034 
58700 0.0034 0.0034 
58800 0.0034 0.0034 
58900 0.0034 0.0034 
59000 0.0034 0.0034 
59100 0.0034 0.0034 
59200 0.0034 0.0034 
59300 0.0034 0.0034 
59400 0.0034 0.0034 
59500 0.0034 0.0034 
59600 0.0034 0.0034 
59700 0.0034 0.0034 
59800 0.0034 0.0034 
59900 0.0034 0.0034 
60000 0.0034 0.0034 
60100 0.0034 0.0034 
60200 0.0034 0.0034 
60300 0.0034 0.0034 
60400 0.0034 0.0034 
60500 0.0034 0.0034 
60600 0.0034 0.0034 
60700 0.0034 0.0034 
60800 0.0034 0.0034 
60900 0.0034 0.0034 
61000 0.0034 0.0034 
61100 0.0034 0.0034 
61200 0.0034 0.0034 
61300 0.0034 0.0034 
61400 0.0034 0.0034 
61500 0.0034 0.0034 
61600 0.0034 0.0034 
61700 0.0034 0.0034 
61800 0.0034 0.0034 
61900 0.0034 0.0034 
62000 0.0034 0.0034 
62100 0.0034 0.0034 
62200 0.0034 0.0034 
62300 0.0034 0.0034 
62400 0.0034 0.0034 
62500 0.0034 0.0034 
62600 0.0034 0.0034 
62700 0.0034 0.0034 
62800 0.0034 0.0034 
62900 0.0034 0.0034 
63000 0.0034 0.0034 
63100 0.0034 0.0034 
63200 0.0034 0.0034 
63300 0.0034 0.0034 
63400 0.0034 0.0034 
63500 0.0034 0.0034 
63600 0.0034 0.0034 
63700 0.0034 0.0034 
63800 0.0034 0.0034 
63900 0.0034 0.0034 
64000 0.0034 0.0034 
64100 0.0034 0.0034 
64200 0.0034 0.0034 
64300 0.0034 0.0034 
64400 0.0034 0.0034 
64500 0.0034 0.0034 
64600 0.0034 0.0034 
64700 0.0034 0.0034 
64800 0.0034 0.0034 
64900 0.0034 0.0034 
65000 0.0034 0.0034 
65100 0.0034 0.0034 
65200 0.0034 0.0034 
65300 0.0034 0.0034 
65400 0.0034 0.0034 
65500 0.0034 0.0034 
65600 0.0034 0.0034 
65700 0.0034 0.0034 
65800 0.0034 0.0034 
65900 0.0034 0.0034 
66000 0.0034 0.0034 
66100 0.0034 0.0034 
66200 0.0034 0.0034 
66300 0.0034 0.0034 
66400 0.0034 0.0034 
66500 0.0034 0.0034 
66600 0.0034 0.0034 
66700 0.0034 0.0034 
66800 0.0034 0.0034 
66900 0.0034 0.0034 
67000 0.0034 0.0034 
67100 0.0034 0.0034 
67200 0.0034 0.0034 
67300 0.0034 0.0034 
67400 0.0034 0.0034 
67500 0.0034 0.0034 
67600 0.0034 0.0034 
67700 0.0034 0.0034 
67800 0.0034 0.0034 
67900 0.0034 0.0034 
68000 0.0034 0.0034 
68100 0.0034 0.0034 
68200 0.0034 0.0034 
68300 0.0034 0.0034 
68400 0.0034 0.0034 
68500 0.0034 0.0034 
68600 0.0034 0.0034 
68700 0.0034 0.0034 
68800 0.0034 0.0034 
68900 0.0034 0.0034 
69000 0.0034 0.0034 
69100 0.0034 0.0034 
69200 0.0034 0.0034 
69300 0.0034 0.0034 
69400 0.0034 0.0034 
69500 0.0034 0.0034 
69600 0.0034 0.0034 
69700 0.0034 0.0034 
69800 0.0034 0.0034 
69900 0.0034 0.0034 
70000 0.0034 0.0034 
70100 0.0034 0.0034 
70200 0.0034 0.0034 
70300 0.0034 0.0034 
70400 0.0034 0.0034 
70500 0.0034 0.0034 
70600 0.0034 0.0034 
70700 0.0034 0.0034 
70800 0.0034 0.0034 
70900 0.0034 0.0034 
71000 0.0034 0.0034 
71100 0.0034 0.0034 
71200 0.0034 0.0034 
71300 0.0034 0.0034 
71400 0.0034 0.0034 
71500 0.0034 0.0034 
71600 0.0034 0.0034 
71700 0.0034 0.0034 
71800 0.0034 0.0034 
71900 0.0034 0.0034 
72000 0.0034 0.0034 
72100 0.0034 0.0034 
72200 0.0034 0.0034 
72300 0.0034 0.0034 
72400 0.0034 0.0034 
72500 0.0034 0.0034 
72600 0.0034 0.0034 
72700 0.0034 0.0034 
72800 0.0034 0.0034 
72900 0.0034 0.0034 
73000 0.0034 0.0034 
73100 0.0034 0.0034 
73200 0.0034 0.0034 
73300 0.0034 0.0034 
73400 0.0034 0.0034 
73500 0.0034 0.0034 
73600 0.0034 0.0034 
73700 0.0034 0.0034 
73800 0.0034 0.0034 
73900 0.0034 0.0034 
74000 0.0034 0.0034 
74100 0.0034 0.0034 
74200 0.0034 0.0034 
74300 0.0034 0.0034 
74400 0.0034 0.0034 
74500 0.0034 0.0034 
74600 0.0034 0.0034 
74700 0.0034 0.0034 
74800 0.0034 0.0034 
74900 0.0034 0.0034 
75000 0.0034 0.0034 
75100 0.0034 0.0034 
75200 0.0034 0.0034 
75300 0.0034 0.0034 
75400 0.0034 0.0034 
75500 0.0034 0.0034 
75600 0.0034 0.0034 
75700 0.0034 0.0034 
75800 0.0034 0.0034 
75900 0.0034 0.0034 
76000 0.0034 0.0034 
76100 0.0034 0.0034 
76200 0.0034 0.0034 
76300 0.0034 0.0034 
76400 0.0034 0.0034 
76500 0.0034 0.0034 
76600 0.0034 0.0034 
76700 0.0034 0.0034 
76800 0.0034 0.0034 
76900 0.0034 0.0034 
77000 0.0034 0.0034 
77100 0.0034 0.0034 
77200 0.0034 0.0034 
77300 0.0034 0.0034 
77400 0.0034 0.0034 
77500 0.0034 0.0034 
77600 0.0034 0.0034 
77700 0.0034 0.0034 
77800 0.0034 0.0034 
77900 0.0034 0.0034 
78000 0.0034 0.0034 
78100 0.0034 0.0034 
78200 0.0034 0.0034 
78300 0.0034 0.0034 
78400 0.0034 0.0034 
78500 0.0034 0.0034 
78600 0.0034 0.0034 
78700 0.0034 0.0034 
78800 0.0034 0.0034 
78900 0.0034 0.0034 
79000 0.0034 0.0034 
79100 0.0034 0.0034 
79200 0.0034 0.0034 
79300 0.0034 0.0034 
79400 0.0034 0.0034 
79500 0.0034 0.0034 
79600 0.0034 0.0034 
79700 0.0034 0.0034 
79800 0.0034 0.0034 
79900 0.0034 0.0034 
80000 0.0034 0.0034 
80100 0.0034 0.0034 
80200 0.0034 0.0034 
80300 0.0034 0.0034 
80400 0.0034 0.0034 
80500 0.0034 0.0034 
80600 0.0034 0.0034 
80700 0.0034 0.0034 
80800 0.0034 0.0034 
80900 0.0034 0.0034 
81000 0.0034 0.0034 
81100 0.0034 0.0034 
81200 0.0034 0.0034 
81300 0.0034 0.0034 
81400 0.0034 0.0034 
81500 0.0034 0.0034 
81600 0.0034 0.0034 
81700 0.0034 0.0034 
81800 0.0034 0.0034 
81900 0.0034 0.0034 
82000 0.0034 0.0034 
82100 0.0034 0.0034 
82200 0.0034 0.0034 
82300 0.0034 0.0034 
82400 0.0034 0.0034 
82500 0.0034 0.0034 
82600 0.0034 0.0034 
82700 0.0034 0.0034 
82800 0.0034 0.0034 
82900 0.0034 0.0034 
83000 0.0034 0.0034 
83100 0.0034 0.0034 
83200 0.0034 0.0034 
83300 0.0034 0.0034 
83400 0.0034 0.0034 
83500 0.0034 0.0034 
83600 0.0034 0.0034 
83700 0.0034 0.0034 
83800 0.0034 0.0034 
83900 0.0034 0.0034 
84000 0.0034 0.0034 
84100 0.0034 0.0034 
84200 0.0034 0.0034 
84300 0.0034 0.0034 
84400 0.0034 0.0034 
84500 0.0034 0.0034 
84600 0.0034 0.0034 
84700 0.0034 0.0034 
84800 0.0034 0.0034 
84900 0.0034 0.0034 
85000 0.0034 0.0034 
85100 0.0034 0.0034 
85200 0.0034 0.0034 
85300 0.0034 0.0034 
85400 0.0034 0.0034 
85500 0.0034 0.0034 
85600 0.0034 0.0034 
85700 0.0034 0.0034 
85800 0.0034 0.0034 
85900 0.0034 0.0034 
86000 0.0034 0.0034 
86100 0.0034 0.0034 
86200 0.0034 0.0034 
86300 0.0034 0.0034 
86400 0.0034 0.0034 
86500 0.0034 0.0034 
86600 0.0034 0.0034 
86700 0.0034 0.0034 
86800 0.0034 0.0034 
86900 0.0034 0.0034 
87000 0.0034 0.0034 
87100 0.0034 0.0034 
87200 0.0034 0.0034 
87300 0.0034 0.0034 
87400 0.0034 0.0034 
87500 0.0034 0.0034 
87600 0.0034 0.0034 
87700 0.0034 0.0034 
87800 0.0034 0.0034 
87900 0.0034 0.0034 
88000 0.0034 0.0034 
88100 0.0034 0.0034 
88200 0.0034 0.0034 
88300 0.0034 0.0034 
88400 0.0034 0.0034 
88500 0.0034 0.0034 
88600 0.0034 0.0034 
88700 0.0034 0.0034 
88800 0.0034 0.0034 
88900 0.0034 0.0034 
89000 0.0034 0.0034 
89100 0.0034 0.0034 
89200 0.0034 0.0034 
89300 0.0034 0.0034 
89400 0.0034 0.0034 
89500 0.0034 0.0034 
89600 0.0034 0.0034 
89700 0.0034 0.0034 
89800 0.0034 0.0034 
89900 0.0034 0.0034 
90000 0.0034 0.0034 
90100 0.0034 0.0034 
90200 0.0034 0.0034 
90300 0.0034 0.0034 
90400 0.0034 0.0034 
90500 0.0034 0.0034 
90600 0.0034 0.0034 
90700 0.0034 0.0034 
90800 0.0034 0.0034 
90900 0.0034 0.0034 
91000 0.0034 0.0034 
91100 0.0034 0.0034 
91200 0.0034 0.0034 
91300 0.0034 0.0034 
91400 0.0034 0.0034 
91500 0.0034 0.0034 
91600 0.0034 0.0034 
91700 0.0034 0.0034 
91800 0.0034 0.0034 
91900 0.0034 0.0034 
92000 0.0034 0.0034 
92100 0.0034 0.0034 
92200 0.0034 0.0034 
92300 0.0034 0.0034 
92400 0.0034 0.0034 
92500 0.0034 0.0034 
92600 0.0034 0.0034 
92700 0.0034 0.0034 
92800 0.0034 0.0034 
92900 0.0034 0.0034 
93000 0.0034 0.0034 
93100 0.0034 0.0034 
93200 0.0034 0.0034 
93300 0.0034 0.0034 
93400 0.0034 0.0034 
93500 0.0034 0.0034 
93600 0.0034 0.0034 
93700 0.0034 0.0034 
93800 0.0034 0.0034 
93900 0.0034 0.0034 
94000 0.0034 0.0034 
94100 0.0034 0.0034 
94200 0.0034 0.0034 
94300 0.0034 0.0034 
94400 0.0034 0.0034 
94500 0.0034 0.0034 
94600 0.0034 0.0034 
94700 0.0034 0.0034 
94800 0.0034 0.0034 
94900 0.0034 0.0034 
95000 0.0034 0.0034 
95100 0.0034 0.0034 
95200 0.0034 0.0034 
95300 0.0034 0.0034 
95400 0.0034 0.0034 
95500 0.0034 0.0034 
95600 0.0034 0.0034 
95700 0.0034 0.0034 
95800 0.0034 0.0034 
95900 0.0034 0.0034 
96000 0.0034 0.0034 
96100 0.0034 0.0034 
96200 0.0034 0.0034 
96300 0.0034 0.0034 
96400 0.0034 0.0034 
96500 0.0034 0.0034 
96600 0.0034 0.0034 
96700 0.0034 0.0034 
96800 0.0034 0.0034 
96900 0.0034 0.0034 
97000 0.0034 0.0034 
97100 0.0034 0.0034 
97200 0.0034 0.0034 
97300 0.0034 0.0034 
97400 0.0034 0.0034 
97500 0.0034 0.0034 
97600 0.0034 0.0034 
97700 0.0034 0.0034 
97800 0.0034 0.0034 
97900 0.0034 0.0034 
98000 0.0034 0.0034 
98100 0.0034 0.0034 
98200 0.0034 0.0034 
98300 0.0034 0.0034 
98400 0.0034 0.0034 
98500 0.0034 0.0034 
98600 0.0034 0.0034 
98700 0.0034 0.0034 
98800 0.0034 0.0034 
98900 0.0034 0.0034 
99000 0.0034 0.0034 
99100 0.0034 0.0034 
99200 0.0034 0.0034 
99300 0.0034 0.0034 
99400 0.0034 0.0034 
99500 0.0034 0.0034 
99600 0.0034 0.0034 
99700 0.0034 0.0034 
99800 0.0034 0.0034 
99900 0.0034 0.0034 
100000 0.0034 0.0034 
100100 0.0034 0.0034 
100200 0.0034 0.0034 
100300 0.0034 0.0034 
100400 0.0034 0.0034 
100500 0.0034 0.0034 
100600 0.0034 0.0034 
100700 0.0034 0.0034 
100800 0.0034 0.0034 
100900 0.0034 0.0034 
101000 0.0034 0.0034 
101100 0.0034 0.0034 
101200 0.0034 0.0034 
101300 0.0034 0.0034 
101400 0.0034 0.0034 
101500 0.0034 0.0034 
101600 0.0034 0.0034 
101700 0.0034 0.0034 
101800 0.0034 0.0034 
101900 0.0034 0.0034 
102000 0.0034 0.0034 
102100 0.0034 0.0034 
102200 0.0034 0.0034 
102300 0.0034 0.0034 
102400 0.0034 0.0034 
102500 0.0034 0.0034 
102600 0.0034 0.0034 
102700 0.0034 0.0034 
102800 0.0034 0.0034 
102900 0.0034 0.0034 
103000 0.0034 0.0034 
103100 0.0034 0.0034 
103200 0.0034 0.0034 
103300 0.0034 0.0034 
103400 0.0034 0.0034 
103500 0.0034 0.0034 
103600 0.0034 0.0034 
103700 0.0034 0.0034 
103800 0.0034 0.0034 
103900 0.0034 0.0034 
104000 0.0034 0.0034 
104100 0.0034 0.0034 
104200 0.0034 0.0034 
104300 0.0034 0.0034 
104400 0.0034 0.0034 
104500 0.0034 0.0034 
104600 0.0034 0.0034 
104700 0.0034 0.0034 
104800 0.0034 0.0034 
104900 0.0034 0.0034 
105000 0.0034 0.0034 
105100 0.0034 0.0034 
105200 0.0034 0.0034 
105300 0.0034 0.0034 
105400 0.0034 0.0034 
105500 0.0034 0.0034 
105600 0.0034 0.0034 
105700 0.0034 0.0034 
105800 0.0034 0.0034 
105900 0.0034 0.0034 
106000 0.0034 0.0034 
106100 0.0034 0.0034 
106200 0.0034 0.0034 
106300 0.0034 0.0034 
106400 0.0034 0.0034 
106500 0.0034 0.0034 
106600 0.0034 0.0034 
106700 0.0034 0.0034 
106800 0.0034 0.0034 
106900 0.0034 0.0034 
107000 0.0034 0.0034 
107100 0.0034 0.0034 
107200 0.0034 0.0034 
107300 0.0034 0.0034 
107400 0.0034 0.0034 
107500 0.0034 0.0034 
107600 0.0034 0.0034 
107700 0.0034 0.0034 
107800 0.0034 0.0034 
107900 0.0034 0.0034 
108000 0.0034 0.0034 
108100 0.0034 0.0034 
108200 0.0034 0.0034 
108300 0.0034 0.0034 
108400 0.0034 0.0034 
108500 0.0034 0.0034 
108600 0.0034 0.0034 
108700 0.0034 0.0034 
108800 0.0034 0.0034 
108900 0.0034 0.0034 
109000 0.0034 0.0034 
109100 0.0034 0.0034 
109200 0.0034 0.0034 
109300 0.0034 0.0034 
109400 0.0034 0.0034 
109500 0.0034 0.0034 
109600 0.0034 0.0034 
109700 0.0034 0.0034 
109800 0.0034 0.0034 
109900 0.0034 0.0034 
110000 0.0034 0.0034 
110100 0.0034 0.0034 
110200 0.0034 0.0034 
110300 0.0034 0.0034 
110400 0.0034 0.0034 
110500 0.0034 0.0034 
110600 0.0034 0.0034 
110700 0.0034 0.0034 
110800 0.0034 0.0034 
110900 0.0034 0.0034 
111000 0.0034 0.0034 
111100 0.0034 0.0034 
111200 0.0034 0.0034 
111300 0.0034 0.0034 
111400 0.0034 0.0034 
111500 0.0034 0.0034 
111600 0.0034 0.0034 
111700 0.0034 0.0034 
111800 0.0034 0.0034 
111900 0.0034 0.0034 
112000 0.0034 0.0034 
112100 0.0034 0.0034 
112200 0.0034 0.0034 
112300 0.0034 0.0034 
112400 0.0034 0.0034 
112500 0.0034 0.0034 
112600 0.0034 0.0034 
112700 0.0034 0.0034 
112800 0.0034 0.0034 
112900 0.0034 0.0034 
113000 0.0034 0.0034 
113100 0.0034 0.0034 
113200 0.0034 0.0034 
113300 0.0034 0.0034 
113400 0.0034 0.0034 
113500 0.0034 0.0034 
113600 0.0034 0.0034 
113700 0.0034 0.0034 
113800 0.0034 0.0034 
113900 0.0034 0.0034 
114000 0.0034 0.0034 
114100 0.0034 0.0034 
114200 0.0034 0.0034 
114300 0.0034 0.0034 
114400 0.0034 0.0034 
114500 0.0034 0.0034 
114600 0.0034 0.0034 
114700 0.0034 0.0034 
114800 0.0034 0.0034 
114900 0.0034 0.0034 
115000 0.0034 0.0034 
115100 0.0034 0.0034 
115200 0.0034 0.0034 
115300 0.0034 0.0034 
115400 0.0034 0.0034 
115500 0.0034 0.0034 
115600 0.0034 0.0034 
115700 0.0034 0.0034 
115800 0.0034 0.0034 
115900 0.0034 0.0034 
116000 0.0034 0.0034 
116100 0.0034 0.0034 
116200 0.0034 0.0034 
116300 0.0034 0.0034 
116400 0.0034 0.0034 
116500 0.0034 0.0034 
116600 0.0034 0.0034 
116700 0.0034 0.0034 
116800 0.0034 0.0034 
116900 0.0034 0.0034 
117000 0.0034 0.0034 
117100 0.0034 0.0034 
117200 0.0034 0.0034 
117300 0.0034 0.0034 
117400 0.0034 0.0034 
117500 0.0034 0.0034 
117600 0.0034 0.0034 
117700 0.0034 0.0034 
117800 0.0034 0.0034 
117900 0.0034 0.0034 
118000 0.0034 0.0034 
118100 0.0034 0.0034 
118200 0.0034 0.0034 
118300 0.0034 0.0034 
118400 0.0034 0.0034 
118500 0.0034 0.0034 
118600 0.0034 0.0034 
118700 0.0034 0.0034 
118800 0.0034 0.0034 
118900 0.0034 0.0034 
119000 0.0034 0.0034 
119100 0.0034 0.0034 
119200 0.0034 0.0034 
119300 0.0034 0.0034 
119400 0.0034 0.0034 
119500 0.0034 0.0034 
119600 0.0034 0.0034 
119700 0.0034 0.0034 
119800 0.0034 0.0034 
119900 0.0034 0.0034 
120000 0.0034 0.0034 
120100 0.0034 0.0034 
120200 0.0034 0.0034 
120300 0.0034 0.0034 
120400 0.0034 0.0034 
120500 0.0034 0.0034 
120600 0.0034 0.0034 
120700 0.0034 0.0034 
120800 0.0034 0.0034 
120900 0.0034 0.0034 
121000 0.0034 0.0034 
121100 0.0034 0.0034 
121200 0.0034 0.0034 
121300 0.0034 0.0034 
121400 0.0034 0.0034 
121500 0.0034 0.0034 
121600 0.0034 0.0034 
121700 0.0034 0.0034 
121800 0.0034 0.0034 
121900 0.0034 0.0034 
122000 0.0034 0.0034 
122100 0.0034 0.0034 
122200 0.0034 0.0034 
122300 0.0034 0.0034 
122400 0.0034 0.0034 
122500 0.0034 0.0034 
122600 0.0034 0.0034 
122700 0.0034 0.0034 
122800 0.0034 0.0034 
122900 0.0034 0.0034 
123000 0.0034 0.0034 
123100 0.0034 0.0034 
123200 0.0034 0.0034 
123300 0.0034 0.0034 
123400 0.0034 0.0034 
123500 0.0034 0.0034 
123600 0.0034 0.0034 
123700 0.0034 0.0034 
123800 0.0034 0.0034 
123900 0.0034 0.0034 
124000 0.0034 0.0034 
124100 0.0034 0.0034 
124200 0.0034 0.0034 
124300 0.0034 0.0034 
124400 0.0034 0.0034 
124500 0.0034 0.0034 
124600 0.0034 0.0034 
124700 0.0034 0.0034 
124800 0.0034 0.0034 
124900 0.0034 0.0034 
125000 0.0034 0.0034 
125100 0.0034 0.0034 
125200 0.0034 0.0034 
125300 0.0034 0.0034 
125400 0.0034 0.0034 
125500 0.0034 0.0034 
125600 0.0034 0.0034 
125700 0.0034 0.0034 
125800 0.0034 0.0034 
125900 0.0034 0.0034 
126000 0.0034 0.0034 
126100 0.0034 0.0034 
126200 0.0034 0.0034 
126300 0.0034 0.0034 
126400 0.0034 0.0034 
126500 0.0034 0.0034 
126600 0.0034 0.0034 
126700 0.0034 0.0034 
126800 0.0034 0.0034 
126900 0.0034 0.0034 
127000 0.0034 0.0034 
127100 0.0034 0.0034 
127200 0.0034 0.0034 
127300 0.0034 0.0034 
127400 0.0034 0.0034 
127500 0.0034 0.0034 
127600 0.0034 0.0034 
127700 0.0034 0.0034 
127800 0.0034 0.0034 
127900 0.0034 0.0034 
128000 0.0034 0.0034 
128100 0.0034 0.0034 
128200 0.0034 0.0034 
128300 0.0034 0.0034 
128400 0.0034 0.0034 
128500 0.0034 0.0034 
128600 0.0034 0.0034 
128700 0.0034 0.0034 
128800 0.0034 0.0034 
128900 0.0034 0.0034 
129000 0.0034 0.0034 
129100 0.0034 0.0034 
129200 0.0034 0.0034 
129300 0.0034 0.0034 
129400 0.0034 0.0034 
129500 0.0034 0.0034 
129600 0.0034 0.0034 
129700 0.0034 0.0034 
129800 0.0034 0.0034 
129900 0.0034 0.0034 
130000 0.0034 0.0034 
130100 0.0034 0.0034 
130200 0.0034 0.0034 
130300 0.0034 0.0034 
130400 0.0034 0.0034 
130500 0.0034 0.0034 
130600 0.0034 0.0034 
130700 0.0034 0.0034 
130800 0.0034 0.0034 
130900 0.0034 0.0034 
131000 0.0034 0.0034 
131100 0.0034 0.0034 
131200 0.0034 0.0034 
131300 0.0034 0.0034 
131400 0.0034 0.0034 
131500 0.0034 0.0034 
131600 0.0034 0.0034 
131700 0.0034 0.0034 
131800 0.0034 0.0034 
131900 0.0034 0.0034 
132000 0.0034 0.0034 
132100 0.0034 0.0034 
132200 0.0034 0.0034 
132300 0.0034 0.0034 
132400 0.0034 0.0034 
132500 0.0034 0.0034 
132600 0.0034 0.0034 
132700 0.0034 0.0034 
132800 0.0034 0.0034 
132900 0.0034 0.0034 
133000 0.0034 0.0034 
133100 0.0034 0.0034 
133200 0.0034 0.0034 
133300 0.0034 0.0034 
133400 0.0034 0.0034 
133500 0.0034 0.0034 
133600 0.0034 0.0034 
133700 0.0034 0.0034 
133800 0.0034 0.0034 
133900 0.0034 0.0034 
134000 0.0034 0.0034 
134100 0.0034 0.0034 
134200 0.0034 0.0034 
134300 0.0034 0.0034 
134400 0.0034 0.0034 
134500 0.0034 0.0034 
134600 0.0034 0.0034 
134700 0.0034 0.0034 
134800 0.0034 0.0034 
134900 0.0034 0.0034 
135000 0.0034 0.0034 
135100 0.0034 0.0034 
135200 0.0034 0.0034 
135300 0.0034 0.0034 
135400 0.0034 0.0034 
135500 0.0034 0.0034 
135600 0.0034 0.0034 
135700 0.0034 0.0034 
135800 0.0034 0.0034 
135900 0.0034 0.0034 
136000 0.0034 0.0034 
136100 0.0034 0.0034 
136200 0.0034 0.0034 
136300 0.0034 0.0034 
136400 0.0034 0.0034 
136500 0.0034 0.0034 
136600 0.0034 0.0034 
136700 0.0034 0.0034 
136800 0.0034 0.0034 
136900 0.0034 0.0034 
137000 0.0034 0.0034 
137100 0.0034 0.0034 
137200 0.0034 0.0034 
137300 0.0034 0.0034 
137400 0.0034 0.0034 
137500 0.0034 0.0034 
137600 0.0034 0.0034 
137700 0.0034 0.0034 
137800 0.0034 0.0034 
137900 0.0034 0.0034 
138000 0.0034 0.0034 
138100 0.0034 0.0034 
138200 0.0034 0.0034 
138300 0.0034 0.0034 
138400 0.0034 0.0034 
138500 0.0034 0.0034 
138600 0.0034 0.0034 
138700 0.0034 0.0034 
138800 0.0034 0.0034 
138900 0.0034 0.0034 
139000 0.0034 0.0034 
139100 0.0034 0.0034 
139200 0.0034 0.0034 
139300 0.0034 0.0034 
139400 0.0034 0.0034 
139500 0.0034 0.0034 
139600 0.0034 0.0034 
139700 0.0034 0.0034 
139800 0.0034 0.0034 
139900 0.0034 0.0034 
140000 0.0034 0.0034 
140100 0.0034 0.0034 
140200 0.0034 0.0034 
140300 0.0034 0.0034 
140400 0.0034 0.0034 
140500 0.0034 0.0034 
140600 0.0034 0.0034 
140700 0.0034 0.0034 
140800 0.0034 0.0034 
140900 0.0034 0.0034 
141000 0.0034 0.0034 
141100 0.0034 0.0034 
141200 0.0034 0.0034 
141300 0.0034 0.0034 
141400 0.0034 0.0034 
141500 0.0034 0.0034 
141600 0.0034 0.0034 
141700 0.0034 0.0034 
141800 0.0034 0.0034 
141900 0.0034 0.0034 
142000 0.0034 0.0034 
142100 0.0034 0.0034 
142200 0.0034 0.0034 
142300 0.0034 0.0034 
142400 0.0034 0.0034 
142500 0.0034 0.0034 
142600 0.0034 0.0034 
142700 0.0034 0.0034 
142800 0.0034 0.0034 
142900 0.0034 0.0034 
143000 0.0034 0.0034 
143100 0.0034 0.0034 
143200 0.0034 0.0034 
143300 0.0034 0.0034 
143400 0.0034 0.0034 
143500 0.0034 0.0034 
143600 0.0034 0.0034 
143700 0.0034 0.0034 
143800 0.0034 0.0034 
143900 0.0034 0.0034 
144000 0.0034 0.0034 
144100 0.0034 0.0034 
144200 0.0034 0.0034 
144300 0.0034 0.0034 
144400 0.0034 0.0034 
144500 0.0034 0.0034 
144600 0.0034 0.0034 
144700 0.0034 0.0034 
144800 0.0034 0.0034 
144900 0.0034 0.0034 
145000 0.0034 0.0034 
145100 0.0034 0.0034 
145200 0.0034 0.0034 
145300 0.0034 0.0034 
145400 0.0034 0.0034 
145500 0.0034 0.0034 
145600 0.0034 0.0034 
145700 0.0034 0.0034 
145800 0.0034 0.0034 
145900 0.0034 0.0034 
146000 0.0034 0.0034 
146100 0.0034 0.0034 
146200 0.0034 0.0034 
146300 0.0034 0.0034 
146400 0.0034 0.0034 
146500 0.0034 0.0034 
146600 0.0034 0.0034 
146700 0.0034 0.0034 
146800 0.0034 0.0034 
146900 0.0034 0.0034 
147000 0.0034 0.0034 
147100 0.0034 0.0034 
147200 0.0034 0.0034 
147300 0.0034 0.0034 
147400 0.0034 0.0034 
147500 0.0034 0.0034 
147600 0.0034 0.0034 
147700 0.0034 0.0034 
147800 0.0034 0.0034 
147900 0.0034 0.0034 
148000 0.0034 0.0034 
148100 0.0034 0.0034 
148200 0.0034 0.0034 
148300 0.0034 0.0034 
148400 0.0034 0.0034 
148500 0.0034 0.0034 
148600 0.0034 0.0034 
148700 0.0034 0.0034 
148800 0.0034 0.0034 
148900 0.0034 0.0034 
149000 0.0034 0.0034 
149100 0.0034 0.0034 
149200 0.0034 0.0034 
149300 0.0034 0.0034 
149400 0.0034 0.0034 
149500 0.0034 0.0034 
149600 0.0034 0.0034 
149700 0.0034 0.0034 
149800 0.0034 0.0034 
149900 0.0034 0.0034 
150000 0.0034 0.0034 
150100 0.0034 0.0034 
150200 0.0034 0.0034 
150300 0.0034 0.0034 
150400 0.0034 0.0034 
150500 0.0034 0.0034 
150600 0.0034 0.0034 
150700 0.0034 0.0034 
150800 0.0034 0.0034 
150900 0.0034 0.0034 
151000 0.0034 0.0034 
151100 0.0034 0.0034 
151200 0.0034 0.0034 
151300 0.0034 0.0034 
151400 0.0034 0.0034 
151500 0.0034 0.0034 
151600 0.0034 0.0034 
151700 0.0034 0.0034 
151800 0.0034 0.0034 
151900 0.0034 0.0034 
152000 0.0034 0.0034 
152100 0.0034 0.0034 
152200 0.0034 0.0034 
152300 0.0034 0.0034 
152400 0.0034 0.0034 
152500 0.0034 0.0034 
152600 0.0034 0.0034 
152700 0.0034 0.0034 
152800 0.0034 0.0034 
152900 0.0034 0.0034 
153000 0.0034 0.0034 
153100 0.0034 0.0034 
153200 0.0034 0.0034 
153300 0.0034 0.0034 
153400 0.0034 0.0034 
153500 0.0034 0.0034 
153600 0.0034 0.0034 
153700 0.0034 0.0034 
153800 0.0034 0.0034 
153900 0.0034 0.0034 
154000 0.0034 0.0034 
154100 0.0034 0.0034 
154200 0.0034 0.0034 
154300 0.0034 0.0034 
154400 0.0034 0.0034 
154500 0.0034 0.0034 
154600 0.0034 0.0034 
154700 0.0034 0.0034 
154800 0.0034 0.0034 
154900 0.0034 0.0034 
155000 0.0034 0.0034 
155100 0.0034 0.0034 
155200 0.0034 0.0034 
155300 0.0034 0.0034 
155400 0.0034 0.0034 
155500 0.0034 0.0034 
155600 0.0034 0.0034 
155700 0.0034 0.0034 
155800 0.0034 0.0034 
155900 0.0034 0.0034 
156000 0.0034 0.0034 
156100 0.0034 0.0034 
156200 0.0034 0.0034 
156300 0.0034 0.0034 
156400 0.0034 0.0034 
156500 0.0034 0.0034 
156600 0.0034 0.0034 
156700 0.0034 0.0034 
156800 0.0034 0.0034 
156900 0.0034 0.0034 
157000 0.0034 0.0034 
157100 0.0034 0.0034 
157200 0.0034 0.0034 
157300 0.0034 0.0034 
157400 0.0034 0.0034 
157500 0.0034 0.0034 
157600 0.0034 0.0034 
157700 0.0034 0.0034 
157800 0.0034 0.0034 
157900 0.0034 0.0034 
158000 0.0034 0.0034 
158100 0.0034 0.0034 
158200 0.0034 0.0034 
158300 0.0034 0.0034 
158400 0.0034 0.0034 
158500 0.0034 0.0034 
158600 0.0034 0.0034 
158700 0.0034 0.0034 
158800 0.0034 0.0034 
158900 0.0034 0.0034 
159000 0.0034 0.0034 
159100 0.0034 0.0034 
159200 0.0034 0.0034 
159300 0.0034 0.0034 
159400 0.0034 0.0034 
159500 0.0034 0.0034 
159600 0.0034 0.0034 
159700 0.0034 0.0034 
159800 0.0034 0.0034 
159900 0.0034 0.0034 
160000 0.0034 0.0034 
160100 0.0034 0.0034 
160200 0.0034 0.0034 
160300 0.0034 0.0034 
160400 0.0034 0.0034 
160500 0.0034 0.0034 
160600 0.0034 0.0034 
160700 0.0034 0.0034 
160800 0.0034 0.0034 
160900 0.0034 0.0034 
161000 0.0034 0.0034 
161100 0.0034 0.0034 
161200 0.0034 0.0034 
161300 0.0034 0.0034 
161400 0.0034 0.0034 
161500 0.0034 0.0034 
161600 0.0034 0.0034 
161700 0.0034 0.0034 
161800 0.0034 0.0034 
161900 0.0034 0.0034 
162000 0.0034 0.0034 
162100 0.0034 0.0034 
162200 0.0034 0.0034 
162300 0.0034 0.0034 
162400 0.0034 0.0034 
162500 0.0034 0.0034 
162600 0.0034 0.0034 
162700 0.0034 0.0034 
162800 0.0034 0.0034 
162900 0.0034 0.0034 
163000 0.0034 0.0034 
163100 0.0034 0.0034 
163200 0.0034 0.0034 
163300 0.0034 0.0034 
163400 0.0034 0.0034 
163500 0.0034 0.0034 
163600 0.0034 0.0034 
163700 0.0034 0.0034 
163800 0.0034 0.0034 
163900 0.0034 0.0034 
164000 0.0034 0.0034 
164100 0.0034 0.0034 
164200 0.0034 0.0034 
164300 0.0034 0.0034 
164400 0.0034 0.0034 
164500 0.0034 0.0034 
164600 0.0034 0.0034 
164700 0.0034 0.0034 
164800 0.0034 0.0034 
164900 0.0034 0.0034 
165000 0.0034 0.0034 
165100 0.0034 0.0034 
165200 0.0034 0.0034 
165300 0.0034 0.0034 
165400 0.0034 0.0034 
165500 0.0034 0.0034 
165600 0.0034 0.0034 
165700 0.0034 0.0034 
165800 0.0034 0.0034 
165900 0.0034 0.0034 
166000 0.0034 0.0034 
166100 0.0034 0.0034 
166200 0.0034 0.0034 
166300 0.0034 0.0034 
166400 0.0034 0.0034 
166500 0.0034 0.0034 
166600 0.0034 0.0034 
166700 0.0034 0.0034 
166800 0.0034 0.0034 
166900 0.0034 0.0034 
167000 0.0034 0.0034 
167100 0.0034 0.0034 
167200 0.0034 0.0034 
167300 0.0034 0.0034 
167400 0.0034 0.0034 
167500 0.0034 0.0034 
167600 0.0034 0.0034 
167700 0.0034 0.0034 
167800 0.0034 0.0034 
167900 0.0034 0.0034 
168000 0.0034 0.0034 
168100 0.0034 0.0034 
168200 0.0034 0.0034 
168300 0.0034 0.0034 
168400 0.0034 0.0034 
168500 0.0034 0.0034 
168600 0.0034 0.0034 
168700 0.0034 0.0034 
168800 0.0032 0.0032 
168900 0.0032 0.0032 
169000 0.0032 0.0032 
169100 0.0032 0.0032 
169200 0.0032 0.0032 
169300 0.0032 0.0032 
169400 0.0032 0.0032 
169500 0.0032 0.0032 
169600 0.0032 0.0032 
169700 0.0032 0.0032 
169800 0.0032 0.0032 
169900 0.0032 0.0032 
170000 0.0032 0.0032 
170100 0.0032 0.0032 
170200 0.0032 0.0032 
170300 0.0032 0.0032 
170400 0.0032 0.0032 
170500 0.0032 0.0032 
170600 0.0032 0.0032 
170700 0.0032 0.0032 
170800 0.0032 0.0032 
170900 0.0032 0.0032 
171000 0.0032 0.0032 
171100 0.0032 0.0032 
171200 0.0032 0.0032 
171300 0.0032 0.0032 
171400 0.0032 0.0032 
171500 0.0032 0.0032 
171600 0.0032 0.0032 
171700 0.0032 0.0032 
171800 0.0032 0.0032 
171900 0.0032 0.0032 
172000 0.0032 0.0032 
172100 0.0032 0.0032 
172200 0.0032 0.0032 
172300 0.0032 0.0032 
172400 0.0032 0.0032 
172500 0.0032 0.0032 
172600 0.0032 0.0032 
172700 0.0032 0.0032 
172800 0.0032 0.0032 
172900 0.0032 0.0032 
173000 0.0032 0.0032 
173100 0.0032 0.0032 
173200 0.0032 0.0032 
173300 0.0032 0.0032 
173400 0.0032 0.0032 
173500 0.0032 0.0032 
173600 0.0032 0.0032 
173700 0.0030 0.0030 
173800 0.0030 0.0030 
173900 0.0030 0.0030 
174000 0.0030 0.0030 
174100 0.0030 0.0030 
174200 0.0030 0.0030 
174300 0.0030 0.0030 
174400 0.0030 0.0030 
174500 0.0030 0.0030 
174600 0.0030 0.0030 
174700 0.0030 0.0030 
174800 0.0030 0.0030 
174900 0.0030 0.0030 
175000 0.0030 0.0030 
175100 0.0030 0.0030 
175200 0.0030 0.0030 
175300 0.0030 0.0030 
175400 0.0030 0.0030 
175500 0.0030 0.0030 
175600 0.0030 0.0030 
175700 0.0030 0.0030 
175800 0.0030 0.0030 
175900 0.0030 0.0030 
176000 0.0030 0.0030 
176100 0.0030 0.0030 
176200 0.0030 0.0030 
176300 0.0030 0.0030 
176400 0.0030 0.0030 
176500 0.0030 0.0030 
176600 0.0030 0.0030 
176700 0.0030 0.0030 
176800 0.0030 0.0030 
176900 0.0030 0.0030 
177000 0.0030 0.0030 
177100 0.0030 0.0030 
177200 0.0030 0.0030 
177300 0.0030 0.0030 
177400 0.0030 0.0030 
177500 0.0030 0.0030 
177600 0.0030 0.0030 
177700 0.0030 0.0030 
177800 0.0030 0.0030 
177900 0.0030 0.0030 
178000 0.0030 0.0030 
178100 0.0030 0.0030 
178200 0.0030 0.0030 
178300 0.0030 0.0030 
178400 0.0030 0.0030 
178500 0.0030 0.0030 
178600 0.0030 0.0030 
178700 0.0030 0.0030 
178800 0.0030 0.0030 
178900 0.0030 0.0030 
179000 0.0030 0.0030 
179100 0.0030 0.0030 
179200 0.0030 0.0030 
179300 0.0030 0.0030 
179400 0.0030 0.0030 
179500 0.0030 0.0030 
179600 0.0030 0.0030 
179700 0.0030 0.0030 
179800 0.0030 0.0030 
179900 0.0030 0.0030 
180000 0.0030 0.0030 
180100 0.0030 0.0030 
180200 0.0030 0.0030 
180300 0.0030 0.0030 
180400 0.0030 0.0030 
180500 0.0030 0.0030 
180600 0.0030 0.0030 
180700 0.0030 0.0030 
180800 0.0030 0.0030 
180900 0.0030 0.0030 
181000 0.0030 0.0030 
181100 0.0030 0.0030 
181200 0.0030 0.0030 
181300 0.0030 0.0030 
181400 0.0030 0.0030 
181500 0.0030 0.0030 
181600 0.0030 0.0030 
181700 0.0030 0.0030 
181800 0.0030 0.0030 
181900 0.0030 0.0030 
182000 0.0030 0.0030 
182100 0.0030 0.0030 
182200 0.0030 0.0030 
182300 0.0030 0.0030 
182400 0.0030 0.0030 
182500 0.0030 0.0030 
182600 0.0030 0.0030 
182700 0.0030 0.0030 
182800 0.0030 0.0030 
182900 0.0030 0.0030 
183000 0.0030 0.0030 
183100 0.0030 0.0030 
183200 0.0030 0.0030 
183300 0.0030 0.0030 
183400 0.0030 0.0030 
183500 0.0030 0.0030 
183600 0.0030 0.0030 
183700 0.0030 0.0030 
183800 0.0030 0.0030 
183900 0.0030 0.0030 
184000 0.0030 0.0030 
184100 0.0030 0.0030 
184200 0.0030 0.0030 
184300 0.0030 0.0030 
184400 0.0030 0.0030 
184500 0.0030 0.0030 
184600 0.0030 0.0030 
184700 0.0030 0.0030 
184800 0.0030 0.0030 
184900 0.0030 0.0030 
185000 0.0030 0.0030 
185100 0.0030 0.0030 
185200 0.0030 0.0030 
185300 0.0030 0.0030 
185400 0.0030 0.0030 
185500 0.0030 0.0030 
185600 0.0030 0.0030 
185700 0.0030 0.0030 
185800 0.0030 0.0030 
185900 0.0030 0.0030 
186000 0.0030 0.0030 
186100 0.0030 0.0030 
186200 0.0030 0.0030 
186300 0.0030 0.0030 
186400 0.0030 0.0030 
186500 0.0030 0.0030 
186600 0.0030 0.0030 
186700 0.0030 0.0030 
186800 0.0030 0.0030 
186900 0.0030 0.0030 
187000 0.0030 0.0030 
187100 0.0030 0.0030 
187200 0.0030 0.0030 
187300 0.0030 0.0030 
187400 0.0030 0.0030 
187500 0.0030 0.0030 
187600 0.0030 0.0030 
187700 0.0030 0.0030 
187800 0.0030 0.0030 
187900 0.0030 0.0030 
188000 0.0030 0.0030 
188100 0.0030 0.0030 
188200 0.0030 0.0030 
188300 0.0030 0.0030 
188400 0.0030 0.0030 
188500 0.0030 0.0030 
188600 0.0030 0.0030 
188700 0.0030 0.0030 
188800 0.0030 0.0030 
188900 0.0030 0.0030 
189000 0.0030 0.0030 
189100 0.0030 0.0030 
189200 0.0030 0.0030 
189300 0.0030 0.0030 
189400 0.0030 0.0030 
189500 0.0030 0.0030 
189600 0.0030 0.0030 
189700 0.0030 0.0030 
189800 0.0030 0.0030 
189900 0.0030 0.0030 
190000 0.0030 0.0030 
190100 0.0030 0.0030 
190200 0.0030 0.0030 
190300 0.0030 0.0030 
190400 0.0030 0.0030 
190500 0.0030 0.0030 
190600 0.0030 0.0030 
190700 0.0030 0.0030 
190800 0.0030 0.0030 
190900 0.0030 0.0030 
191000 0.0030 0.0030 
191100 0.0030 0.0030 
191200 0.0030 0.0030 
191300 0.0030 0.0030 
191400 0.0030 0.0030 
191500 0.0030 0.0030 
191600 0.0030 0.0030 
191700 0.0030 0.0030 
191800 0.0030 0.0030 
191900 0.0030 0.0030 
192000 0.0030 0.0030 
192100 0.0030 0.0030 
192200 0.0030 0.0030 
192300 0.0030 0.0030 
192400 0.0030 0.0030 
192500 0.0030 0.0030 
192600 0.0030 0.0030 
192700 0.0030 0.0030 
192800 0.0030 0.0030 
192900 0.0030 0.0030 
193000 0.0030 0.0030 
193100 0.0030 0.0030 
193200 0.0030 0.0030 
193300 0.0030 0.0030 
193400 0.0030 0.0030 
193500 0.0030 0.0030 
193600 0.0030 0.0030 
193700 0.0030 0.0030 
193800 0.0030 0.0030 
193900 0.0030 0.0030 
194000 0.0030 0.0030 
194100 0.0030 0.0030 
194200 0.0030 0.0030 
194300 0.0030 0.0030 
194400 0.0030 0.0030 
194500 0.0030 0.0030 
194600 0.0030 0.0030 
194700 0.0030 0.0030 
194800 0.0030 0.0030 
194900 0.0030 0.0030 
195000 0.0030 0.0030 
195100 0.0030 0.0030 
195200 0.0030 0.0030 
195300 0.0030 0.0030 
195400 0.0030 0.0030 
195500 0.0030 0.0030 
195600 0.0030 0.0030 
195700 0.0030 0.0030 
195800 0.0030 0.0030 
195900 0.0030 0.0030 
196000 0.0030 0.0030 
196100 0.0030 0.0030 
196200 0.0030 0.0030 
196300 0.0030 0.0030 
196400 0.0030 0.0030 
196500 0.0030 0.0030 
196600 0.0030 0.0030 
196700 0.0030 0.0030 
196800 0.0030 0.0030 
196900 0.0030 0.0030 
197000 0.0030 0.0030 
197100 0.0030 0.0030 
197200 0.0030 0.0030 
197300 0.0030 0.0030 
197400 0.0030 0.0030 
197500 0.0030 0.0030 
197600 0.0030 0.0030 
197700 0.0030 0.0030 
197800 0.0030 0.0030 
197900 0.0030 0.0030 
198000 0.0030 0.0030 
198100 0.0030 0.0030 
198200 0.0030 0.0030 
198300 0.0030 0.0030 
198400 0.0030 0.0030 
198500 0.0030 0.0030 
198600 0.0030 0.0030 
198700 0.0030 0.0030 
198800 0.0030 0.0030 
198900 0.0030 0.0030 
199000 0.0030 0.0030 
199100 0.0030 0.0030 
199200 0.0030 0.0030 
199300 0.0030 0.0030 
199400 0.0030 0.0030 
199500 0.0030 0.0030 
199600 0.0030 0.0030 
199700 0.0030 0.0030 
199800 0.0030 0.0030 
199900 0.0030 0.0030 
200000 0.0030 0.0030 
200100 0.0030 0.0030 
200200 0.0030 0.0030 
200300 0.0030 0.0030 
200400 0.0030 0.0030 
200500 0.0030 0.0030 
200600 0.0030 0.0030 
200700 0.0030 0.0030 
200800 0.0030 0.0030 
200900 0.0030 0.0030 
201000 0.0030 0.0030 
201100 0.0030 0.0030 
201200 0.0030 0.0030 
201300 0.0030 0.0030 
201400 0.0030 0.0030 
201500 0.0030 0.0030 
201600 0.0030 0.0030 
201700 0.0030 0.0030 
201800 0.0030 0.0030 
201900 0.0030 0.0030 
202000 0.0030 0.0030 
202100 0.0030 0.0030 
202200 0.0030 0.0030 
202300 0.0030 0.0030 
202400 0.0030 0.0030 
202500 0.0030 0.0030 
202600 0.0030 0.0030 
202700 0.0030 0.0030 
202800 0.0030 0.0030 
202900 0.0030 0.0030 
203000 0.0030 0.0030 
203100 0.0030 0.0030 
203200 0.0030 0.0030 
203300 0.0030 0.0030 
203400 0.0030 0.0030 
203500 0.0030 0.0030 
203600 0.0030 0.0030 
203700 0.0030 0.0030 
203800 0.0030 0.0030 
203900 0.0030 0.0030 
204000 0.0030 0.0030 
204100 0.0030 0.0030 
204200 0.0030 0.0030 
204300 0.0030 0.0030 
204400 0.0030 0.0030 
204500 0.0030 0.0030 
204600 0.0030 0.0030 
204700 0.0030 0.0030 
204800 0.0030 0.0030 
204900 0.0030 0.0030 
205000 0.0030 0.0030 
205100 0.0030 0.0030 
205200 0.0030 0.0030 
205300 0.0030 0.0030 
205400 0.0030 0.0030 
205500 0.0030 0.0030 
205600 0.0030 0.0030 
205700 0.0030 0.0030 
205800 0.0030 0.0030 
205900 0.0030 0.0030 
206000 0.0030 0.0030 
206100 0.0030 0.0030 
206200 0.0030 0.0030 
206300 0.0030 0.0030 
206400 0.0030 0.0030 
206500 0.0030 0.0030 
206600 0.0030 0.0030 
206700 0.0030 0.0030 
206800 0.0030 0.0030 
206900 0.0030 0.0030 
207000 0.0030 0.0030 
207100 0.0030 0.0030 
207200 0.0030 0.0030 
207300 0.0030 0.0030 
207400 0.0030 0.0030 
207500 0.0030 0.0030 
207600 0.0030 0.0030 
207700 0.0030 0.0030 
207800 0.0030 0.0030 
207900 0.0030 0.0030 
208000 0.0030 0.0030 
208100 0.0030 0.0030 
208200 0.0030 0.0030 
208300 0.0030 0.0030 
208400 0.0030 0.0030 
208500 0.0030 0.0030 
208600 0.0030 0.0030 
208700 0.0030 0.0030 
208800 0.0030 0.0030 
208900 0.0030 0.0030 
209000 0.0030 0.0030 
209100 0.0030 0.0030 
209200 0.0030 0.0030 
209300 0.0030 0.0030 
209400 0.0030 0.0030 
209500 0.0030 0.0030 
209600 0.0030 0.0030 
209700 0.0030 0.0030 
209800 0.0030 0.0030 
209900 0.0030 0.0030 
210000 0.0030 0.0030 
210100 0.0030 0.0030 
210200 0.0030 0.0030 
210300 0.0030 0.0030 
210400 0.0030 0.0030 
210500 0.0030 0.0030 
210600 0.0030 0.0030 
210700 0.0030 0.0030 
210800 0.0030 0.0030 
210900 0.0030 0.0030 
211000 0.0030 0.0030 
211100 0.0030 0.0030 
211200 0.0030 0.0030 
211300 0.0030 0.0030 
211400 0.0030 0.0030 
211500 0.0030 0.0030 
211600 0.0030 0.0030 
211700 0.0030 0.0030 
211800 0.0030 0.0030 
211900 0.0030 0.0030 
212000 0.0030 0.0030 
212100 0.0030 0.0030 
212200 0.0030 0.0030 
212300 0.0030 0.0030 
212400 0.0030 0.0030 
212500 0.0030 0.0030 
212600 0.0030 0.0030 
212700 0.0030 0.0030 
212800 0.0030 0.0030 
212900 0.0030 0.0030 
213000 0.0030 0.0030 
213100 0.0030 0.0030 
213200 0.0030 0.0030 
213300 0.0030 0.0030 
213400 0.0030 0.0030 
213500 0.0030 0.0030 
213600 0.0030 0.0030 
213700 0.0030 0.0030 
213800 0.0030 0.0030 
213900 0.0030 0.0030 
214000 0.0030 0.0030 
214100 0.0030 0.0030 
214200 0.0030 0.0030 
214300 0.0030 0.0030 
214400 0.0030 0.0030 
214500 0.0030 0.0030 
214600 0.0030 0.0030 
214700 0.0030 0.0030 
214800 0.0030 0.0030 
214900 0.0030 0.0030 
215000 0.0030 0.0030 
215100 0.0030 0.0030 
215200 0.0030 0.0030 
215300 0.0030 0.0030 
215400 0.0030 0.0030 
215500 0.0030 0.0030 
215600 0.0030 0.0030 
215700 0.0030 0.0030 
215800 0.0030 0.0030 
215900 0.0030 0.0030 
216000 0.0030 0.0030 
216100 0.0030 0.0030 
216200 0.0030 0.0030 
216300 0.0030 0.0030 
216400 0.0030 0.0030 
216500 0.0030 0.0030 
216600 0.0030 0.0030 
216700 0.0030 0.0030 
216800 0.0030 0.0030 
216900 0.0030 0.0030 
217000 0.0030 0.0030 
217100 0.0030 0.0030 
217200 0.0030 0.0030 
217300 0.0030 0.0030 
217400 0.0030 0.0030 
217500 0.0030 0.0030 
217600 0.0030 0.0030 
217700 0.0030 0.0030 
217800 0.0030 0.0030 
217900 0.0030 0.0030 
218000 0.0030 0.0030 
218100 0.0030 0.0030 
218200 0.0030 0.0030 
218300 0.0030 0.0030 
218400 0.0030 0.0030 
218500 0.0030 0.0030 
218600 0.0030 0.0030 
218700 0.0030 0.0030 
218800 0.0030 0.0030 
218900 0.0030 0.0030 
219000 0.0030 0.0030 
219100 0.0030 0.0030 
219200 0.0030 0.0030 
219300 0.0030 0.0030 
219400 0.0030 0.0030 
219500 0.0030 0.0030 
219600 0.0030 0.0030 
219700 0.0030 0.0030 
219800 0.0030 0.0030 
219900 0.0030 0.0030 
220000 0.0030 0.0030 
220100 0.0030 0.0030 
220200 0.0030 0.0030 
220300 0.0030 0.0030 
220400 0.0030 0.0030 
220500 0.0030 0.0030 
220600 0.0030 0.0030 
220700 0.0030 0.0030 
220800 0.0030 0.0030 
220900 0.0030 0.0030 
221000 0.0030 0.0030 
221100 0.0030 0.0030 
221200 0.0030 0.0030 
221300 0.0030 0.0030 
221400 0.0030 0.0030 
221500 0.0030 0.0030 
221600 0.0030 0.0030 
221700 0.0030 0.0030 
221800 0.0030 0.0030 
221900 0.0030 0.0030 
222000 0.0030 0.0030 
222100 0.0030 0.0030 
222200 0.0030 0.0030 
222300 0.0030 0.0030 
222400 0.0030 0.0030 
222500 0.0030 0.0030 
222600 0.0030 0.0030 
222700 0.0030 0.0030 
222800 0.0030 0.0030 
222900 0.0030 0.0030 
223000 0.0030 0.0030 
223100 0.0030 0.0030 
223200 0.0030 0.0030 
223300 0.0030 0.0030 
223400 0.0030 0.0030 
223500 0.0030 0.0030 
223600 0.0030 0.0030 
223700 0.0030 0.0030 
223800 0.0030 0.0030 
223900 0.0030 0.0030 
224000 0.0030 0.0030 
224100 0.0030 0.0030 
224200 0.0030 0.0030 
224300 0.0030 0.0030 
224400 0.0030 0.0030 
224500 0.0030 0.0030 
224600 0.0030 0.0030 
224700 0.0030 0.0030 
224800 0.0030 0.0030 
224900 0.0030 0.0030 
225000 0.0030 0.0030 
225100 0.0030 0.0030 
225200 0.0030 0.0030 
225300 0.0030 0.0030 
225400 0.0030 0.0030 
225500 0.0030 0.0030 
225600 0.0030 0.0030 
225700 0.0030 0.0030 
225800 0.0030 0.0030 
225900 0.0030 0.0030 
226000 0.0030 0.0030 
226100 0.0030 0.0030 
226200 0.0030 0.0030 
226300 0.0030 0.0030 
226400 0.0030 0.0030 
226500 0.0030 0.0030 
226600 0.0030 0.0030 
226700 0.0030 0.0030 
226800 0.0030 0.0030 
226900 0.0030 0.0030 
227000 0.0030 0.0030 
227100 0.0030 0.0030 
227200 0.0030 0.0030 
227300 0.0030 0.0030 
227400 0.0030 0.0030 
227500 0.0030 0.0030 
227600 0.0030 0.0030 
227700 0.0030 0.0030 
227800 0.0030 0.0030 
227900 0.0030 0.0030 
228000 0.0030 0.0030 
228100 0.0030 0.0030 
228200 0.0030 0.0030 
228300 0.0030 0.0030 
228400 0.0030 0.0030 
228500 0.0030 0.0030 
228600 0.0030 0.0030 
228700 0.0030 0.0030 
228800 0.0030 0.0030 
228900 0.0030 0.0030 
229000 0.0030 0.0030 
229100 0.0030 0.0030 
229200 0.0030 0.0030 
229300 0.0030 0.0030 
229400 0.0030 0.0030 
229500 0.0030 0.0030 
229600 0.0030 0.0030 
229700 0.0030 0.0030 
229800 0.0030 0.0030 
229900 0.0030 0.0030 
230000 0.0030 0.0030 
230100 0.0030 0.0030 
230200 0.0030 0.0030 
230300 0.0030 0.0030 
230400 0.0030 0.0030 
230500 0.0030 0.0030 
230600 0.0030 0.0030 
230700 0.0030 0.0030 
230800 0.0030 0.0030 
230900 0.0030 0.0030 
231000 0.0030 0.0030 
231100 0.0030 0.0030 
231200 0.0030 0.0030 
231300 0.0030 0.0030 
231400 0.0030 0.0030 
231500 0.0030 0.0030 
231600 0.0030 0.0030 
231700 0.0030 0.0030 
231800 0.0030 0.0030 
231900 0.0030 0.0030 
232000 0.0030 0.0030 
232100 0.0030 0.0030 
232200 0.0030 0.0030 
232300 0.0030 0.0030 
232400 0.0030 0.0030 
232500 0.0030 0.0030 
232600 0.0030 0.0030 
232700 0.0030 0.0030 
232800 0.0030 0.0030 
232900 0.0030 0.0030 
233000 0.0030 0.0030 
233100 0.0030 0.0030 
233200 0.0030 0.0030 
233300 0.0030 0.0030 
233400 0.0030 0.0030 
233500 0.0030 0.0030 
233600 0.0030 0.0030 
233700 0.0030 0.0030 
233800 0.0030 0.0030 
233900 0.0030 0.0030 
234000 0.0030 0.0030 
234100 0.0030 0.0030 
234200 0.0030 0.0030 
234300 0.0030 0.0030 
234400 0.0030 0.0030 
234500 0.0030 0.0030 
234600 0.0030 0.0030 
234700 0.0030 0.0030 
234800 0.0030 0.0030 
234900 0.0030 0.0030 
235000 0.0030 0.0030 
235100 0.0030 0.0030 
235200 0.0030 0.0030 
235300 0.0030 0.0030 
235400 0.0030 0.0030 
235500 0.0030 0.0030 
235600 0.0030 0.0030 
235700 0.0030 0.0030 
235800 0.0030 0.0030 
235900 0.0030 0.0030 
236000 0.0030 0.0030 
236100 0.0030 0.0030 
236200 0.0030 0.0030 
236300 0.0030 0.0030 
236400 0.0030 0.0030 
236500 0.0030 0.0030 
236600 0.0030 0.0030 
236700 0.0030 0.0030 
236800 0.0030 0.0030 
236900 0.0030 0.0030 
237000 0.0030 0.0030 
237100 0.0030 0.0030 
237200 0.0030 0.0030 
237300 0.0030 0.0030 
237400 0.0030 0.0030 
237500 0.0030 0.0030 
237600 0.0030 0.0030 
237700 0.0030 0.0030 
237800 0.0030 0.0030 
237900 0.0030 0.0030 
238000 0.0030 0.0030 
238100 0.0030 0.0030 
238200 0.0030 0.0030 
238300 0.0030 0.0030 
238400 0.0030 0.0030 
238500 0.0030 0.0030 
238600 0.0030 0.0030 
238700 0.0030 0.0030 
238800 0.0030 0.0030 
238900 0.0030 0.0030 
239000 0.0030 0.0030 
239100 0.0030 0.0030 
239200 0.0030 0.0030 
239300 0.0030 0.0030 
239400 0.0030 0.0030 
239500 0.0030 0.0030 
239600 0.0030 0.0030 
239700 0.0030 0.0030 
239800 0.0030 0.0030 
239900 0.0030 0.0030 
240000 0.0030 0.0030 
240100 0.0030 0.0030 
240200 0.0030 0.0030 
240300 0.0030 0.0030 
240400 0.0030 0.0030 
240500 0.0030 0.0030 
240600 0.0030 0.0030 
240700 0.0030 0.0030 
240800 0.0030 0.0030 
240900 0.0030 0.0030 
241000 0.0030 0.0030 
241100 0.0030 0.0030 
241200 0.0030 0.0030 
241300 0.0030 0.0030 
241400 0.0030 0.0030 
241500 0.0030 0.0030 
241600 0.0030 0.0030 
241700 0.0030 0.0030 
241800 0.0030 0.0030 
241900 0.0030 0.0030 
242000 0.0030 0.0030 
242100 0.0030 0.0030 
242200 0.0030 0.0030 
242300 0.0030 0.0030 
242400 0.0030 0.0030 
242500 0.0030 0.0030 
242600 0.0030 0.0030 
242700 0.0030 0.0030 
242800 0.0030 0.0030 
242900 0.0030 0.0030 
243000 0.0030 0.0030 
243100 0.0030 0.0030 
243200 0.0030 0.0030 
243300 0.0030 0.0030 
243400 0.0030 0.0030 
243500 0.0030 0.0030 
243600 0.0030 0.0030 
243700 0.0030 0.0030 
243800 0.0030 0.0030 
243900 0.0030 0.0030 
244000 0.0030 0.0030 
244100 0.0030 0.0030 
244200 0.0030 0.0030 
244300 0.0030 0.0030 
244400 0.0030 0.0030 
244500 0.0030 0.0030 
244600 0.0030 0.0030 
244700 0.0030 0.0030 
244800 0.0030 0.0030 
244900 0.0030 0.0030 
245000 0.0030 0.0030 
245100 0.0030 0.0030 
245200 0.0030 0.0030 
245300 0.0030 0.0030 
245400 0.0030 0.0030 
245500 0.0030 0.0030 
245600 0.0030 0.0030 
245700 0.0030 0.0030 
245800 0.0030 0.0030 
245900 0.0030 0.0030 
246000 0.0030 0.0030 
246100 0.0030 0.0030 
246200 0.0030 0.0030 
246300 0.0030 0.0030 
246400 0.0030 0.0030 
246500 0.0030 0.0030 
246600 0.0030 0.0030 
246700 0.0030 0.0030 
246800 0.0030 0.0030 
246900 0.0030 0.0030 
247000 0.0030 0.0030 
247100 0.0030 0.0030 
247200 0.0030 0.0030 
247300 0.0030 0.0030 
247400 0.0030 0.0030 
247500 0.0030 0.0030 
247600 0.0030 0.0030 
247700 0.0030 0.0030 
247800 0.0030 0.0030 
247900 0.0030 0.0030 
248000 0.0030 0.0030 
248100 0.0030 0.0030 
248200 0.0030 0.0030 
248300 0.0030 0.0030 
248400 0.0030 0.0030 
248500 0.0030 0.0030 
248600 0.0030 0.0030 
248700 0.0030 0.0030 
248800 0.0030 0.0030 
248900 0.0030 0.0030 
249000 0.0030 0.0030 
249100 0.0030 0.0030 
249200 0.0030 0.0030 
249300 0.0030 0.0030 
249400 0.0030 0.0030 
249500 0.0030 0.0030 
249600 0.0030 0.0030 
249700 0.0030 0.0030 
249800 0.0030 0.0030 
249900 0.0030 0.0030 
250000 0.0030 0.0030 
250100 0.0030 0.0030 
250200 0.0030 0.0030 
250300 0.0030 0.0030 
250400 0.0030 0.0030 
250500 0.0030 0.0030 
250600 0.0030 0.0030 
250700 0.0030 0.0030 
250800 0.0030 0.0030 
250900 0.0030 0.0030 
251000 0.0030 0.0030 
251100 0.0030 0.0030 
251200 0.0030 0.0030 
251300 0.0030 0.0030 
251400 0.0030 0.0030 
251500 0.0030 0.0030 
251600 0.0030 0.0030 
251700 0.0030 0.0030 
251800 0.0030 0.0030 
251900 0.0030 0.0030 
252000 0.0030 0.0030 
252100 0.0030 0.0030 
252200 0.0030 0.0030 
252300 0.0030 0.0030 
252400 0.0030 0.0030 
252500 0.0030 0.0030 
252600 0.0030 0.0030 
252700 0.0030 0.0030 
252800 0.0030 0.0030 
252900 0.0030 0.0030 
253000 0.0030 0.0030 
253100 0.0030 0.0030 
253200 0.0030 0.0030 
253300 0.0030 0.0030 
253400 0.0030 0.0030 
253500 0.0030 0.0030 
253600 0.0030 0.0030 
253700 0.0030 0.0030 
253800 0.0030 0.0030 
253900 0.0030 0.0030 
254000 0.0030 0.0030 
254100 0.0030 0.0030 
254200 0.0030 0.0030 
254300 0.0030 0.0030 
254400 0.0030 0.0030 
254500 0.0030 0.0030 
254600 0.0030 0.0030 
254700 0.0030 0.0030 
254800 0.0030 0.0030 
254900 0.0030 0.0030 
255000 0.0030 0.0030 
255100 0.0030 0.0030 
255200 0.0030 0.0030 
255300 0.0030 0.0030 
255400 0.0030 0.0030 
255500 0.0030 0.0030 
255600 0.0030 0.0030 
255700 0.0030 0.0030 
255800 0.0030 0.0030 
255900 0.0030 0.0030 
256000 0.0030 0.0030 
256100 0.0030 0.0030 
256200 0.0030 0.0030 
256300 0.0030 0.0030 
256400 0.0030 0.0030 
256500 0.0030 0.0030 
256600 0.0030 0.0030 
256700 0.0030 0.0030 
256800 0.0030 0.0030 
256900 0.0030 0.0030 
257000 0.0030 0.0030 
257100 0.0030 0.0030 
257200 0.0030 0.0030 
257300 0.0030 0.0030 
257400 0.0030 0.0030 
257500 0.0030 0.0030 
257600 0.0030 0.0030 
257700 0.0030 0.0030 
257800 0.0030 0.0030 
257900 0.0030 0.0030 
258000 0.0030 0.0030 
258100 0.0030 0.0030 
258200 0.0030 0.0030 
258300 0.0030 0.0030 
258400 0.0030 0.0030 
258500 0.0030 0.0030 
258600 0.0030 0.0030 
258700 0.0030 0.0030 
258800 0.0030 0.0030 
258900 0.0030 0.0030 
259000 0.0030 0.0030 
259100 0.0030 0.0030 
259200 0.0030 0.0030 
259300 0.0030 0.0030 
259400 0.0030 0.0030 
259500 0.0030 0.0030 
259600 0.0030 0.0030 
259700 0.0030 0.0030 
259800 0.0030 0.0030 
259900 0.0030 0.0030 
260000 0.0030 0.0030 
260100 0.0030 0.0030 
260200 0.0030 0.0030 
260300 0.0030 0.0030 
260400 0.0030 0.0030 
260500 0.0030 0.0030 
260600 0.0030 0.0030 
260700 0.0030 0.0030 
260800 0.0030 0.0030 
260900 0.0030 0.0030 
261000 0.0030 0.0030 
261100 0.0030 0.0030 
261200 0.0030 0.0030 
261300 0.0030 0.0030 
261400 0.0030 0.0030 
261500 0.0030 0.0030 
261600 0.0030 0.0030 
261700 0.0030 0.0030 
261800 0.0030 0.0030 
261900 0.0030 0.0030 
262000 0.0030 0.0030 
262100 0.0030 0.0030 
262200 0.0030 0.0030 
262300 0.0030 0.0030 
262400 0.0030 0.0030 
262500 0.0030 0.0030 
262600 0.0030 0.0030 
262700 0.0030 0.0030 
262800 0.0030 0.0030 
262900 0.0030 0.0030 
263000 0.0030 0.0030 
263100 0.0030 0.0030 
263200 0.0030 0.0030 
263300 0.0030 0.0030 
263400 0.0030 0.0030 
263500 0.0030 0.0030 
263600 0.0030 0.0030 
263700 0.0030 0.0030 
263800 0.0030 0.0030 
263900 0.0030 0.0030 
264000 0.0030 0.0030 
264100 0.0030 0.0030 
264200 0.0030 0.0030 
264300 0.0030 0.0030 
264400 0.0030 0.0030 
264500 0.0030 0.0030 
264600 0.0030 0.0030 
264700 0.0030 0.0030 
264800 0.0030 0.0030 
264900 0.0030 0.0030 
265000 0.0030 0.0030 
265100 0.0030 0.0030 
265200 0.0030 0.0030 
265300 0.0030 0.0030 
265400 0.0030 0.0030 
265500 0.0030 0.0030 
265600 0.0030 0.0030 
265700 0.0030 0.0030 
265800 0.0030 0.0030 
265900 0.0030 0.0030 
266000 0.0030 0.0030 
266100 0.0030 0.0030 
266200 0.0030 0.0030 
266300 0.0030 0.0030 
266400 0.0030 0.0030 
266500 0.0030 0.0030 
266600 0.0030 0.0030 
266700 0.0030 0.0030 
266800 0.0030 0.0030 
266900 0.0030 0.0030 
267000 0.0030 0.0030 
267100 0.0030 0.0030 
267200 0.0030 0.0030 
267300 0.0030 0.0030 
267400 0.0030 0.0030 
267500 0.0030 0.0030 
267600 0.0030 0.0030 
267700 0.0030 0.0030 
267800 0.0030 0.0030 
267900 0.0030 0.0030 
268000 0.0030 0.0030 
268100 0.0030 0.0030 
268200 0.0030 0.0030 
268300 0.0030 0.0030 
268400 0.0030 0.0030 
268500 0.0030 0.0030 
268600 0.0030 0.0030 
268700 0.0030 0.0030 
268800 0.0030 0.0030 
268900 0.0030 0.0030 
269000 0.0030 0.0030 
269100 0.0030 0.0030 
269200 0.0030 0.0030 
269300 0.0030 0.0030 
269400 0.0030 0.0030 
269500 0.0030 0.0030 
269600 0.0030 0.0030 
269700 0.0030 0.0030 
269800 0.0030 0.0030 
269900 0.0030 0.0030 
270000 0.0030 0.0030 
270100 0.0030 0.0030 
270200 0.0030 0.0030 
270300 0.0030 0.0030 
270400 0.0030 0.0030 
270500 0.0030 0.0030 
270600 0.0030 0.0030 
270700 0.0030 0.0030 
270800 0.0030 0.0030 
270900 0.0030 0.0030 
271000 0.0030 0.0030 
271100 0.0030 0.0030 
271200 0.0030 0.0030 
271300 0.0030 0.0030 
271400 0.0030 0.0030 
271500 0.0030 0.0030 
271600 0.0030 0.0030 
271700 0.0030 0.0030 
271800 0.0030 0.0030 
271900 0.0030 0.0030 
272000 0.0030 0.0030 
272100 0.0030 0.0030 
272200 0.0030 0.0030 
272300 0.0030 0.0030 
272400 0.0030 0.0030 
272500 0.0030 0.0030 
272600 0.0030 0.0030 
272700 0.0030 0.0030 
272800 0.0030 0.0030 
272900 0.0030 0.0030 
273000 0.0030 0.0030 
273100 0.0030 0.0030 
273200 0.0030 0.0030 
273300 0.0030 0.0030 
273400 0.0030 0.0030 
273500 0.0030 0.0030 
273600 0.0030 0.0030 
273700 0.0030 0.0030 
273800 0.0030 0.0030 
273900 0.0030 0.0030 
274000 0.0030 0.0030 
274100 0.0030 0.0030 
274200 0.0030 0.0030 
274300 0.0030 0.0030 
274400 0.0030 0.0030 
274500 0.0030 0.0030 
274600 0.0030 0.0030 
274700 0.0030 0.0030 
274800 0.0030 0.0030 
274900 0.0030 0.0030 
275000 0.0030 0.0030 
275100 0.0030 0.0030 
275200 0.0030 0.0030 
275300 0.0030 0.0030 
275400 0.0030 0.0030 
275500 0.0030 0.0030 
275600 0.0030 0.0030 
275700 0.0030 0.0030 
275800 0.0030 0.0030 
275900 0.0030 0.0030 
276000 0.0030 0.0030 
276100 0.0030 0.0030 
276200 0.0030 0.0030 
276300 0.0030 0.0030 
276400 0.0030 0.0030 
276500 0.0030 0.0030 
276600 0.0030 0.0030 
276700 0.0030 0.0030 
276800 0.0030 0.0030 
276900 0.0030 0.0030 
277000 0.0030 0.0030 
277100 0.0030 0.0030 
277200 0.0030 0.0030 
277300 0.0030 0.0030 
277400 0.0030 0.0030 
277500 0.0030 0.0030 
277600 0.0030 0.0030 
277700 0.0030 0.0030 
277800 0.0030 0.0030 
277900 0.0030 0.0030 
278000 0.0030 0.0030 
278100 0.0030 0.0030 
278200 0.0030 0.0030 
278300 0.0030 0.0030 
278400 0.0030 0.0030 
278500 0.0030 0.0030 
278600 0.0030 0.0030 
278700 0.0030 0.0030 
278800 0.0030 0.0030 
278900 0.0030 0.0030 
279000 0.0030 0.0030 
279100 0.0030 0.0030 
279200 0.0030 0.0030 
279300 0.0030 0.0030 
279400 0.0030 0.0030 
279500 0.0030 0.0030 
279600 0.0030 0.0030 
279700 0.0030 0.0030 
279800 0.0030 0.0030 
279900 0.0030 0.0030 
280000 0.0030 0.0030 
280100 0.0030 0.0030 
280200 0.0030 0.0030 
280300 0.0030 0.0030 
280400 0.0030 0.0030 
280500 0.0030 0.0030 
280600 0.0030 0.0030 
280700 0.0030 0.0030 
280800 0.0030 0.0030 
280900 0.0030 0.0030 
281000 0.0030 0.0030 
281100 0.0030 0.0030 
281200 0.0030 0.0030 
281300 0.0030 0.0030 
281400 0.0030 0.0030 
281500 0.0030 0.0030 
281600 0.0030 0.0030 
281700 0.0030 0.0030 
281800 0.0030 0.0030 
281900 0.0030 0.0030 
282000 0.0030 0.0030 
282100 0.0030 0.0030 
282200 0.0030 0.0030 
282300 0.0030 0.0030 
282400 0.0030 0.0030 
282500 0.0030 0.0030 
282600 0.0030 0.0030 
282700 0.0030 0.0030 
282800 0.0030 0.0030 
282900 0.0030 0.0030 
283000 0.0030 0.0030 
283100 0.0030 0.0030 
283200 0.0030 0.0030 
283300 0.0030 0.0030 
283400 0.0030 0.0030 
283500 0.0030 0.0030 
283600 0.0030 0.0030 
283700 0.0030 0.0030 
283800 0.0030 0.0030 
283900 0.0030 0.0030 
284000 0.0030 0.0030 
284100 0.0030 0.0030 
284200 0.0030 0.0030 
284300 0.0030 0.0030 
284400 0.0030 0.0030 
284500 0.0030 0.0030 
284600 0.0030 0.0030 
284700 0.0030 0.0030 
284800 0.0030 0.0030 
284900 0.0030 0.0030 
285000 0.0030 0.0030 
285100 0.0030 0.0030 
285200 0.0030 0.0030 
285300 0.0030 0.0030 
285400 0.0030 0.0030 
285500 0.0030 0.0030 
285600 0.0030 0.0030 
285700 0.0030 0.0030 
285800 0.0030 0.0030 
285900 0.0030 0.0030 
286000 0.0030 0.0030 
286100 0.0030 0.0030 
286200 0.0030 0.0030 
286300 0.0030 0.0030 
286400 0.0030 0.0030 
286500 0.0030 0.0030 
286600 0.0030 0.0030 
286700 0.0030 0.0030 
286800 0.0030 0.0030 
286900 0.0030 0.0030 
287000 0.0030 0.0030 
287100 0.0030 0.0030 
287200 0.0030 0.0030 
287300 0.0030 0.0030 
287400 0.0030 0.0030 
287500 0.0030 0.0030 
287600 0.0030 0.0030 
287700 0.0030 0.0030 
287800 0.0030 0.0030 
287900 0.0030 0.0030 
288000 0.0030 0.0030 
288100 0.0030 0.0030 
288200 0.0030 0.0030 
288300 0.0030 0.0030 
288400 0.0030 0.0030 
288500 0.0030 0.0030 
288600 0.0030 0.0030 
288700 0.0030 0.0030 
288800 0.0030 0.0030 
288900 0.0030 0.0030 
289000 0.0030 0.0030 
289100 0.0030 0.0030 
289200 0.0030 0.0030 
289300 0.0030 0.0030 
289400 0.0030 0.0030 
289500 0.0030 0.0030 
289600 0.0030 0.0030 
289700 0.0030 0.0030 
289800 0.0030 0.0030 
289900 0.0030 0.0030 
290000 0.0030 0.0030 
290100 0.0030 0.0030 
290200 0.0030 0.0030 
290300 0.0030 0.0030 
290400 0.0030 0.0030 
290500 0.0030 0.0030 
290600 0.0030 0.0030 
290700 0.0030 0.0030 
290800 0.0030 0.0030 
290900 0.0030 0.0030 
291000 0.0030 0.0030 
291100 0.0030 0.0030 
291200 0.0030 0.0030 
291300 0.0030 0.0030 
291400 0.0030 0.0030 
291500 0.0030 0.0030 
291600 0.0030 0.0030 
291700 0.0030 0.0030 
291800 0.0030 0.0030 
291900 0.0030 0.0030 
292000 0.0030 0.0030 
292100 0.0030 0.0030 
292200 0.0030 0.0030 
292300 0.0030 0.0030 
292400 0.0030 0.0030 
292500 0.0030 0.0030 
292600 0.0030 0.0030 
292700 0.0030 0.0030 
292800 0.0030 0.0030 
292900 0.0030 0.0030 
293000 0.0030 0.0030 
293100 0.0030 0.0030 
293200 0.0030 0.0030 
293300 0.0030 0.0030 
293400 0.0030 0.0030 
293500 0.0030 0.0030 
293600 0.0030 0.0030 
293700 0.0030 0.0030 
293800 0.0030 0.0030 
293900 0.0030 0.0030 
294000 0.0030 0.0030 
294100 0.0030 0.0030 
294200 0.0030 0.0030 
294300 0.0030 0.0030 
294400 0.0030 0.0030 
294500 0.0030 0.0030 
294600 0.0030 0.0030 
294700 0.0030 0.0030 
294800 0.0030 0.0030 
294900 0.0030 0.0030 
295000 0.0030 0.0030 
295100 0.0030 0.0030 
295200 0.0030 0.0030 
295300 0.0030 0.0030 
295400 0.0030 0.0030 
295500 0.0030 0.0030 
295600 0.0030 0.0030 
295700 0.0030 0.0030 
295800 0.0030 0.0030 
295900 0.0030 0.0030 
296000 0.0030 0.0030 
296100 0.0030 0.0030 
296200 0.0030 0.0030 
296300 0.0030 0.0030 
296400 0.0030 0.0030 
296500 0.0030 0.0030 
296600 0.0030 0.0030 
296700 0.0030 0.0030 
296800 0.0030 0.0030 
296900 0.0030 0.0030 
297000 0.0030 0.0030 
297100 0.0030 0.0030 
297200 0.0030 0.0030 
297300 0.0030 0.0030 
297400 0.0030 0.0030 
297500 0.0030 0.0030 
297600 0.0030 0.0030 
297700 0.0030 0.0030 
297800 0.0030 0.0030 
297900 0.0030 0.0030 
298000 0.0030 0.0030 
298100 0.0030 0.0030 
298200 0.0030 0.0030 
298300 0.0030 0.0030 
298400 0.0030 0.0030 
298500 0.0030 0.0030 
298600 0.0030 0.0030 
298700 0.0030 0.0030 
298800 0.0030 0.0030 
298900 0.0030 0.0030 
299000 0.0030 0.0030 
299100 0.0030 0.0030 
299200 0.0030 0.0030 
299300 0.0030 0.0030 
299400 0.0030 0.0030 
299500 0.0030 0.0030 
299600 0.0030 0.0030 
299700 0.0030 0.0030 
299800 0.0030 0.0030 
299900 0.0030 0.0030 
300000 0.0030 0.0030 
