100 0.2271 0.2271 
200 0.2061 0.2061 
300 0.2061 0.2061 
400 0.2061 0.2061 
500 0.2061 0.2061 
600 0.2061 0.2061 
700 0.2061 0.2061 
800 0.2061 0.2061 
900 0.1820 0.1820 
1000 0.1820 0.1820 
1100 0.1820 0.1820 
1200 0.1820 0.1820 
1300 0.1811 0.1811 
1400 0.1811 0.1811 
1500 0.1772 0.1772 
1600 0.1772 0.1772 
1700 0.1641 0.1641 
1800 0.1641 0.1641 
1900 0.1639 0.1639 
2000 0.1639 0.1639 
2100 0.1639 0.1639 
2200 0.1639 0.1639 
2300 0.1630 0.1630 
2400 0.1630 0.1630 
2500 0.1630 0.1630 
2600 0.1630 0.1630 
2700 0.1630 0.1630 
2800 0.1630 0.1630 
2900 0.1505 0.1505 
3000 0.1505 0.1505 
3100 0.1505 0.1505 
3200 0.1505 0.1505 
3300 0.1154 0.1154 
3400 0.1154 0.1154 
3500 0.1154 0.1154 
3600 0.1154 0.1154 
3700 0.1072 0.1072 
3800 0.1072 0.1072 
3900 0.1072 0.1072 
4000 0.1072 0.1072 
4100 0.1072 0.1072 
4200 0.1072 0.1072 
4300 0.1072 0.1072 
4400 0.1051 0.1051 
4500 0.1042 0.1042 
4600 0.1042 0.1042 
4700 0.1042 0.1042 
4800 0.1042 0.1042 
4900 0.0938 0.0938 
5000 0.0938 0.0938 
5100 0.0938 0.0938 
5200 0.0937 0.0937 
5300 0.0937 0.0937 
5400 0.0937 0.0937 
5500 0.0937 0.0937 
5600 0.0937 0.0937 
5700 0.0937 0.0937 
5800 0.0937 0.0937 
5900 0.0937 0.0937 
6000 0.0937 0.0937 
6100 0.0937 0.0937 
6200 0.0912 0.0912 
6300 0.0912 0.0912 
6400 0.0739 0.0739 
6500 0.0739 0.0739 
6600 0.0739 0.0739 
6700 0.0739 0.0739 
6800 0.0739 0.0739 
6900 0.0739 0.0739 
7000 0.0723 0.0723 
7100 0.0723 0.0723 
7200 0.0723 0.0723 
7300 0.0699 0.0699 
7400 0.0699 0.0699 
7500 0.0699 0.0699 
7600 0.0699 0.0699 
7700 0.0699 0.0699 
7800 0.0699 0.0699 
7900 0.0699 0.0699 
8000 0.0699 0.0699 
8100 0.0652 0.0652 
8200 0.0652 0.0652 
8300 0.0652 0.0652 
8400 0.0652 0.0652 
8500 0.0641 0.0641 
8600 0.0641 0.0641 
8700 0.0641 0.0641 
8800 0.0641 0.0641 
8900 0.0539 0.0539 
9000 0.0539 0.0539 
9100 0.0539 0.0539 
9200 0.0539 0.0539 
9300 0.0539 0.0539 
9400 0.0539 0.0539 
9500 0.0539 0.0539 
9600 0.0539 0.0539 
9700 0.0539 0.0539 
9800 0.0539 0.0539 
9900 0.0539 0.0539 
10000 0.0539 0.0539 
10100 0.0539 0.0539 
10200 0.0539 0.0539 
10300 0.0539 0.0539 
10400 0.0539 0.0539 
10500 0.0539 0.0539 
10600 0.0539 0.0539 
10700 0.0539 0.0539 
10800 0.0539 0.0539 
10900 0.0539 0.0539 
11000 0.0539 0.0539 
11100 0.0539 0.0539 
11200 0.0539 0.0539 
11300 0.0539 0.0539 
11400 0.0539 0.0539 
11500 0.0539 0.0539 
11600 0.0539 0.0539 
11700 0.0516 0.0516 
11800 0.0516 0.0516 
11900 0.0516 0.0516 
12000 0.0516 0.0516 
12100 0.0516 0.0516 
12200 0.0516 0.0516 
12300 0.0516 0.0516 
12400 0.0516 0.0516 
12500 0.0516 0.0516 
12600 0.0516 0.0516 
12700 0.0516 0.0516 
12800 0.0516 0.0516 
12900 0.0516 0.0516 
13000 0.0516 0.0516 
13100 0.0516 0.0516 
13200 0.0516 0.0516 
13300 0.0516 0.0516 
13400 0.0516 0.0516 
13500 0.0516 0.0516 
13600 0.0515 0.0515 
13700 0.0515 0.0515 
13800 0.0515 0.0515 
13900 0.0515 0.0515 
14000 0.0515 0.0515 
14100 0.0515 0.0515 
14200 0.0515 0.0515 
14300 0.0515 0.0515 
14400 0.0515 0.0515 
14500 0.0515 0.0515 
14600 0.0515 0.0515 
14700 0.0515 0.0515 
14800 0.0515 0.0515 
14900 0.0515 0.0515 
15000 0.0515 0.0515 
15100 0.0515 0.0515 
15200 0.0515 0.0515 
15300 0.0515 0.0515 
15400 0.0515 0.0515 
15500 0.0515 0.0515 
15600 0.0515 0.0515 
15700 0.0515 0.0515 
15800 0.0515 0.0515 
15900 0.0515 0.0515 
16000 0.0515 0.0515 
16100 0.0515 0.0515 
16200 0.0515 0.0515 
16300 0.0515 0.0515 
16400 0.0515 0.0515 
16500 0.0515 0.0515 
16600 0.0515 0.0515 
16700 0.0515 0.0515 
16800 0.0515 0.0515 
16900 0.0515 0.0515 
17000 0.0515 0.0515 
17100 0.0515 0.0515 
17200 0.0515 0.0515 
17300 0.0515 0.0515 
17400 0.0515 0.0515 
17500 0.0515 0.0515 
17600 0.0515 0.0515 
17700 0.0515 0.0515 
17800 0.0515 0.0515 
17900 0.0515 0.0515 
18000 0.0515 0.0515 
18100 0.0515 0.0515 
18200 0.0515 0.0515 
18300 0.0515 0.0515 
18400 0.0515 0.0515 
18500 0.0515 0.0515 
18600 0.0515 0.0515 
18700 0.0515 0.0515 
18800 0.0515 0.0515 
18900 0.0513 0.0513 
19000 0.0513 0.0513 
19100 0.0513 0.0513 
19200 0.0513 0.0513 
19300 0.0513 0.0513 
19400 0.0513 0.0513 
19500 0.0513 0.0513 
19600 0.0513 0.0513 
19700 0.0513 0.0513 
19800 0.0513 0.0513 
19900 0.0513 0.0513 
20000 0.0513 0.0513 
20100 0.0513 0.0513 
20200 0.0511 0.0511 
20300 0.0511 0.0511 
20400 0.0511 0.0511 
20500 0.0511 0.0511 
20600 0.0511 0.0511 
20700 0.0511 0.0511 
20800 0.0511 0.0511 
20900 0.0511 0.0511 
21000 0.0511 0.0511 
21100 0.0511 0.0511 
21200 0.0511 0.0511 
21300 0.0511 0.0511 
21400 0.0511 0.0511 
21500 0.0511 0.0511 
21600 0.0511 0.0511 
21700 0.0511 0.0511 
21800 0.0511 0.0511 
21900 0.0511 0.0511 
22000 0.0511 0.0511 
22100 0.0511 0.0511 
22200 0.0511 0.0511 
22300 0.0511 0.0511 
22400 0.0511 0.0511 
22500 0.0511 0.0511 
22600 0.0511 0.0511 
22700 0.0511 0.0511 
22800 0.0511 0.0511 
22900 0.0511 0.0511 
23000 0.0511 0.0511 
23100 0.0511 0.0511 
23200 0.0511 0.0511 
23300 0.0511 0.0511 
23400 0.0511 0.0511 
23500 0.0511 0.0511 
23600 0.0511 0.0511 
23700 0.0511 0.0511 
23800 0.0511 0.0511 
23900 0.0511 0.0511 
24000 0.0511 0.0511 
24100 0.0511 0.0511 
24200 0.0511 0.0511 
24300 0.0511 0.0511 
24400 0.0511 0.0511 
24500 0.0511 0.0511 
24600 0.0511 0.0511 
24700 0.0511 0.0511 
24800 0.0511 0.0511 
24900 0.0511 0.0511 
25000 0.0511 0.0511 
25100 0.0511 0.0511 
25200 0.0511 0.0511 
25300 0.0511 0.0511 
25400 0.0511 0.0511 
25500 0.0511 0.0511 
25600 0.0511 0.0511 
25700 0.0511 0.0511 
25800 0.0511 0.0511 
25900 0.0511 0.0511 
26000 0.0511 0.0511 
26100 0.0511 0.0511 
26200 0.0511 0.0511 
26300 0.0511 0.0511 
26400 0.0511 0.0511 
26500 0.0511 0.0511 
26600 0.0511 0.0511 
26700 0.0511 0.0511 
26800 0.0511 0.0511 
26900 0.0511 0.0511 
27000 0.0511 0.0511 
27100 0.0511 0.0511 
27200 0.0511 0.0511 
27300 0.0511 0.0511 
27400 0.0511 0.0511 
27500 0.0511 0.0511 
27600 0.0511 0.0511 
27700 0.0511 0.0511 
27800 0.0511 0.0511 
27900 0.0511 0.0511 
28000 0.0511 0.0511 
28100 0.0511 0.0511 
28200 0.0511 0.0511 
28300 0.0511 0.0511 
28400 0.0511 0.0511 
28500 0.0511 0.0511 
28600 0.0511 0.0511 
28700 0.0511 0.0511 
28800 0.0511 0.0511 
28900 0.0511 0.0511 
29000 0.0511 0.0511 
29100 0.0511 0.0511 
29200 0.0511 0.0511 
29300 0.0511 0.0511 
29400 0.0511 0.0511 
29500 0.0511 0.0511 
29600 0.0511 0.0511 
29700 0.0511 0.0511 
29800 0.0511 0.0511 
29900 0.0511 0.0511 
30000 0.0511 0.0511 
30100 0.0511 0.0511 
30200 0.0511 0.0511 
30300 0.0511 0.0511 
30400 0.0511 0.0511 
30500 0.0511 0.0511 
30600 0.0511 0.0511 
30700 0.0511 0.0511 
30800 0.0511 0.0511 
30900 0.0511 0.0511 
31000 0.0511 0.0511 
31100 0.0511 0.0511 
31200 0.0511 0.0511 
31300 0.0511 0.0511 
31400 0.0511 0.0511 
31500 0.0511 0.0511 
31600 0.0511 0.0511 
31700 0.0511 0.0511 
31800 0.0511 0.0511 
31900 0.0511 0.0511 
32000 0.0511 0.0511 
32100 0.0511 0.0511 
32200 0.0511 0.0511 
32300 0.0511 0.0511 
32400 0.0511 0.0511 
32500 0.0511 0.0511 
32600 0.0511 0.0511 
32700 0.0511 0.0511 
32800 0.0511 0.0511 
32900 0.0511 0.0511 
33000 0.0511 0.0511 
33100 0.0511 0.0511 
33200 0.0511 0.0511 
33300 0.0511 0.0511 
33400 0.0511 0.0511 
33500 0.0511 0.0511 
33600 0.0511 0.0511 
33700 0.0511 0.0511 
33800 0.0511 0.0511 
33900 0.0511 0.0511 
34000 0.0511 0.0511 
34100 0.0511 0.0511 
34200 0.0511 0.0511 
34300 0.0511 0.0511 
34400 0.0511 0.0511 
34500 0.0511 0.0511 
34600 0.0511 0.0511 
34700 0.0511 0.0511 
34800 0.0511 0.0511 
34900 0.0511 0.0511 
35000 0.0511 0.0511 
35100 0.0511 0.0511 
35200 0.0511 0.0511 
35300 0.0511 0.0511 
35400 0.0511 0.0511 
35500 0.0511 0.0511 
35600 0.0511 0.0511 
35700 0.0511 0.0511 
35800 0.0511 0.0511 
35900 0.0511 0.0511 
36000 0.0511 0.0511 
36100 0.0511 0.0511 
36200 0.0511 0.0511 
36300 0.0511 0.0511 
36400 0.0511 0.0511 
36500 0.0511 0.0511 
36600 0.0511 0.0511 
36700 0.0511 0.0511 
36800 0.0511 0.0511 
36900 0.0511 0.0511 
37000 0.0511 0.0511 
37100 0.0511 0.0511 
37200 0.0511 0.0511 
37300 0.0511 0.0511 
37400 0.0511 0.0511 
37500 0.0511 0.0511 
37600 0.0511 0.0511 
37700 0.0511 0.0511 
37800 0.0511 0.0511 
37900 0.0511 0.0511 
38000 0.0511 0.0511 
38100 0.0511 0.0511 
38200 0.0511 0.0511 
38300 0.0511 0.0511 
38400 0.0511 0.0511 
38500 0.0511 0.0511 
38600 0.0511 0.0511 
38700 0.0511 0.0511 
38800 0.0511 0.0511 
38900 0.0511 0.0511 
39000 0.0511 0.0511 
39100 0.0511 0.0511 
39200 0.0511 0.0511 
39300 0.0511 0.0511 
39400 0.0511 0.0511 
39500 0.0511 0.0511 
39600 0.0511 0.0511 
39700 0.0511 0.0511 
39800 0.0511 0.0511 
39900 0.0511 0.0511 
40000 0.0511 0.0511 
40100 0.0511 0.0511 
40200 0.0511 0.0511 
40300 0.0511 0.0511 
40400 0.0511 0.0511 
40500 0.0511 0.0511 
40600 0.0511 0.0511 
40700 0.0511 0.0511 
40800 0.0511 0.0511 
40900 0.0511 0.0511 
41000 0.0511 0.0511 
41100 0.0511 0.0511 
41200 0.0511 0.0511 
41300 0.0511 0.0511 
41400 0.0511 0.0511 
41500 0.0511 0.0511 
41600 0.0511 0.0511 
41700 0.0511 0.0511 
41800 0.0511 0.0511 
41900 0.0511 0.0511 
42000 0.0511 0.0511 
42100 0.0511 0.0511 
42200 0.0511 0.0511 
42300 0.0511 0.0511 
42400 0.0511 0.0511 
42500 0.0511 0.0511 
42600 0.0511 0.0511 
42700 0.0511 0.0511 
42800 0.0511 0.0511 
42900 0.0511 0.0511 
43000 0.0511 0.0511 
43100 0.0511 0.0511 
43200 0.0511 0.0511 
43300 0.0511 0.0511 
43400 0.0511 0.0511 
43500 0.0511 0.0511 
43600 0.0511 0.0511 
43700 0.0511 0.0511 
43800 0.0511 0.0511 
43900 0.0511 0.0511 
44000 0.0511 0.0511 
44100 0.0511 0.0511 
44200 0.0511 0.0511 
44300 0.0511 0.0511 
44400 0.0511 0.0511 
44500 0.0511 0.0511 
44600 0.0511 0.0511 
44700 0.0511 0.0511 
44800 0.0511 0.0511 
44900 0.0511 0.0511 
45000 0.0511 0.0511 
45100 0.0511 0.0511 
45200 0.0511 0.0511 
45300 0.0511 0.0511 
45400 0.0511 0.0511 
45500 0.0511 0.0511 
45600 0.0511 0.0511 
45700 0.0511 0.0511 
45800 0.0511 0.0511 
45900 0.0511 0.0511 
46000 0.0511 0.0511 
46100 0.0511 0.0511 
46200 0.0511 0.0511 
46300 0.0511 0.0511 
46400 0.0511 0.0511 
46500 0.0511 0.0511 
46600 0.0511 0.0511 
46700 0.0511 0.0511 
46800 0.0511 0.0511 
46900 0.0511 0.0511 
47000 0.0511 0.0511 
47100 0.0511 0.0511 
47200 0.0511 0.0511 
47300 0.0511 0.0511 
47400 0.0511 0.0511 
47500 0.0511 0.0511 
47600 0.0511 0.0511 
47700 0.0511 0.0511 
47800 0.0511 0.0511 
47900 0.0511 0.0511 
48000 0.0511 0.0511 
48100 0.0511 0.0511 
48200 0.0511 0.0511 
48300 0.0511 0.0511 
48400 0.0511 0.0511 
48500 0.0511 0.0511 
48600 0.0511 0.0511 
48700 0.0511 0.0511 
48800 0.0511 0.0511 
48900 0.0511 0.0511 
49000 0.0511 0.0511 
49100 0.0511 0.0511 
49200 0.0511 0.0511 
49300 0.0511 0.0511 
49400 0.0511 0.0511 
49500 0.0511 0.0511 
49600 0.0511 0.0511 
49700 0.0511 0.0511 
49800 0.0511 0.0511 
49900 0.0511 0.0511 
50000 0.0511 0.0511 
50100 0.0511 0.0511 
50200 0.0511 0.0511 
50300 0.0511 0.0511 
50400 0.0511 0.0511 
50500 0.0511 0.0511 
50600 0.0511 0.0511 
50700 0.0511 0.0511 
50800 0.0511 0.0511 
50900 0.0511 0.0511 
51000 0.0511 0.0511 
51100 0.0511 0.0511 
51200 0.0511 0.0511 
51300 0.0511 0.0511 
51400 0.0511 0.0511 
51500 0.0511 0.0511 
51600 0.0511 0.0511 
51700 0.0511 0.0511 
51800 0.0511 0.0511 
51900 0.0511 0.0511 
52000 0.0511 0.0511 
52100 0.0511 0.0511 
52200 0.0511 0.0511 
52300 0.0511 0.0511 
52400 0.0511 0.0511 
52500 0.0511 0.0511 
52600 0.0511 0.0511 
52700 0.0511 0.0511 
52800 0.0511 0.0511 
52900 0.0511 0.0511 
53000 0.0511 0.0511 
53100 0.0511 0.0511 
53200 0.0511 0.0511 
53300 0.0511 0.0511 
53400 0.0511 0.0511 
53500 0.0511 0.0511 
53600 0.0511 0.0511 
53700 0.0511 0.0511 
53800 0.0511 0.0511 
53900 0.0511 0.0511 
54000 0.0511 0.0511 
54100 0.0511 0.0511 
54200 0.0511 0.0511 
54300 0.0511 0.0511 
54400 0.0511 0.0511 
54500 0.0511 0.0511 
54600 0.0511 0.0511 
54700 0.0511 0.0511 
54800 0.0511 0.0511 
54900 0.0511 0.0511 
55000 0.0511 0.0511 
55100 0.0511 0.0511 
55200 0.0511 0.0511 
55300 0.0511 0.0511 
55400 0.0511 0.0511 
55500 0.0511 0.0511 
55600 0.0511 0.0511 
55700 0.0511 0.0511 
55800 0.0511 0.0511 
55900 0.0511 0.0511 
56000 0.0511 0.0511 
56100 0.0511 0.0511 
56200 0.0511 0.0511 
56300 0.0511 0.0511 
56400 0.0511 0.0511 
56500 0.0511 0.0511 
56600 0.0511 0.0511 
56700 0.0511 0.0511 
56800 0.0511 0.0511 
56900 0.0511 0.0511 
57000 0.0511 0.0511 
57100 0.0511 0.0511 
57200 0.0511 0.0511 
57300 0.0511 0.0511 
57400 0.0511 0.0511 
57500 0.0511 0.0511 
57600 0.0511 0.0511 
57700 0.0511 0.0511 
57800 0.0511 0.0511 
57900 0.0511 0.0511 
58000 0.0511 0.0511 
58100 0.0511 0.0511 
58200 0.0511 0.0511 
58300 0.0511 0.0511 
58400 0.0511 0.0511 
58500 0.0511 0.0511 
58600 0.0511 0.0511 
58700 0.0511 0.0511 
58800 0.0511 0.0511 
58900 0.0511 0.0511 
59000 0.0511 0.0511 
59100 0.0511 0.0511 
59200 0.0511 0.0511 
59300 0.0511 0.0511 
59400 0.0511 0.0511 
59500 0.0511 0.0511 
59600 0.0511 0.0511 
59700 0.0511 0.0511 
59800 0.0511 0.0511 
59900 0.0511 0.0511 
60000 0.0511 0.0511 
60100 0.0511 0.0511 
60200 0.0511 0.0511 
60300 0.0511 0.0511 
60400 0.0511 0.0511 
60500 0.0511 0.0511 
60600 0.0511 0.0511 
60700 0.0511 0.0511 
60800 0.0511 0.0511 
60900 0.0511 0.0511 
61000 0.0511 0.0511 
61100 0.0511 0.0511 
61200 0.0511 0.0511 
61300 0.0511 0.0511 
61400 0.0511 0.0511 
61500 0.0511 0.0511 
61600 0.0511 0.0511 
61700 0.0511 0.0511 
61800 0.0511 0.0511 
61900 0.0511 0.0511 
62000 0.0511 0.0511 
62100 0.0511 0.0511 
62200 0.0511 0.0511 
62300 0.0511 0.0511 
62400 0.0511 0.0511 
62500 0.0511 0.0511 
62600 0.0511 0.0511 
62700 0.0511 0.0511 
62800 0.0511 0.0511 
62900 0.0511 0.0511 
63000 0.0511 0.0511 
63100 0.0511 0.0511 
63200 0.0511 0.0511 
63300 0.0511 0.0511 
63400 0.0511 0.0511 
63500 0.0511 0.0511 
63600 0.0511 0.0511 
63700 0.0511 0.0511 
63800 0.0511 0.0511 
63900 0.0511 0.0511 
64000 0.0511 0.0511 
64100 0.0511 0.0511 
64200 0.0511 0.0511 
64300 0.0511 0.0511 
64400 0.0511 0.0511 
64500 0.0511 0.0511 
64600 0.0511 0.0511 
64700 0.0511 0.0511 
64800 0.0511 0.0511 
64900 0.0511 0.0511 
65000 0.0511 0.0511 
65100 0.0511 0.0511 
65200 0.0511 0.0511 
65300 0.0511 0.0511 
65400 0.0511 0.0511 
65500 0.0511 0.0511 
65600 0.0511 0.0511 
65700 0.0511 0.0511 
65800 0.0511 0.0511 
65900 0.0511 0.0511 
66000 0.0511 0.0511 
66100 0.0511 0.0511 
66200 0.0511 0.0511 
66300 0.0511 0.0511 
66400 0.0511 0.0511 
66500 0.0511 0.0511 
66600 0.0511 0.0511 
66700 0.0511 0.0511 
66800 0.0511 0.0511 
66900 0.0511 0.0511 
67000 0.0511 0.0511 
67100 0.0511 0.0511 
67200 0.0511 0.0511 
67300 0.0511 0.0511 
67400 0.0511 0.0511 
67500 0.0511 0.0511 
67600 0.0511 0.0511 
67700 0.0511 0.0511 
67800 0.0511 0.0511 
67900 0.0511 0.0511 
68000 0.0511 0.0511 
68100 0.0511 0.0511 
68200 0.0511 0.0511 
68300 0.0511 0.0511 
68400 0.0511 0.0511 
68500 0.0511 0.0511 
68600 0.0511 0.0511 
68700 0.0511 0.0511 
68800 0.0511 0.0511 
68900 0.0511 0.0511 
69000 0.0511 0.0511 
69100 0.0511 0.0511 
69200 0.0511 0.0511 
69300 0.0511 0.0511 
69400 0.0511 0.0511 
69500 0.0511 0.0511 
69600 0.0511 0.0511 
69700 0.0511 0.0511 
69800 0.0511 0.0511 
69900 0.0401 0.0401 
70000 0.0401 0.0401 
70100 0.0401 0.0401 
70200 0.0401 0.0401 
70300 0.0401 0.0401 
70400 0.0401 0.0401 
70500 0.0401 0.0401 
70600 0.0401 0.0401 
70700 0.0401 0.0401 
70800 0.0401 0.0401 
70900 0.0401 0.0401 
71000 0.0401 0.0401 
71100 0.0401 0.0401 
71200 0.0401 0.0401 
71300 0.0401 0.0401 
71400 0.0401 0.0401 
71500 0.0401 0.0401 
71600 0.0401 0.0401 
71700 0.0401 0.0401 
71800 0.0401 0.0401 
71900 0.0401 0.0401 
72000 0.0401 0.0401 
72100 0.0401 0.0401 
72200 0.0401 0.0401 
72300 0.0401 0.0401 
72400 0.0401 0.0401 
72500 0.0401 0.0401 
72600 0.0401 0.0401 
72700 0.0401 0.0401 
72800 0.0401 0.0401 
72900 0.0401 0.0401 
73000 0.0401 0.0401 
73100 0.0401 0.0401 
73200 0.0401 0.0401 
73300 0.0401 0.0401 
73400 0.0401 0.0401 
73500 0.0401 0.0401 
73600 0.0401 0.0401 
73700 0.0401 0.0401 
73800 0.0401 0.0401 
73900 0.0401 0.0401 
74000 0.0401 0.0401 
74100 0.0401 0.0401 
74200 0.0401 0.0401 
74300 0.0401 0.0401 
74400 0.0401 0.0401 
74500 0.0401 0.0401 
74600 0.0401 0.0401 
74700 0.0401 0.0401 
74800 0.0401 0.0401 
74900 0.0401 0.0401 
75000 0.0401 0.0401 
75100 0.0401 0.0401 
75200 0.0401 0.0401 
75300 0.0401 0.0401 
75400 0.0401 0.0401 
75500 0.0401 0.0401 
75600 0.0401 0.0401 
75700 0.0401 0.0401 
75800 0.0401 0.0401 
75900 0.0401 0.0401 
76000 0.0401 0.0401 
76100 0.0401 0.0401 
76200 0.0401 0.0401 
76300 0.0401 0.0401 
76400 0.0401 0.0401 
76500 0.0401 0.0401 
76600 0.0401 0.0401 
76700 0.0401 0.0401 
76800 0.0401 0.0401 
76900 0.0401 0.0401 
77000 0.0401 0.0401 
77100 0.0401 0.0401 
77200 0.0401 0.0401 
77300 0.0308 0.0308 
77400 0.0308 0.0308 
77500 0.0308 0.0308 
77600 0.0308 0.0308 
77700 0.0308 0.0308 
77800 0.0308 0.0308 
77900 0.0308 0.0308 
78000 0.0308 0.0308 
78100 0.0305 0.0305 
78200 0.0305 0.0305 
78300 0.0305 0.0305 
78400 0.0305 0.0305 
78500 0.0305 0.0305 
78600 0.0305 0.0305 
78700 0.0305 0.0305 
78800 0.0305 0.0305 
78900 0.0305 0.0305 
79000 0.0297 0.0297 
79100 0.0297 0.0297 
79200 0.0297 0.0297 
79300 0.0297 0.0297 
79400 0.0297 0.0297 
79500 0.0297 0.0297 
79600 0.0297 0.0297 
79700 0.0297 0.0297 
79800 0.0144 0.0144 
79900 0.0144 0.0144 
80000 0.0144 0.0144 
80100 0.0144 0.0144 
80200 0.0144 0.0144 
80300 0.0144 0.0144 
80400 0.0144 0.0144 
80500 0.0144 0.0144 
80600 0.0144 0.0144 
80700 0.0144 0.0144 
80800 0.0144 0.0144 
80900 0.0140 0.0140 
81000 0.0140 0.0140 
81100 0.0140 0.0140 
81200 0.0140 0.0140 
81300 0.0140 0.0140 
81400 0.0140 0.0140 
81500 0.0140 0.0140 
81600 0.0140 0.0140 
81700 0.0140 0.0140 
81800 0.0105 0.0105 
81900 0.0105 0.0105 
82000 0.0105 0.0105 
82100 0.0105 0.0105 
82200 0.0105 0.0105 
82300 0.0105 0.0105 
82400 0.0105 0.0105 
82500 0.0105 0.0105 
82600 0.0105 0.0105 
82700 0.0105 0.0105 
82800 0.0105 0.0105 
82900 0.0105 0.0105 
83000 0.0105 0.0105 
83100 0.0105 0.0105 
83200 0.0105 0.0105 
83300 0.0105 0.0105 
83400 0.0105 0.0105 
83500 0.0105 0.0105 
83600 0.0105 0.0105 
83700 0.0105 0.0105 
83800 0.0105 0.0105 
83900 0.0105 0.0105 
84000 0.0105 0.0105 
84100 0.0105 0.0105 
84200 0.0105 0.0105 
84300 0.0105 0.0105 
84400 0.0105 0.0105 
84500 0.0105 0.0105 
84600 0.0105 0.0105 
84700 0.0105 0.0105 
84800 0.0105 0.0105 
84900 0.0105 0.0105 
85000 0.0105 0.0105 
85100 0.0105 0.0105 
85200 0.0105 0.0105 
85300 0.0105 0.0105 
85400 0.0105 0.0105 
85500 0.0105 0.0105 
85600 0.0105 0.0105 
85700 0.0105 0.0105 
85800 0.0105 0.0105 
85900 0.0105 0.0105 
86000 0.0105 0.0105 
86100 0.0105 0.0105 
86200 0.0105 0.0105 
86300 0.0105 0.0105 
86400 0.0105 0.0105 
86500 0.0105 0.0105 
86600 0.0105 0.0105 
86700 0.0105 0.0105 
86800 0.0105 0.0105 
86900 0.0105 0.0105 
87000 0.0105 0.0105 
87100 0.0105 0.0105 
87200 0.0105 0.0105 
87300 0.0105 0.0105 
87400 0.0105 0.0105 
87500 0.0105 0.0105 
87600 0.0105 0.0105 
87700 0.0105 0.0105 
87800 0.0105 0.0105 
87900 0.0105 0.0105 
88000 0.0105 0.0105 
88100 0.0105 0.0105 
88200 0.0105 0.0105 
88300 0.0105 0.0105 
88400 0.0105 0.0105 
88500 0.0105 0.0105 
88600 0.0105 0.0105 
88700 0.0105 0.0105 
88800 0.0105 0.0105 
88900 0.0105 0.0105 
89000 0.0105 0.0105 
89100 0.0105 0.0105 
89200 0.0105 0.0105 
89300 0.0105 0.0105 
89400 0.0105 0.0105 
89500 0.0105 0.0105 
89600 0.0105 0.0105 
89700 0.0105 0.0105 
89800 0.0105 0.0105 
89900 0.0105 0.0105 
90000 0.0105 0.0105 
90100 0.0105 0.0105 
90200 0.0105 0.0105 
90300 0.0105 0.0105 
90400 0.0105 0.0105 
90500 0.0105 0.0105 
90600 0.0105 0.0105 
90700 0.0105 0.0105 
90800 0.0105 0.0105 
90900 0.0105 0.0105 
91000 0.0105 0.0105 
91100 0.0105 0.0105 
91200 0.0105 0.0105 
91300 0.0105 0.0105 
91400 0.0105 0.0105 
91500 0.0105 0.0105 
91600 0.0105 0.0105 
91700 0.0105 0.0105 
91800 0.0105 0.0105 
91900 0.0105 0.0105 
92000 0.0105 0.0105 
92100 0.0105 0.0105 
92200 0.0105 0.0105 
92300 0.0105 0.0105 
92400 0.0105 0.0105 
92500 0.0105 0.0105 
92600 0.0105 0.0105 
92700 0.0105 0.0105 
92800 0.0105 0.0105 
92900 0.0076 0.0076 
93000 0.0076 0.0076 
93100 0.0076 0.0076 
93200 0.0076 0.0076 
93300 0.0076 0.0076 
93400 0.0076 0.0076 
93500 0.0076 0.0076 
93600 0.0076 0.0076 
93700 0.0076 0.0076 
93800 0.0076 0.0076 
93900 0.0076 0.0076 
94000 0.0076 0.0076 
94100 0.0076 0.0076 
94200 0.0076 0.0076 
94300 0.0076 0.0076 
94400 0.0076 0.0076 
94500 0.0076 0.0076 
94600 0.0076 0.0076 
94700 0.0076 0.0076 
94800 0.0076 0.0076 
94900 0.0076 0.0076 
95000 0.0076 0.0076 
95100 0.0076 0.0076 
95200 0.0076 0.0076 
95300 0.0076 0.0076 
95400 0.0076 0.0076 
95500 0.0076 0.0076 
95600 0.0076 0.0076 
95700 0.0076 0.0076 
95800 0.0076 0.0076 
95900 0.0076 0.0076 
96000 0.0076 0.0076 
96100 0.0076 0.0076 
96200 0.0076 0.0076 
96300 0.0076 0.0076 
96400 0.0076 0.0076 
96500 0.0076 0.0076 
96600 0.0076 0.0076 
96700 0.0076 0.0076 
96800 0.0076 0.0076 
96900 0.0076 0.0076 
97000 0.0076 0.0076 
97100 0.0076 0.0076 
97200 0.0076 0.0076 
97300 0.0076 0.0076 
97400 0.0076 0.0076 
97500 0.0076 0.0076 
97600 0.0076 0.0076 
97700 0.0076 0.0076 
97800 0.0076 0.0076 
97900 0.0076 0.0076 
98000 0.0076 0.0076 
98100 0.0076 0.0076 
98200 0.0076 0.0076 
98300 0.0076 0.0076 
98400 0.0076 0.0076 
98500 0.0076 0.0076 
98600 0.0076 0.0076 
98700 0.0076 0.0076 
98800 0.0076 0.0076 
98900 0.0076 0.0076 
99000 0.0076 0.0076 
99100 0.0076 0.0076 
99200 0.0076 0.0076 
99300 0.0076 0.0076 
99400 0.0076 0.0076 
99500 0.0076 0.0076 
99600 0.0076 0.0076 
99700 0.0076 0.0076 
99800 0.0076 0.0076 
99900 0.0076 0.0076 
100000 0.0076 0.0076 
100100 0.0076 0.0076 
100200 0.0076 0.0076 
100300 0.0076 0.0076 
100400 0.0076 0.0076 
100500 0.0076 0.0076 
100600 0.0076 0.0076 
100700 0.0076 0.0076 
100800 0.0076 0.0076 
100900 0.0076 0.0076 
101000 0.0076 0.0076 
101100 0.0076 0.0076 
101200 0.0076 0.0076 
101300 0.0076 0.0076 
101400 0.0076 0.0076 
101500 0.0076 0.0076 
101600 0.0076 0.0076 
101700 0.0076 0.0076 
101800 0.0076 0.0076 
101900 0.0076 0.0076 
102000 0.0076 0.0076 
102100 0.0076 0.0076 
102200 0.0076 0.0076 
102300 0.0076 0.0076 
102400 0.0076 0.0076 
102500 0.0076 0.0076 
102600 0.0076 0.0076 
102700 0.0076 0.0076 
102800 0.0076 0.0076 
102900 0.0076 0.0076 
103000 0.0076 0.0076 
103100 0.0076 0.0076 
103200 0.0076 0.0076 
103300 0.0076 0.0076 
103400 0.0076 0.0076 
103500 0.0076 0.0076 
103600 0.0076 0.0076 
103700 0.0076 0.0076 
103800 0.0076 0.0076 
103900 0.0076 0.0076 
104000 0.0076 0.0076 
104100 0.0076 0.0076 
104200 0.0076 0.0076 
104300 0.0076 0.0076 
104400 0.0076 0.0076 
104500 0.0076 0.0076 
104600 0.0076 0.0076 
104700 0.0076 0.0076 
104800 0.0076 0.0076 
104900 0.0076 0.0076 
105000 0.0076 0.0076 
105100 0.0076 0.0076 
105200 0.0076 0.0076 
105300 0.0076 0.0076 
105400 0.0076 0.0076 
105500 0.0076 0.0076 
105600 0.0076 0.0076 
105700 0.0076 0.0076 
105800 0.0076 0.0076 
105900 0.0076 0.0076 
106000 0.0076 0.0076 
106100 0.0076 0.0076 
106200 0.0076 0.0076 
106300 0.0076 0.0076 
106400 0.0076 0.0076 
106500 0.0076 0.0076 
106600 0.0076 0.0076 
106700 0.0076 0.0076 
106800 0.0076 0.0076 
106900 0.0076 0.0076 
107000 0.0076 0.0076 
107100 0.0076 0.0076 
107200 0.0076 0.0076 
107300 0.0076 0.0076 
107400 0.0076 0.0076 
107500 0.0076 0.0076 
107600 0.0076 0.0076 
107700 0.0076 0.0076 
107800 0.0076 0.0076 
107900 0.0076 0.0076 
108000 0.0076 0.0076 
108100 0.0076 0.0076 
108200 0.0076 0.0076 
108300 0.0076 0.0076 
108400 0.0076 0.0076 
108500 0.0076 0.0076 
108600 0.0076 0.0076 
108700 0.0076 0.0076 
108800 0.0076 0.0076 
108900 0.0076 0.0076 
109000 0.0076 0.0076 
109100 0.0076 0.0076 
109200 0.0076 0.0076 
109300 0.0076 0.0076 
109400 0.0076 0.0076 
109500 0.0076 0.0076 
109600 0.0076 0.0076 
109700 0.0076 0.0076 
109800 0.0076 0.0076 
109900 0.0076 0.0076 
110000 0.0076 0.0076 
110100 0.0076 0.0076 
110200 0.0076 0.0076 
110300 0.0076 0.0076 
110400 0.0076 0.0076 
110500 0.0076 0.0076 
110600 0.0076 0.0076 
110700 0.0076 0.0076 
110800 0.0076 0.0076 
110900 0.0076 0.0076 
111000 0.0076 0.0076 
111100 0.0076 0.0076 
111200 0.0076 0.0076 
111300 0.0076 0.0076 
111400 0.0076 0.0076 
111500 0.0076 0.0076 
111600 0.0076 0.0076 
111700 0.0076 0.0076 
111800 0.0076 0.0076 
111900 0.0076 0.0076 
112000 0.0076 0.0076 
112100 0.0076 0.0076 
112200 0.0076 0.0076 
112300 0.0076 0.0076 
112400 0.0076 0.0076 
112500 0.0076 0.0076 
112600 0.0076 0.0076 
112700 0.0076 0.0076 
112800 0.0076 0.0076 
112900 0.0076 0.0076 
113000 0.0076 0.0076 
113100 0.0076 0.0076 
113200 0.0076 0.0076 
113300 0.0076 0.0076 
113400 0.0076 0.0076 
113500 0.0076 0.0076 
113600 0.0076 0.0076 
113700 0.0076 0.0076 
113800 0.0076 0.0076 
113900 0.0076 0.0076 
114000 0.0076 0.0076 
114100 0.0076 0.0076 
114200 0.0076 0.0076 
114300 0.0076 0.0076 
114400 0.0076 0.0076 
114500 0.0076 0.0076 
114600 0.0076 0.0076 
114700 0.0076 0.0076 
114800 0.0076 0.0076 
114900 0.0076 0.0076 
115000 0.0076 0.0076 
115100 0.0076 0.0076 
115200 0.0076 0.0076 
115300 0.0076 0.0076 
115400 0.0076 0.0076 
115500 0.0076 0.0076 
115600 0.0076 0.0076 
115700 0.0076 0.0076 
115800 0.0076 0.0076 
115900 0.0076 0.0076 
116000 0.0076 0.0076 
116100 0.0076 0.0076 
116200 0.0076 0.0076 
116300 0.0076 0.0076 
116400 0.0076 0.0076 
116500 0.0076 0.0076 
116600 0.0076 0.0076 
116700 0.0076 0.0076 
116800 0.0076 0.0076 
116900 0.0076 0.0076 
117000 0.0076 0.0076 
117100 0.0076 0.0076 
117200 0.0076 0.0076 
117300 0.0076 0.0076 
117400 0.0076 0.0076 
117500 0.0076 0.0076 
117600 0.0076 0.0076 
117700 0.0076 0.0076 
117800 0.0076 0.0076 
117900 0.0076 0.0076 
118000 0.0076 0.0076 
118100 0.0076 0.0076 
118200 0.0076 0.0076 
118300 0.0076 0.0076 
118400 0.0076 0.0076 
118500 0.0076 0.0076 
118600 0.0076 0.0076 
118700 0.0076 0.0076 
118800 0.0076 0.0076 
118900 0.0076 0.0076 
119000 0.0076 0.0076 
119100 0.0076 0.0076 
119200 0.0076 0.0076 
119300 0.0076 0.0076 
119400 0.0076 0.0076 
119500 0.0076 0.0076 
119600 0.0076 0.0076 
119700 0.0076 0.0076 
119800 0.0076 0.0076 
119900 0.0076 0.0076 
120000 0.0076 0.0076 
120100 0.0076 0.0076 
120200 0.0076 0.0076 
120300 0.0076 0.0076 
120400 0.0076 0.0076 
120500 0.0076 0.0076 
120600 0.0076 0.0076 
120700 0.0076 0.0076 
120800 0.0076 0.0076 
120900 0.0076 0.0076 
121000 0.0076 0.0076 
121100 0.0076 0.0076 
121200 0.0076 0.0076 
121300 0.0076 0.0076 
121400 0.0076 0.0076 
121500 0.0076 0.0076 
121600 0.0076 0.0076 
121700 0.0076 0.0076 
121800 0.0076 0.0076 
121900 0.0076 0.0076 
122000 0.0076 0.0076 
122100 0.0076 0.0076 
122200 0.0076 0.0076 
122300 0.0076 0.0076 
122400 0.0076 0.0076 
122500 0.0076 0.0076 
122600 0.0076 0.0076 
122700 0.0076 0.0076 
122800 0.0076 0.0076 
122900 0.0076 0.0076 
123000 0.0076 0.0076 
123100 0.0076 0.0076 
123200 0.0076 0.0076 
123300 0.0076 0.0076 
123400 0.0076 0.0076 
123500 0.0076 0.0076 
123600 0.0076 0.0076 
123700 0.0076 0.0076 
123800 0.0076 0.0076 
123900 0.0076 0.0076 
124000 0.0076 0.0076 
124100 0.0076 0.0076 
124200 0.0076 0.0076 
124300 0.0076 0.0076 
124400 0.0076 0.0076 
124500 0.0076 0.0076 
124600 0.0076 0.0076 
124700 0.0076 0.0076 
124800 0.0076 0.0076 
124900 0.0076 0.0076 
125000 0.0076 0.0076 
125100 0.0076 0.0076 
125200 0.0076 0.0076 
125300 0.0076 0.0076 
125400 0.0076 0.0076 
125500 0.0076 0.0076 
125600 0.0076 0.0076 
125700 0.0076 0.0076 
125800 0.0076 0.0076 
125900 0.0076 0.0076 
126000 0.0076 0.0076 
126100 0.0076 0.0076 
126200 0.0076 0.0076 
126300 0.0076 0.0076 
126400 0.0076 0.0076 
126500 0.0076 0.0076 
126600 0.0076 0.0076 
126700 0.0076 0.0076 
126800 0.0076 0.0076 
126900 0.0076 0.0076 
127000 0.0076 0.0076 
127100 0.0076 0.0076 
127200 0.0076 0.0076 
127300 0.0076 0.0076 
127400 0.0076 0.0076 
127500 0.0076 0.0076 
127600 0.0076 0.0076 
127700 0.0076 0.0076 
127800 0.0076 0.0076 
127900 0.0076 0.0076 
128000 0.0076 0.0076 
128100 0.0076 0.0076 
128200 0.0076 0.0076 
128300 0.0076 0.0076 
128400 0.0076 0.0076 
128500 0.0076 0.0076 
128600 0.0076 0.0076 
128700 0.0076 0.0076 
128800 0.0076 0.0076 
128900 0.0076 0.0076 
129000 0.0076 0.0076 
129100 0.0076 0.0076 
129200 0.0076 0.0076 
129300 0.0076 0.0076 
129400 0.0076 0.0076 
129500 0.0076 0.0076 
129600 0.0076 0.0076 
129700 0.0076 0.0076 
129800 0.0076 0.0076 
129900 0.0076 0.0076 
130000 0.0076 0.0076 
130100 0.0076 0.0076 
130200 0.0076 0.0076 
130300 0.0076 0.0076 
130400 0.0076 0.0076 
130500 0.0076 0.0076 
130600 0.0076 0.0076 
130700 0.0076 0.0076 
130800 0.0076 0.0076 
130900 0.0076 0.0076 
131000 0.0076 0.0076 
131100 0.0076 0.0076 
131200 0.0076 0.0076 
131300 0.0076 0.0076 
131400 0.0076 0.0076 
131500 0.0076 0.0076 
131600 0.0076 0.0076 
131700 0.0076 0.0076 
131800 0.0076 0.0076 
131900 0.0076 0.0076 
132000 0.0076 0.0076 
132100 0.0076 0.0076 
132200 0.0076 0.0076 
132300 0.0076 0.0076 
132400 0.0076 0.0076 
132500 0.0076 0.0076 
132600 0.0076 0.0076 
132700 0.0076 0.0076 
132800 0.0076 0.0076 
132900 0.0076 0.0076 
133000 0.0076 0.0076 
133100 0.0076 0.0076 
133200 0.0076 0.0076 
133300 0.0076 0.0076 
133400 0.0076 0.0076 
133500 0.0076 0.0076 
133600 0.0076 0.0076 
133700 0.0076 0.0076 
133800 0.0076 0.0076 
133900 0.0076 0.0076 
134000 0.0076 0.0076 
134100 0.0076 0.0076 
134200 0.0076 0.0076 
134300 0.0076 0.0076 
134400 0.0076 0.0076 
134500 0.0076 0.0076 
134600 0.0076 0.0076 
134700 0.0076 0.0076 
134800 0.0076 0.0076 
134900 0.0076 0.0076 
135000 0.0076 0.0076 
135100 0.0076 0.0076 
135200 0.0076 0.0076 
135300 0.0076 0.0076 
135400 0.0076 0.0076 
135500 0.0076 0.0076 
135600 0.0076 0.0076 
135700 0.0076 0.0076 
135800 0.0076 0.0076 
135900 0.0076 0.0076 
136000 0.0076 0.0076 
136100 0.0076 0.0076 
136200 0.0076 0.0076 
136300 0.0076 0.0076 
136400 0.0076 0.0076 
136500 0.0076 0.0076 
136600 0.0076 0.0076 
136700 0.0076 0.0076 
136800 0.0076 0.0076 
136900 0.0076 0.0076 
137000 0.0076 0.0076 
137100 0.0076 0.0076 
137200 0.0076 0.0076 
137300 0.0076 0.0076 
137400 0.0076 0.0076 
137500 0.0076 0.0076 
137600 0.0076 0.0076 
137700 0.0076 0.0076 
137800 0.0076 0.0076 
137900 0.0076 0.0076 
138000 0.0076 0.0076 
138100 0.0076 0.0076 
138200 0.0076 0.0076 
138300 0.0076 0.0076 
138400 0.0076 0.0076 
138500 0.0076 0.0076 
138600 0.0076 0.0076 
138700 0.0076 0.0076 
138800 0.0076 0.0076 
138900 0.0076 0.0076 
139000 0.0076 0.0076 
139100 0.0076 0.0076 
139200 0.0076 0.0076 
139300 0.0076 0.0076 
139400 0.0076 0.0076 
139500 0.0076 0.0076 
139600 0.0076 0.0076 
139700 0.0076 0.0076 
139800 0.0076 0.0076 
139900 0.0076 0.0076 
140000 0.0076 0.0076 
140100 0.0076 0.0076 
140200 0.0076 0.0076 
140300 0.0076 0.0076 
140400 0.0076 0.0076 
140500 0.0076 0.0076 
140600 0.0076 0.0076 
140700 0.0076 0.0076 
140800 0.0076 0.0076 
140900 0.0076 0.0076 
141000 0.0076 0.0076 
141100 0.0076 0.0076 
141200 0.0076 0.0076 
141300 0.0076 0.0076 
141400 0.0076 0.0076 
141500 0.0076 0.0076 
141600 0.0076 0.0076 
141700 0.0076 0.0076 
141800 0.0076 0.0076 
141900 0.0076 0.0076 
142000 0.0076 0.0076 
142100 0.0076 0.0076 
142200 0.0076 0.0076 
142300 0.0076 0.0076 
142400 0.0076 0.0076 
142500 0.0076 0.0076 
142600 0.0076 0.0076 
142700 0.0076 0.0076 
142800 0.0076 0.0076 
142900 0.0076 0.0076 
143000 0.0076 0.0076 
143100 0.0076 0.0076 
143200 0.0076 0.0076 
143300 0.0076 0.0076 
143400 0.0076 0.0076 
143500 0.0076 0.0076 
143600 0.0076 0.0076 
143700 0.0076 0.0076 
143800 0.0076 0.0076 
143900 0.0076 0.0076 
144000 0.0076 0.0076 
144100 0.0076 0.0076 
144200 0.0076 0.0076 
144300 0.0076 0.0076 
144400 0.0076 0.0076 
144500 0.0076 0.0076 
144600 0.0076 0.0076 
144700 0.0076 0.0076 
144800 0.0076 0.0076 
144900 0.0076 0.0076 
145000 0.0076 0.0076 
145100 0.0076 0.0076 
145200 0.0076 0.0076 
145300 0.0076 0.0076 
145400 0.0076 0.0076 
145500 0.0076 0.0076 
145600 0.0076 0.0076 
145700 0.0076 0.0076 
145800 0.0076 0.0076 
145900 0.0076 0.0076 
146000 0.0076 0.0076 
146100 0.0076 0.0076 
146200 0.0076 0.0076 
146300 0.0076 0.0076 
146400 0.0076 0.0076 
146500 0.0076 0.0076 
146600 0.0076 0.0076 
146700 0.0076 0.0076 
146800 0.0076 0.0076 
146900 0.0076 0.0076 
147000 0.0076 0.0076 
147100 0.0076 0.0076 
147200 0.0076 0.0076 
147300 0.0076 0.0076 
147400 0.0076 0.0076 
147500 0.0076 0.0076 
147600 0.0076 0.0076 
147700 0.0076 0.0076 
147800 0.0076 0.0076 
147900 0.0076 0.0076 
148000 0.0076 0.0076 
148100 0.0076 0.0076 
148200 0.0076 0.0076 
148300 0.0076 0.0076 
148400 0.0076 0.0076 
148500 0.0076 0.0076 
148600 0.0076 0.0076 
148700 0.0076 0.0076 
148800 0.0076 0.0076 
148900 0.0076 0.0076 
149000 0.0076 0.0076 
149100 0.0076 0.0076 
149200 0.0076 0.0076 
149300 0.0076 0.0076 
149400 0.0076 0.0076 
149500 0.0076 0.0076 
149600 0.0076 0.0076 
149700 0.0076 0.0076 
149800 0.0076 0.0076 
149900 0.0076 0.0076 
150000 0.0076 0.0076 
150100 0.0076 0.0076 
150200 0.0076 0.0076 
150300 0.0076 0.0076 
150400 0.0076 0.0076 
150500 0.0076 0.0076 
150600 0.0076 0.0076 
150700 0.0076 0.0076 
150800 0.0076 0.0076 
150900 0.0076 0.0076 
151000 0.0076 0.0076 
151100 0.0076 0.0076 
151200 0.0076 0.0076 
151300 0.0076 0.0076 
151400 0.0076 0.0076 
151500 0.0076 0.0076 
151600 0.0076 0.0076 
151700 0.0076 0.0076 
151800 0.0076 0.0076 
151900 0.0076 0.0076 
152000 0.0076 0.0076 
152100 0.0076 0.0076 
152200 0.0076 0.0076 
152300 0.0076 0.0076 
152400 0.0076 0.0076 
152500 0.0076 0.0076 
152600 0.0076 0.0076 
152700 0.0076 0.0076 
152800 0.0076 0.0076 
152900 0.0076 0.0076 
153000 0.0076 0.0076 
153100 0.0076 0.0076 
153200 0.0076 0.0076 
153300 0.0076 0.0076 
153400 0.0076 0.0076 
153500 0.0076 0.0076 
153600 0.0076 0.0076 
153700 0.0076 0.0076 
153800 0.0076 0.0076 
153900 0.0076 0.0076 
154000 0.0076 0.0076 
154100 0.0076 0.0076 
154200 0.0076 0.0076 
154300 0.0076 0.0076 
154400 0.0076 0.0076 
154500 0.0076 0.0076 
154600 0.0076 0.0076 
154700 0.0076 0.0076 
154800 0.0076 0.0076 
154900 0.0076 0.0076 
155000 0.0076 0.0076 
155100 0.0076 0.0076 
155200 0.0076 0.0076 
155300 0.0076 0.0076 
155400 0.0076 0.0076 
155500 0.0076 0.0076 
155600 0.0076 0.0076 
155700 0.0076 0.0076 
155800 0.0076 0.0076 
155900 0.0076 0.0076 
156000 0.0076 0.0076 
156100 0.0076 0.0076 
156200 0.0076 0.0076 
156300 0.0076 0.0076 
156400 0.0076 0.0076 
156500 0.0076 0.0076 
156600 0.0076 0.0076 
156700 0.0076 0.0076 
156800 0.0076 0.0076 
156900 0.0076 0.0076 
157000 0.0076 0.0076 
157100 0.0076 0.0076 
157200 0.0076 0.0076 
157300 0.0076 0.0076 
157400 0.0076 0.0076 
157500 0.0076 0.0076 
157600 0.0076 0.0076 
157700 0.0076 0.0076 
157800 0.0076 0.0076 
157900 0.0076 0.0076 
158000 0.0076 0.0076 
158100 0.0076 0.0076 
158200 0.0076 0.0076 
158300 0.0076 0.0076 
158400 0.0076 0.0076 
158500 0.0076 0.0076 
158600 0.0076 0.0076 
158700 0.0076 0.0076 
158800 0.0076 0.0076 
158900 0.0076 0.0076 
159000 0.0076 0.0076 
159100 0.0076 0.0076 
159200 0.0076 0.0076 
159300 0.0076 0.0076 
159400 0.0076 0.0076 
159500 0.0076 0.0076 
159600 0.0076 0.0076 
159700 0.0076 0.0076 
159800 0.0076 0.0076 
159900 0.0076 0.0076 
160000 0.0076 0.0076 
160100 0.0076 0.0076 
160200 0.0076 0.0076 
160300 0.0076 0.0076 
160400 0.0076 0.0076 
160500 0.0076 0.0076 
160600 0.0076 0.0076 
160700 0.0076 0.0076 
160800 0.0076 0.0076 
160900 0.0076 0.0076 
161000 0.0076 0.0076 
161100 0.0076 0.0076 
161200 0.0076 0.0076 
161300 0.0076 0.0076 
161400 0.0076 0.0076 
161500 0.0076 0.0076 
161600 0.0076 0.0076 
161700 0.0076 0.0076 
161800 0.0076 0.0076 
161900 0.0076 0.0076 
162000 0.0076 0.0076 
162100 0.0076 0.0076 
162200 0.0076 0.0076 
162300 0.0076 0.0076 
162400 0.0076 0.0076 
162500 0.0076 0.0076 
162600 0.0076 0.0076 
162700 0.0076 0.0076 
162800 0.0076 0.0076 
162900 0.0076 0.0076 
163000 0.0076 0.0076 
163100 0.0076 0.0076 
163200 0.0076 0.0076 
163300 0.0076 0.0076 
163400 0.0076 0.0076 
163500 0.0076 0.0076 
163600 0.0076 0.0076 
163700 0.0076 0.0076 
163800 0.0076 0.0076 
163900 0.0076 0.0076 
164000 0.0076 0.0076 
164100 0.0076 0.0076 
164200 0.0076 0.0076 
164300 0.0076 0.0076 
164400 0.0076 0.0076 
164500 0.0076 0.0076 
164600 0.0076 0.0076 
164700 0.0076 0.0076 
164800 0.0076 0.0076 
164900 0.0076 0.0076 
165000 0.0076 0.0076 
165100 0.0076 0.0076 
165200 0.0076 0.0076 
165300 0.0076 0.0076 
165400 0.0076 0.0076 
165500 0.0076 0.0076 
165600 0.0076 0.0076 
165700 0.0076 0.0076 
165800 0.0076 0.0076 
165900 0.0076 0.0076 
166000 0.0076 0.0076 
166100 0.0076 0.0076 
166200 0.0076 0.0076 
166300 0.0076 0.0076 
166400 0.0076 0.0076 
166500 0.0076 0.0076 
166600 0.0076 0.0076 
166700 0.0076 0.0076 
166800 0.0076 0.0076 
166900 0.0076 0.0076 
167000 0.0076 0.0076 
167100 0.0076 0.0076 
167200 0.0076 0.0076 
167300 0.0076 0.0076 
167400 0.0076 0.0076 
167500 0.0076 0.0076 
167600 0.0076 0.0076 
167700 0.0076 0.0076 
167800 0.0076 0.0076 
167900 0.0076 0.0076 
168000 0.0076 0.0076 
168100 0.0076 0.0076 
168200 0.0076 0.0076 
168300 0.0076 0.0076 
168400 0.0076 0.0076 
168500 0.0076 0.0076 
168600 0.0076 0.0076 
168700 0.0076 0.0076 
168800 0.0076 0.0076 
168900 0.0076 0.0076 
169000 0.0076 0.0076 
169100 0.0076 0.0076 
169200 0.0076 0.0076 
169300 0.0076 0.0076 
169400 0.0076 0.0076 
169500 0.0076 0.0076 
169600 0.0076 0.0076 
169700 0.0076 0.0076 
169800 0.0076 0.0076 
169900 0.0076 0.0076 
170000 0.0076 0.0076 
170100 0.0076 0.0076 
170200 0.0076 0.0076 
170300 0.0076 0.0076 
170400 0.0076 0.0076 
170500 0.0076 0.0076 
170600 0.0076 0.0076 
170700 0.0076 0.0076 
170800 0.0076 0.0076 
170900 0.0076 0.0076 
171000 0.0076 0.0076 
171100 0.0076 0.0076 
171200 0.0076 0.0076 
171300 0.0076 0.0076 
171400 0.0076 0.0076 
171500 0.0076 0.0076 
171600 0.0076 0.0076 
171700 0.0076 0.0076 
171800 0.0076 0.0076 
171900 0.0076 0.0076 
172000 0.0076 0.0076 
172100 0.0076 0.0076 
172200 0.0076 0.0076 
172300 0.0076 0.0076 
172400 0.0076 0.0076 
172500 0.0076 0.0076 
172600 0.0076 0.0076 
172700 0.0076 0.0076 
172800 0.0076 0.0076 
172900 0.0076 0.0076 
173000 0.0076 0.0076 
173100 0.0076 0.0076 
173200 0.0076 0.0076 
173300 0.0076 0.0076 
173400 0.0076 0.0076 
173500 0.0076 0.0076 
173600 0.0076 0.0076 
173700 0.0076 0.0076 
173800 0.0076 0.0076 
173900 0.0076 0.0076 
174000 0.0076 0.0076 
174100 0.0076 0.0076 
174200 0.0076 0.0076 
174300 0.0076 0.0076 
174400 0.0076 0.0076 
174500 0.0076 0.0076 
174600 0.0076 0.0076 
174700 0.0076 0.0076 
174800 0.0076 0.0076 
174900 0.0076 0.0076 
175000 0.0076 0.0076 
175100 0.0076 0.0076 
175200 0.0076 0.0076 
175300 0.0076 0.0076 
175400 0.0076 0.0076 
175500 0.0076 0.0076 
175600 0.0076 0.0076 
175700 0.0076 0.0076 
175800 0.0076 0.0076 
175900 0.0076 0.0076 
176000 0.0076 0.0076 
176100 0.0076 0.0076 
176200 0.0076 0.0076 
176300 0.0076 0.0076 
176400 0.0076 0.0076 
176500 0.0076 0.0076 
176600 0.0076 0.0076 
176700 0.0076 0.0076 
176800 0.0076 0.0076 
176900 0.0076 0.0076 
177000 0.0076 0.0076 
177100 0.0076 0.0076 
177200 0.0076 0.0076 
177300 0.0076 0.0076 
177400 0.0076 0.0076 
177500 0.0076 0.0076 
177600 0.0076 0.0076 
177700 0.0076 0.0076 
177800 0.0076 0.0076 
177900 0.0076 0.0076 
178000 0.0076 0.0076 
178100 0.0076 0.0076 
178200 0.0076 0.0076 
178300 0.0076 0.0076 
178400 0.0076 0.0076 
178500 0.0076 0.0076 
178600 0.0076 0.0076 
178700 0.0076 0.0076 
178800 0.0076 0.0076 
178900 0.0076 0.0076 
179000 0.0076 0.0076 
179100 0.0076 0.0076 
179200 0.0076 0.0076 
179300 0.0076 0.0076 
179400 0.0076 0.0076 
179500 0.0076 0.0076 
179600 0.0076 0.0076 
179700 0.0076 0.0076 
179800 0.0076 0.0076 
179900 0.0076 0.0076 
180000 0.0076 0.0076 
180100 0.0076 0.0076 
180200 0.0076 0.0076 
180300 0.0076 0.0076 
180400 0.0076 0.0076 
180500 0.0076 0.0076 
180600 0.0076 0.0076 
180700 0.0076 0.0076 
180800 0.0076 0.0076 
180900 0.0076 0.0076 
181000 0.0076 0.0076 
181100 0.0076 0.0076 
181200 0.0076 0.0076 
181300 0.0076 0.0076 
181400 0.0076 0.0076 
181500 0.0076 0.0076 
181600 0.0076 0.0076 
181700 0.0076 0.0076 
181800 0.0076 0.0076 
181900 0.0076 0.0076 
182000 0.0076 0.0076 
182100 0.0076 0.0076 
182200 0.0076 0.0076 
182300 0.0076 0.0076 
182400 0.0076 0.0076 
182500 0.0076 0.0076 
182600 0.0076 0.0076 
182700 0.0076 0.0076 
182800 0.0076 0.0076 
182900 0.0076 0.0076 
183000 0.0076 0.0076 
183100 0.0076 0.0076 
183200 0.0076 0.0076 
183300 0.0076 0.0076 
183400 0.0076 0.0076 
183500 0.0076 0.0076 
183600 0.0076 0.0076 
183700 0.0076 0.0076 
183800 0.0076 0.0076 
183900 0.0076 0.0076 
184000 0.0076 0.0076 
184100 0.0076 0.0076 
184200 0.0076 0.0076 
184300 0.0076 0.0076 
184400 0.0076 0.0076 
184500 0.0076 0.0076 
184600 0.0076 0.0076 
184700 0.0076 0.0076 
184800 0.0076 0.0076 
184900 0.0076 0.0076 
185000 0.0076 0.0076 
185100 0.0076 0.0076 
185200 0.0076 0.0076 
185300 0.0076 0.0076 
185400 0.0076 0.0076 
185500 0.0076 0.0076 
185600 0.0076 0.0076 
185700 0.0076 0.0076 
185800 0.0076 0.0076 
185900 0.0076 0.0076 
186000 0.0076 0.0076 
186100 0.0076 0.0076 
186200 0.0076 0.0076 
186300 0.0076 0.0076 
186400 0.0076 0.0076 
186500 0.0076 0.0076 
186600 0.0076 0.0076 
186700 0.0076 0.0076 
186800 0.0076 0.0076 
186900 0.0076 0.0076 
187000 0.0076 0.0076 
187100 0.0076 0.0076 
187200 0.0076 0.0076 
187300 0.0076 0.0076 
187400 0.0076 0.0076 
187500 0.0076 0.0076 
187600 0.0076 0.0076 
187700 0.0076 0.0076 
187800 0.0076 0.0076 
187900 0.0076 0.0076 
188000 0.0076 0.0076 
188100 0.0076 0.0076 
188200 0.0076 0.0076 
188300 0.0076 0.0076 
188400 0.0076 0.0076 
188500 0.0076 0.0076 
188600 0.0076 0.0076 
188700 0.0076 0.0076 
188800 0.0076 0.0076 
188900 0.0076 0.0076 
189000 0.0076 0.0076 
189100 0.0076 0.0076 
189200 0.0076 0.0076 
189300 0.0076 0.0076 
189400 0.0076 0.0076 
189500 0.0076 0.0076 
189600 0.0076 0.0076 
189700 0.0076 0.0076 
189800 0.0076 0.0076 
189900 0.0076 0.0076 
190000 0.0076 0.0076 
190100 0.0076 0.0076 
190200 0.0076 0.0076 
190300 0.0076 0.0076 
190400 0.0076 0.0076 
190500 0.0076 0.0076 
190600 0.0076 0.0076 
190700 0.0076 0.0076 
190800 0.0076 0.0076 
190900 0.0076 0.0076 
191000 0.0076 0.0076 
191100 0.0076 0.0076 
191200 0.0076 0.0076 
191300 0.0076 0.0076 
191400 0.0076 0.0076 
191500 0.0076 0.0076 
191600 0.0076 0.0076 
191700 0.0076 0.0076 
191800 0.0076 0.0076 
191900 0.0076 0.0076 
192000 0.0076 0.0076 
192100 0.0076 0.0076 
192200 0.0076 0.0076 
192300 0.0076 0.0076 
192400 0.0076 0.0076 
192500 0.0076 0.0076 
192600 0.0076 0.0076 
192700 0.0076 0.0076 
192800 0.0076 0.0076 
192900 0.0076 0.0076 
193000 0.0076 0.0076 
193100 0.0076 0.0076 
193200 0.0076 0.0076 
193300 0.0076 0.0076 
193400 0.0076 0.0076 
193500 0.0076 0.0076 
193600 0.0076 0.0076 
193700 0.0076 0.0076 
193800 0.0076 0.0076 
193900 0.0076 0.0076 
194000 0.0076 0.0076 
194100 0.0076 0.0076 
194200 0.0076 0.0076 
194300 0.0076 0.0076 
194400 0.0076 0.0076 
194500 0.0076 0.0076 
194600 0.0076 0.0076 
194700 0.0076 0.0076 
194800 0.0076 0.0076 
194900 0.0076 0.0076 
195000 0.0076 0.0076 
195100 0.0076 0.0076 
195200 0.0076 0.0076 
195300 0.0076 0.0076 
195400 0.0076 0.0076 
195500 0.0076 0.0076 
195600 0.0076 0.0076 
195700 0.0076 0.0076 
195800 0.0076 0.0076 
195900 0.0076 0.0076 
196000 0.0076 0.0076 
196100 0.0076 0.0076 
196200 0.0076 0.0076 
196300 0.0076 0.0076 
196400 0.0076 0.0076 
196500 0.0076 0.0076 
196600 0.0076 0.0076 
196700 0.0076 0.0076 
196800 0.0076 0.0076 
196900 0.0076 0.0076 
197000 0.0076 0.0076 
197100 0.0076 0.0076 
197200 0.0076 0.0076 
197300 0.0076 0.0076 
197400 0.0076 0.0076 
197500 0.0076 0.0076 
197600 0.0076 0.0076 
197700 0.0076 0.0076 
197800 0.0076 0.0076 
197900 0.0076 0.0076 
198000 0.0076 0.0076 
198100 0.0076 0.0076 
198200 0.0076 0.0076 
198300 0.0076 0.0076 
198400 0.0076 0.0076 
198500 0.0076 0.0076 
198600 0.0076 0.0076 
198700 0.0076 0.0076 
198800 0.0076 0.0076 
198900 0.0076 0.0076 
199000 0.0076 0.0076 
199100 0.0076 0.0076 
199200 0.0076 0.0076 
199300 0.0076 0.0076 
199400 0.0076 0.0076 
199500 0.0076 0.0076 
199600 0.0076 0.0076 
199700 0.0076 0.0076 
199800 0.0076 0.0076 
199900 0.0076 0.0076 
200000 0.0076 0.0076 
200100 0.0076 0.0076 
200200 0.0076 0.0076 
200300 0.0076 0.0076 
200400 0.0076 0.0076 
200500 0.0076 0.0076 
200600 0.0076 0.0076 
200700 0.0076 0.0076 
200800 0.0076 0.0076 
200900 0.0076 0.0076 
201000 0.0076 0.0076 
201100 0.0076 0.0076 
201200 0.0076 0.0076 
201300 0.0076 0.0076 
201400 0.0076 0.0076 
201500 0.0076 0.0076 
201600 0.0076 0.0076 
201700 0.0076 0.0076 
201800 0.0076 0.0076 
201900 0.0076 0.0076 
202000 0.0076 0.0076 
202100 0.0076 0.0076 
202200 0.0076 0.0076 
202300 0.0076 0.0076 
202400 0.0076 0.0076 
202500 0.0076 0.0076 
202600 0.0076 0.0076 
202700 0.0076 0.0076 
202800 0.0076 0.0076 
202900 0.0076 0.0076 
203000 0.0076 0.0076 
203100 0.0076 0.0076 
203200 0.0076 0.0076 
203300 0.0076 0.0076 
203400 0.0076 0.0076 
203500 0.0076 0.0076 
203600 0.0076 0.0076 
203700 0.0076 0.0076 
203800 0.0076 0.0076 
203900 0.0076 0.0076 
204000 0.0076 0.0076 
204100 0.0076 0.0076 
204200 0.0076 0.0076 
204300 0.0076 0.0076 
204400 0.0076 0.0076 
204500 0.0076 0.0076 
204600 0.0076 0.0076 
204700 0.0076 0.0076 
204800 0.0076 0.0076 
204900 0.0076 0.0076 
205000 0.0076 0.0076 
205100 0.0076 0.0076 
205200 0.0076 0.0076 
205300 0.0076 0.0076 
205400 0.0076 0.0076 
205500 0.0076 0.0076 
205600 0.0076 0.0076 
205700 0.0076 0.0076 
205800 0.0076 0.0076 
205900 0.0076 0.0076 
206000 0.0076 0.0076 
206100 0.0076 0.0076 
206200 0.0076 0.0076 
206300 0.0076 0.0076 
206400 0.0076 0.0076 
206500 0.0076 0.0076 
206600 0.0076 0.0076 
206700 0.0076 0.0076 
206800 0.0076 0.0076 
206900 0.0076 0.0076 
207000 0.0076 0.0076 
207100 0.0076 0.0076 
207200 0.0076 0.0076 
207300 0.0076 0.0076 
207400 0.0076 0.0076 
207500 0.0076 0.0076 
207600 0.0076 0.0076 
207700 0.0076 0.0076 
207800 0.0076 0.0076 
207900 0.0076 0.0076 
208000 0.0076 0.0076 
208100 0.0076 0.0076 
208200 0.0076 0.0076 
208300 0.0076 0.0076 
208400 0.0076 0.0076 
208500 0.0076 0.0076 
208600 0.0076 0.0076 
208700 0.0076 0.0076 
208800 0.0076 0.0076 
208900 0.0076 0.0076 
209000 0.0076 0.0076 
209100 0.0076 0.0076 
209200 0.0076 0.0076 
209300 0.0076 0.0076 
209400 0.0076 0.0076 
209500 0.0076 0.0076 
209600 0.0076 0.0076 
209700 0.0076 0.0076 
209800 0.0076 0.0076 
209900 0.0076 0.0076 
210000 0.0076 0.0076 
210100 0.0076 0.0076 
210200 0.0076 0.0076 
210300 0.0076 0.0076 
210400 0.0076 0.0076 
210500 0.0076 0.0076 
210600 0.0076 0.0076 
210700 0.0076 0.0076 
210800 0.0076 0.0076 
210900 0.0076 0.0076 
211000 0.0076 0.0076 
211100 0.0076 0.0076 
211200 0.0076 0.0076 
211300 0.0076 0.0076 
211400 0.0076 0.0076 
211500 0.0076 0.0076 
211600 0.0076 0.0076 
211700 0.0076 0.0076 
211800 0.0076 0.0076 
211900 0.0076 0.0076 
212000 0.0076 0.0076 
212100 0.0076 0.0076 
212200 0.0076 0.0076 
212300 0.0076 0.0076 
212400 0.0076 0.0076 
212500 0.0076 0.0076 
212600 0.0076 0.0076 
212700 0.0076 0.0076 
212800 0.0076 0.0076 
212900 0.0076 0.0076 
213000 0.0076 0.0076 
213100 0.0076 0.0076 
213200 0.0076 0.0076 
213300 0.0076 0.0076 
213400 0.0076 0.0076 
213500 0.0076 0.0076 
213600 0.0076 0.0076 
213700 0.0076 0.0076 
213800 0.0076 0.0076 
213900 0.0076 0.0076 
214000 0.0076 0.0076 
214100 0.0076 0.0076 
214200 0.0076 0.0076 
214300 0.0076 0.0076 
214400 0.0076 0.0076 
214500 0.0076 0.0076 
214600 0.0076 0.0076 
214700 0.0076 0.0076 
214800 0.0076 0.0076 
214900 0.0076 0.0076 
215000 0.0076 0.0076 
215100 0.0076 0.0076 
215200 0.0076 0.0076 
215300 0.0076 0.0076 
215400 0.0076 0.0076 
215500 0.0076 0.0076 
215600 0.0076 0.0076 
215700 0.0076 0.0076 
215800 0.0076 0.0076 
215900 0.0076 0.0076 
216000 0.0076 0.0076 
216100 0.0076 0.0076 
216200 0.0076 0.0076 
216300 0.0076 0.0076 
216400 0.0076 0.0076 
216500 0.0076 0.0076 
216600 0.0076 0.0076 
216700 0.0076 0.0076 
216800 0.0076 0.0076 
216900 0.0076 0.0076 
217000 0.0076 0.0076 
217100 0.0076 0.0076 
217200 0.0076 0.0076 
217300 0.0076 0.0076 
217400 0.0076 0.0076 
217500 0.0076 0.0076 
217600 0.0076 0.0076 
217700 0.0076 0.0076 
217800 0.0076 0.0076 
217900 0.0076 0.0076 
218000 0.0076 0.0076 
218100 0.0076 0.0076 
218200 0.0076 0.0076 
218300 0.0076 0.0076 
218400 0.0076 0.0076 
218500 0.0076 0.0076 
218600 0.0076 0.0076 
218700 0.0076 0.0076 
218800 0.0076 0.0076 
218900 0.0076 0.0076 
219000 0.0076 0.0076 
219100 0.0076 0.0076 
219200 0.0076 0.0076 
219300 0.0076 0.0076 
219400 0.0076 0.0076 
219500 0.0076 0.0076 
219600 0.0076 0.0076 
219700 0.0076 0.0076 
219800 0.0076 0.0076 
219900 0.0076 0.0076 
220000 0.0076 0.0076 
220100 0.0076 0.0076 
220200 0.0076 0.0076 
220300 0.0076 0.0076 
220400 0.0076 0.0076 
220500 0.0076 0.0076 
220600 0.0076 0.0076 
220700 0.0076 0.0076 
220800 0.0076 0.0076 
220900 0.0076 0.0076 
221000 0.0076 0.0076 
221100 0.0076 0.0076 
221200 0.0076 0.0076 
221300 0.0076 0.0076 
221400 0.0076 0.0076 
221500 0.0076 0.0076 
221600 0.0076 0.0076 
221700 0.0076 0.0076 
221800 0.0076 0.0076 
221900 0.0076 0.0076 
222000 0.0076 0.0076 
222100 0.0076 0.0076 
222200 0.0076 0.0076 
222300 0.0076 0.0076 
222400 0.0076 0.0076 
222500 0.0076 0.0076 
222600 0.0076 0.0076 
222700 0.0076 0.0076 
222800 0.0076 0.0076 
222900 0.0076 0.0076 
223000 0.0076 0.0076 
223100 0.0076 0.0076 
223200 0.0076 0.0076 
223300 0.0076 0.0076 
223400 0.0076 0.0076 
223500 0.0076 0.0076 
223600 0.0076 0.0076 
223700 0.0076 0.0076 
223800 0.0076 0.0076 
223900 0.0076 0.0076 
224000 0.0076 0.0076 
224100 0.0076 0.0076 
224200 0.0076 0.0076 
224300 0.0076 0.0076 
224400 0.0076 0.0076 
224500 0.0076 0.0076 
224600 0.0076 0.0076 
224700 0.0076 0.0076 
224800 0.0076 0.0076 
224900 0.0076 0.0076 
225000 0.0076 0.0076 
225100 0.0076 0.0076 
225200 0.0076 0.0076 
225300 0.0076 0.0076 
225400 0.0076 0.0076 
225500 0.0076 0.0076 
225600 0.0076 0.0076 
225700 0.0076 0.0076 
225800 0.0076 0.0076 
225900 0.0076 0.0076 
226000 0.0076 0.0076 
226100 0.0076 0.0076 
226200 0.0076 0.0076 
226300 0.0076 0.0076 
226400 0.0076 0.0076 
226500 0.0076 0.0076 
226600 0.0076 0.0076 
226700 0.0076 0.0076 
226800 0.0076 0.0076 
226900 0.0076 0.0076 
227000 0.0076 0.0076 
227100 0.0076 0.0076 
227200 0.0076 0.0076 
227300 0.0076 0.0076 
227400 0.0076 0.0076 
227500 0.0076 0.0076 
227600 0.0076 0.0076 
227700 0.0076 0.0076 
227800 0.0076 0.0076 
227900 0.0076 0.0076 
228000 0.0076 0.0076 
228100 0.0076 0.0076 
228200 0.0076 0.0076 
228300 0.0076 0.0076 
228400 0.0076 0.0076 
228500 0.0076 0.0076 
228600 0.0076 0.0076 
228700 0.0076 0.0076 
228800 0.0076 0.0076 
228900 0.0076 0.0076 
229000 0.0076 0.0076 
229100 0.0076 0.0076 
229200 0.0076 0.0076 
229300 0.0076 0.0076 
229400 0.0076 0.0076 
229500 0.0076 0.0076 
229600 0.0076 0.0076 
229700 0.0076 0.0076 
229800 0.0076 0.0076 
229900 0.0076 0.0076 
230000 0.0076 0.0076 
230100 0.0076 0.0076 
230200 0.0076 0.0076 
230300 0.0076 0.0076 
230400 0.0076 0.0076 
230500 0.0076 0.0076 
230600 0.0076 0.0076 
230700 0.0076 0.0076 
230800 0.0076 0.0076 
230900 0.0076 0.0076 
231000 0.0076 0.0076 
231100 0.0076 0.0076 
231200 0.0076 0.0076 
231300 0.0076 0.0076 
231400 0.0076 0.0076 
231500 0.0076 0.0076 
231600 0.0076 0.0076 
231700 0.0076 0.0076 
231800 0.0076 0.0076 
231900 0.0076 0.0076 
232000 0.0076 0.0076 
232100 0.0076 0.0076 
232200 0.0076 0.0076 
232300 0.0076 0.0076 
232400 0.0076 0.0076 
232500 0.0076 0.0076 
232600 0.0076 0.0076 
232700 0.0076 0.0076 
232800 0.0076 0.0076 
232900 0.0076 0.0076 
233000 0.0076 0.0076 
233100 0.0076 0.0076 
233200 0.0076 0.0076 
233300 0.0076 0.0076 
233400 0.0076 0.0076 
233500 0.0076 0.0076 
233600 0.0076 0.0076 
233700 0.0076 0.0076 
233800 0.0076 0.0076 
233900 0.0076 0.0076 
234000 0.0076 0.0076 
234100 0.0076 0.0076 
234200 0.0076 0.0076 
234300 0.0076 0.0076 
234400 0.0076 0.0076 
234500 0.0076 0.0076 
234600 0.0076 0.0076 
234700 0.0076 0.0076 
234800 0.0076 0.0076 
234900 0.0076 0.0076 
235000 0.0076 0.0076 
235100 0.0076 0.0076 
235200 0.0076 0.0076 
235300 0.0076 0.0076 
235400 0.0076 0.0076 
235500 0.0076 0.0076 
235600 0.0076 0.0076 
235700 0.0076 0.0076 
235800 0.0076 0.0076 
235900 0.0076 0.0076 
236000 0.0076 0.0076 
236100 0.0076 0.0076 
236200 0.0076 0.0076 
236300 0.0076 0.0076 
236400 0.0076 0.0076 
236500 0.0076 0.0076 
236600 0.0076 0.0076 
236700 0.0076 0.0076 
236800 0.0076 0.0076 
236900 0.0076 0.0076 
237000 0.0076 0.0076 
237100 0.0076 0.0076 
237200 0.0076 0.0076 
237300 0.0076 0.0076 
237400 0.0076 0.0076 
237500 0.0076 0.0076 
237600 0.0076 0.0076 
237700 0.0076 0.0076 
237800 0.0076 0.0076 
237900 0.0076 0.0076 
238000 0.0076 0.0076 
238100 0.0076 0.0076 
238200 0.0076 0.0076 
238300 0.0076 0.0076 
238400 0.0076 0.0076 
238500 0.0076 0.0076 
238600 0.0076 0.0076 
238700 0.0076 0.0076 
238800 0.0076 0.0076 
238900 0.0076 0.0076 
239000 0.0076 0.0076 
239100 0.0076 0.0076 
239200 0.0076 0.0076 
239300 0.0076 0.0076 
239400 0.0076 0.0076 
239500 0.0076 0.0076 
239600 0.0076 0.0076 
239700 0.0076 0.0076 
239800 0.0076 0.0076 
239900 0.0076 0.0076 
240000 0.0076 0.0076 
240100 0.0076 0.0076 
240200 0.0076 0.0076 
240300 0.0076 0.0076 
240400 0.0076 0.0076 
240500 0.0076 0.0076 
240600 0.0076 0.0076 
240700 0.0076 0.0076 
240800 0.0076 0.0076 
240900 0.0076 0.0076 
241000 0.0076 0.0076 
241100 0.0076 0.0076 
241200 0.0076 0.0076 
241300 0.0076 0.0076 
241400 0.0076 0.0076 
241500 0.0076 0.0076 
241600 0.0076 0.0076 
241700 0.0076 0.0076 
241800 0.0076 0.0076 
241900 0.0076 0.0076 
242000 0.0076 0.0076 
242100 0.0076 0.0076 
242200 0.0076 0.0076 
242300 0.0076 0.0076 
242400 0.0076 0.0076 
242500 0.0076 0.0076 
242600 0.0076 0.0076 
242700 0.0076 0.0076 
242800 0.0076 0.0076 
242900 0.0076 0.0076 
243000 0.0076 0.0076 
243100 0.0076 0.0076 
243200 0.0076 0.0076 
243300 0.0076 0.0076 
243400 0.0076 0.0076 
243500 0.0076 0.0076 
243600 0.0076 0.0076 
243700 0.0076 0.0076 
243800 0.0076 0.0076 
243900 0.0076 0.0076 
244000 0.0076 0.0076 
244100 0.0076 0.0076 
244200 0.0076 0.0076 
244300 0.0076 0.0076 
244400 0.0076 0.0076 
244500 0.0076 0.0076 
244600 0.0076 0.0076 
244700 0.0076 0.0076 
244800 0.0076 0.0076 
244900 0.0076 0.0076 
245000 0.0076 0.0076 
245100 0.0076 0.0076 
245200 0.0076 0.0076 
245300 0.0076 0.0076 
245400 0.0076 0.0076 
245500 0.0076 0.0076 
245600 0.0076 0.0076 
245700 0.0076 0.0076 
245800 0.0076 0.0076 
245900 0.0076 0.0076 
246000 0.0076 0.0076 
246100 0.0076 0.0076 
246200 0.0076 0.0076 
246300 0.0076 0.0076 
246400 0.0076 0.0076 
246500 0.0076 0.0076 
246600 0.0076 0.0076 
246700 0.0076 0.0076 
246800 0.0076 0.0076 
246900 0.0076 0.0076 
247000 0.0076 0.0076 
247100 0.0076 0.0076 
247200 0.0076 0.0076 
247300 0.0076 0.0076 
247400 0.0076 0.0076 
247500 0.0076 0.0076 
247600 0.0076 0.0076 
247700 0.0076 0.0076 
247800 0.0076 0.0076 
247900 0.0076 0.0076 
248000 0.0076 0.0076 
248100 0.0076 0.0076 
248200 0.0076 0.0076 
248300 0.0076 0.0076 
248400 0.0076 0.0076 
248500 0.0076 0.0076 
248600 0.0076 0.0076 
248700 0.0076 0.0076 
248800 0.0076 0.0076 
248900 0.0076 0.0076 
249000 0.0076 0.0076 
249100 0.0076 0.0076 
249200 0.0076 0.0076 
249300 0.0076 0.0076 
249400 0.0076 0.0076 
249500 0.0076 0.0076 
249600 0.0076 0.0076 
249700 0.0076 0.0076 
249800 0.0076 0.0076 
249900 0.0076 0.0076 
250000 0.0076 0.0076 
250100 0.0076 0.0076 
250200 0.0076 0.0076 
250300 0.0076 0.0076 
250400 0.0076 0.0076 
250500 0.0076 0.0076 
250600 0.0076 0.0076 
250700 0.0076 0.0076 
250800 0.0076 0.0076 
250900 0.0076 0.0076 
251000 0.0076 0.0076 
251100 0.0076 0.0076 
251200 0.0076 0.0076 
251300 0.0076 0.0076 
251400 0.0076 0.0076 
251500 0.0076 0.0076 
251600 0.0076 0.0076 
251700 0.0076 0.0076 
251800 0.0076 0.0076 
251900 0.0076 0.0076 
252000 0.0076 0.0076 
252100 0.0076 0.0076 
252200 0.0076 0.0076 
252300 0.0076 0.0076 
252400 0.0076 0.0076 
252500 0.0076 0.0076 
252600 0.0076 0.0076 
252700 0.0076 0.0076 
252800 0.0076 0.0076 
252900 0.0076 0.0076 
253000 0.0076 0.0076 
253100 0.0076 0.0076 
253200 0.0076 0.0076 
253300 0.0076 0.0076 
253400 0.0076 0.0076 
253500 0.0076 0.0076 
253600 0.0076 0.0076 
253700 0.0076 0.0076 
253800 0.0076 0.0076 
253900 0.0076 0.0076 
254000 0.0076 0.0076 
254100 0.0076 0.0076 
254200 0.0076 0.0076 
254300 0.0076 0.0076 
254400 0.0076 0.0076 
254500 0.0076 0.0076 
254600 0.0076 0.0076 
254700 0.0076 0.0076 
254800 0.0076 0.0076 
254900 0.0076 0.0076 
255000 0.0076 0.0076 
255100 0.0076 0.0076 
255200 0.0076 0.0076 
255300 0.0076 0.0076 
255400 0.0076 0.0076 
255500 0.0076 0.0076 
255600 0.0076 0.0076 
255700 0.0076 0.0076 
255800 0.0076 0.0076 
255900 0.0076 0.0076 
256000 0.0076 0.0076 
256100 0.0076 0.0076 
256200 0.0076 0.0076 
256300 0.0076 0.0076 
256400 0.0076 0.0076 
256500 0.0076 0.0076 
256600 0.0076 0.0076 
256700 0.0076 0.0076 
256800 0.0076 0.0076 
256900 0.0076 0.0076 
257000 0.0076 0.0076 
257100 0.0076 0.0076 
257200 0.0076 0.0076 
257300 0.0076 0.0076 
257400 0.0076 0.0076 
257500 0.0076 0.0076 
257600 0.0076 0.0076 
257700 0.0076 0.0076 
257800 0.0076 0.0076 
257900 0.0076 0.0076 
258000 0.0076 0.0076 
258100 0.0076 0.0076 
258200 0.0076 0.0076 
258300 0.0076 0.0076 
258400 0.0076 0.0076 
258500 0.0076 0.0076 
258600 0.0076 0.0076 
258700 0.0076 0.0076 
258800 0.0076 0.0076 
258900 0.0076 0.0076 
259000 0.0076 0.0076 
259100 0.0076 0.0076 
259200 0.0076 0.0076 
259300 0.0076 0.0076 
259400 0.0076 0.0076 
259500 0.0076 0.0076 
259600 0.0076 0.0076 
259700 0.0076 0.0076 
259800 0.0076 0.0076 
259900 0.0076 0.0076 
260000 0.0076 0.0076 
260100 0.0076 0.0076 
260200 0.0076 0.0076 
260300 0.0076 0.0076 
260400 0.0076 0.0076 
260500 0.0076 0.0076 
260600 0.0076 0.0076 
260700 0.0076 0.0076 
260800 0.0076 0.0076 
260900 0.0076 0.0076 
261000 0.0076 0.0076 
261100 0.0076 0.0076 
261200 0.0076 0.0076 
261300 0.0076 0.0076 
261400 0.0076 0.0076 
261500 0.0076 0.0076 
261600 0.0076 0.0076 
261700 0.0076 0.0076 
261800 0.0076 0.0076 
261900 0.0076 0.0076 
262000 0.0076 0.0076 
262100 0.0076 0.0076 
262200 0.0076 0.0076 
262300 0.0076 0.0076 
262400 0.0076 0.0076 
262500 0.0076 0.0076 
262600 0.0076 0.0076 
262700 0.0076 0.0076 
262800 0.0076 0.0076 
262900 0.0076 0.0076 
263000 0.0076 0.0076 
263100 0.0076 0.0076 
263200 0.0076 0.0076 
263300 0.0076 0.0076 
263400 0.0076 0.0076 
263500 0.0076 0.0076 
263600 0.0076 0.0076 
263700 0.0076 0.0076 
263800 0.0076 0.0076 
263900 0.0076 0.0076 
264000 0.0076 0.0076 
264100 0.0076 0.0076 
264200 0.0076 0.0076 
264300 0.0076 0.0076 
264400 0.0076 0.0076 
264500 0.0076 0.0076 
264600 0.0076 0.0076 
264700 0.0076 0.0076 
264800 0.0076 0.0076 
264900 0.0076 0.0076 
265000 0.0076 0.0076 
265100 0.0076 0.0076 
265200 0.0076 0.0076 
265300 0.0076 0.0076 
265400 0.0076 0.0076 
265500 0.0076 0.0076 
265600 0.0076 0.0076 
265700 0.0076 0.0076 
265800 0.0076 0.0076 
265900 0.0076 0.0076 
266000 0.0076 0.0076 
266100 0.0076 0.0076 
266200 0.0076 0.0076 
266300 0.0076 0.0076 
266400 0.0076 0.0076 
266500 0.0076 0.0076 
266600 0.0076 0.0076 
266700 0.0076 0.0076 
266800 0.0076 0.0076 
266900 0.0076 0.0076 
267000 0.0076 0.0076 
267100 0.0076 0.0076 
267200 0.0076 0.0076 
267300 0.0076 0.0076 
267400 0.0076 0.0076 
267500 0.0076 0.0076 
267600 0.0076 0.0076 
267700 0.0076 0.0076 
267800 0.0076 0.0076 
267900 0.0076 0.0076 
268000 0.0076 0.0076 
268100 0.0076 0.0076 
268200 0.0076 0.0076 
268300 0.0076 0.0076 
268400 0.0076 0.0076 
268500 0.0076 0.0076 
268600 0.0076 0.0076 
268700 0.0076 0.0076 
268800 0.0076 0.0076 
268900 0.0076 0.0076 
269000 0.0076 0.0076 
269100 0.0076 0.0076 
269200 0.0076 0.0076 
269300 0.0076 0.0076 
269400 0.0076 0.0076 
269500 0.0076 0.0076 
269600 0.0076 0.0076 
269700 0.0076 0.0076 
269800 0.0076 0.0076 
269900 0.0076 0.0076 
270000 0.0076 0.0076 
270100 0.0076 0.0076 
270200 0.0076 0.0076 
270300 0.0076 0.0076 
270400 0.0076 0.0076 
270500 0.0076 0.0076 
270600 0.0076 0.0076 
270700 0.0076 0.0076 
270800 0.0076 0.0076 
270900 0.0076 0.0076 
271000 0.0076 0.0076 
271100 0.0076 0.0076 
271200 0.0076 0.0076 
271300 0.0076 0.0076 
271400 0.0076 0.0076 
271500 0.0076 0.0076 
271600 0.0076 0.0076 
271700 0.0076 0.0076 
271800 0.0076 0.0076 
271900 0.0076 0.0076 
272000 0.0076 0.0076 
272100 0.0076 0.0076 
272200 0.0076 0.0076 
272300 0.0076 0.0076 
272400 0.0076 0.0076 
272500 0.0076 0.0076 
272600 0.0076 0.0076 
272700 0.0076 0.0076 
272800 0.0076 0.0076 
272900 0.0076 0.0076 
273000 0.0076 0.0076 
273100 0.0076 0.0076 
273200 0.0076 0.0076 
273300 0.0076 0.0076 
273400 0.0076 0.0076 
273500 0.0076 0.0076 
273600 0.0076 0.0076 
273700 0.0076 0.0076 
273800 0.0076 0.0076 
273900 0.0076 0.0076 
274000 0.0076 0.0076 
274100 0.0076 0.0076 
274200 0.0076 0.0076 
274300 0.0076 0.0076 
274400 0.0076 0.0076 
274500 0.0076 0.0076 
274600 0.0076 0.0076 
274700 0.0076 0.0076 
274800 0.0076 0.0076 
274900 0.0076 0.0076 
275000 0.0076 0.0076 
275100 0.0076 0.0076 
275200 0.0076 0.0076 
275300 0.0076 0.0076 
275400 0.0076 0.0076 
275500 0.0076 0.0076 
275600 0.0076 0.0076 
275700 0.0076 0.0076 
275800 0.0076 0.0076 
275900 0.0076 0.0076 
276000 0.0076 0.0076 
276100 0.0076 0.0076 
276200 0.0076 0.0076 
276300 0.0076 0.0076 
276400 0.0076 0.0076 
276500 0.0076 0.0076 
276600 0.0076 0.0076 
276700 0.0076 0.0076 
276800 0.0076 0.0076 
276900 0.0076 0.0076 
277000 0.0076 0.0076 
277100 0.0076 0.0076 
277200 0.0076 0.0076 
277300 0.0076 0.0076 
277400 0.0076 0.0076 
277500 0.0076 0.0076 
277600 0.0076 0.0076 
277700 0.0076 0.0076 
277800 0.0076 0.0076 
277900 0.0076 0.0076 
278000 0.0076 0.0076 
278100 0.0076 0.0076 
278200 0.0076 0.0076 
278300 0.0076 0.0076 
278400 0.0076 0.0076 
278500 0.0076 0.0076 
278600 0.0076 0.0076 
278700 0.0076 0.0076 
278800 0.0076 0.0076 
278900 0.0076 0.0076 
279000 0.0076 0.0076 
279100 0.0076 0.0076 
279200 0.0076 0.0076 
279300 0.0076 0.0076 
279400 0.0076 0.0076 
279500 0.0076 0.0076 
279600 0.0076 0.0076 
279700 0.0076 0.0076 
279800 0.0076 0.0076 
279900 0.0076 0.0076 
280000 0.0076 0.0076 
280100 0.0076 0.0076 
280200 0.0076 0.0076 
280300 0.0076 0.0076 
280400 0.0076 0.0076 
280500 0.0076 0.0076 
280600 0.0076 0.0076 
280700 0.0076 0.0076 
280800 0.0076 0.0076 
280900 0.0076 0.0076 
281000 0.0076 0.0076 
281100 0.0076 0.0076 
281200 0.0076 0.0076 
281300 0.0076 0.0076 
281400 0.0076 0.0076 
281500 0.0076 0.0076 
281600 0.0076 0.0076 
281700 0.0076 0.0076 
281800 0.0076 0.0076 
281900 0.0076 0.0076 
282000 0.0076 0.0076 
282100 0.0076 0.0076 
282200 0.0076 0.0076 
282300 0.0076 0.0076 
282400 0.0076 0.0076 
282500 0.0076 0.0076 
282600 0.0076 0.0076 
282700 0.0076 0.0076 
282800 0.0076 0.0076 
282900 0.0076 0.0076 
283000 0.0076 0.0076 
283100 0.0076 0.0076 
283200 0.0076 0.0076 
283300 0.0076 0.0076 
283400 0.0076 0.0076 
283500 0.0076 0.0076 
283600 0.0076 0.0076 
283700 0.0076 0.0076 
283800 0.0076 0.0076 
283900 0.0076 0.0076 
284000 0.0076 0.0076 
284100 0.0076 0.0076 
284200 0.0076 0.0076 
284300 0.0076 0.0076 
284400 0.0076 0.0076 
284500 0.0076 0.0076 
284600 0.0076 0.0076 
284700 0.0076 0.0076 
284800 0.0076 0.0076 
284900 0.0076 0.0076 
285000 0.0076 0.0076 
285100 0.0076 0.0076 
285200 0.0076 0.0076 
285300 0.0076 0.0076 
285400 0.0076 0.0076 
285500 0.0076 0.0076 
285600 0.0076 0.0076 
285700 0.0076 0.0076 
285800 0.0076 0.0076 
285900 0.0076 0.0076 
286000 0.0076 0.0076 
286100 0.0076 0.0076 
286200 0.0076 0.0076 
286300 0.0076 0.0076 
286400 0.0076 0.0076 
286500 0.0076 0.0076 
286600 0.0076 0.0076 
286700 0.0076 0.0076 
286800 0.0076 0.0076 
286900 0.0076 0.0076 
287000 0.0076 0.0076 
287100 0.0076 0.0076 
287200 0.0076 0.0076 
287300 0.0076 0.0076 
287400 0.0076 0.0076 
287500 0.0076 0.0076 
287600 0.0076 0.0076 
287700 0.0076 0.0076 
287800 0.0076 0.0076 
287900 0.0076 0.0076 
288000 0.0076 0.0076 
288100 0.0076 0.0076 
288200 0.0076 0.0076 
288300 0.0076 0.0076 
288400 0.0076 0.0076 
288500 0.0076 0.0076 
288600 0.0076 0.0076 
288700 0.0076 0.0076 
288800 0.0076 0.0076 
288900 0.0076 0.0076 
289000 0.0076 0.0076 
289100 0.0076 0.0076 
289200 0.0076 0.0076 
289300 0.0076 0.0076 
289400 0.0076 0.0076 
289500 0.0076 0.0076 
289600 0.0076 0.0076 
289700 0.0076 0.0076 
289800 0.0076 0.0076 
289900 0.0076 0.0076 
290000 0.0076 0.0076 
290100 0.0076 0.0076 
290200 0.0076 0.0076 
290300 0.0076 0.0076 
290400 0.0076 0.0076 
290500 0.0076 0.0076 
290600 0.0076 0.0076 
290700 0.0076 0.0076 
290800 0.0076 0.0076 
290900 0.0076 0.0076 
291000 0.0076 0.0076 
291100 0.0076 0.0076 
291200 0.0076 0.0076 
291300 0.0076 0.0076 
291400 0.0076 0.0076 
291500 0.0076 0.0076 
291600 0.0076 0.0076 
291700 0.0076 0.0076 
291800 0.0076 0.0076 
291900 0.0076 0.0076 
292000 0.0076 0.0076 
292100 0.0076 0.0076 
292200 0.0076 0.0076 
292300 0.0076 0.0076 
292400 0.0076 0.0076 
292500 0.0076 0.0076 
292600 0.0076 0.0076 
292700 0.0076 0.0076 
292800 0.0076 0.0076 
292900 0.0076 0.0076 
293000 0.0076 0.0076 
293100 0.0076 0.0076 
293200 0.0076 0.0076 
293300 0.0076 0.0076 
293400 0.0076 0.0076 
293500 0.0076 0.0076 
293600 0.0076 0.0076 
293700 0.0076 0.0076 
293800 0.0076 0.0076 
293900 0.0076 0.0076 
294000 0.0076 0.0076 
294100 0.0076 0.0076 
294200 0.0076 0.0076 
294300 0.0076 0.0076 
294400 0.0076 0.0076 
294500 0.0076 0.0076 
294600 0.0076 0.0076 
294700 0.0076 0.0076 
294800 0.0076 0.0076 
294900 0.0076 0.0076 
295000 0.0076 0.0076 
295100 0.0076 0.0076 
295200 0.0076 0.0076 
295300 0.0076 0.0076 
295400 0.0076 0.0076 
295500 0.0076 0.0076 
295600 0.0076 0.0076 
295700 0.0076 0.0076 
295800 0.0076 0.0076 
295900 0.0076 0.0076 
296000 0.0076 0.0076 
296100 0.0076 0.0076 
296200 0.0076 0.0076 
296300 0.0076 0.0076 
296400 0.0076 0.0076 
296500 0.0076 0.0076 
296600 0.0076 0.0076 
296700 0.0076 0.0076 
296800 0.0076 0.0076 
296900 0.0076 0.0076 
297000 0.0076 0.0076 
297100 0.0076 0.0076 
297200 0.0076 0.0076 
297300 0.0076 0.0076 
297400 0.0076 0.0076 
297500 0.0076 0.0076 
297600 0.0076 0.0076 
297700 0.0076 0.0076 
297800 0.0076 0.0076 
297900 0.0076 0.0076 
298000 0.0076 0.0076 
298100 0.0076 0.0076 
298200 0.0076 0.0076 
298300 0.0076 0.0076 
298400 0.0076 0.0076 
298500 0.0076 0.0076 
298600 0.0076 0.0076 
298700 0.0076 0.0076 
298800 0.0076 0.0076 
298900 0.0076 0.0076 
299000 0.0076 0.0076 
299100 0.0076 0.0076 
299200 0.0076 0.0076 
299300 0.0076 0.0076 
299400 0.0076 0.0076 
299500 0.0076 0.0076 
299600 0.0076 0.0076 
299700 0.0076 0.0076 
299800 0.0076 0.0076 
299900 0.0076 0.0076 
300000 0.0076 0.0076 
