200 0.2199 0.2199 
400 0.2168 0.2168 
600 0.2168 0.2168 
800 0.1780 0.1780 
1000 0.1780 0.1780 
1200 0.1780 0.1780 
1400 0.1780 0.1780 
1600 0.1780 0.1780 
1800 0.1780 0.1780 
2000 0.1780 0.1780 
2200 0.1780 0.1780 
2400 0.1707 0.1707 
2600 0.1707 0.1707 
2800 0.1707 0.1707 
3000 0.1707 0.1707 
3200 0.1707 0.1707 
3400 0.1707 0.1707 
3600 0.1707 0.1707 
3800 0.1707 0.1707 
4000 0.1707 0.1707 
4200 0.1701 0.1701 
4400 0.1701 0.1701 
4600 0.1588 0.1588 
4800 0.1339 0.1339 
5000 0.1339 0.1339 
5200 0.1339 0.1339 
5400 0.1339 0.1339 
5600 0.1339 0.1339 
5800 0.1339 0.1339 
6000 0.1311 0.1311 
6200 0.1311 0.1311 
6400 0.1311 0.1311 
6600 0.1231 0.1231 
6800 0.1057 0.1057 
7000 0.1057 0.1057 
7200 0.1057 0.1057 
7400 0.1057 0.1057 
7600 0.1057 0.1057 
7800 0.0871 0.0871 
8000 0.0871 0.0871 
8200 0.0871 0.0871 
8400 0.0871 0.0871 
8600 0.0871 0.0871 
8800 0.0871 0.0871 
9000 0.0871 0.0871 
9200 0.0871 0.0871 
9400 0.0871 0.0871 
9600 0.0869 0.0869 
9800 0.0869 0.0869 
10000 0.0869 0.0869 
10200 0.0558 0.0558 
10400 0.0558 0.0558 
10600 0.0558 0.0558 
10800 0.0558 0.0558 
11000 0.0558 0.0558 
11200 0.0558 0.0558 
11400 0.0558 0.0558 
11600 0.0558 0.0558 
11800 0.0558 0.0558 
12000 0.0558 0.0558 
12200 0.0558 0.0558 
12400 0.0558 0.0558 
12600 0.0558 0.0558 
12800 0.0558 0.0558 
13000 0.0558 0.0558 
13200 0.0558 0.0558 
13400 0.0558 0.0558 
13600 0.0558 0.0558 
13800 0.0558 0.0558 
14000 0.0558 0.0558 
14200 0.0558 0.0558 
14400 0.0558 0.0558 
14600 0.0558 0.0558 
14800 0.0558 0.0558 
15000 0.0558 0.0558 
15200 0.0558 0.0558 
15400 0.0558 0.0558 
15600 0.0558 0.0558 
15800 0.0558 0.0558 
16000 0.0558 0.0558 
16200 0.0558 0.0558 
16400 0.0558 0.0558 
16600 0.0558 0.0558 
16800 0.0558 0.0558 
17000 0.0558 0.0558 
17200 0.0558 0.0558 
17400 0.0558 0.0558 
17600 0.0558 0.0558 
17800 0.0535 0.0535 
18000 0.0535 0.0535 
18200 0.0535 0.0535 
18400 0.0535 0.0535 
18600 0.0535 0.0535 
18800 0.0535 0.0535 
19000 0.0535 0.0535 
19200 0.0535 0.0535 
19400 0.0535 0.0535 
19600 0.0535 0.0535 
19800 0.0535 0.0535 
20000 0.0535 0.0535 
20200 0.0535 0.0535 
20400 0.0535 0.0535 
20600 0.0535 0.0535 
20800 0.0511 0.0511 
21000 0.0511 0.0511 
21200 0.0511 0.0511 
21400 0.0511 0.0511 
21600 0.0511 0.0511 
21800 0.0511 0.0511 
22000 0.0511 0.0511 
22200 0.0511 0.0511 
22400 0.0511 0.0511 
22600 0.0511 0.0511 
22800 0.0511 0.0511 
23000 0.0511 0.0511 
23200 0.0511 0.0511 
23400 0.0511 0.0511 
23600 0.0511 0.0511 
23800 0.0511 0.0511 
24000 0.0511 0.0511 
24200 0.0511 0.0511 
24400 0.0511 0.0511 
24600 0.0511 0.0511 
24800 0.0511 0.0511 
25000 0.0511 0.0511 
25200 0.0511 0.0511 
25400 0.0511 0.0511 
25600 0.0423 0.0423 
25800 0.0423 0.0423 
26000 0.0423 0.0423 
26200 0.0423 0.0423 
26400 0.0423 0.0423 
26600 0.0423 0.0423 
26800 0.0423 0.0423 
27000 0.0423 0.0423 
27200 0.0423 0.0423 
27400 0.0423 0.0423 
27600 0.0423 0.0423 
27800 0.0230 0.0230 
28000 0.0230 0.0230 
28200 0.0230 0.0230 
28400 0.0230 0.0230 
28600 0.0230 0.0230 
28800 0.0230 0.0230 
29000 0.0230 0.0230 
29200 0.0230 0.0230 
29400 0.0230 0.0230 
29600 0.0230 0.0230 
29800 0.0230 0.0230 
30000 0.0230 0.0230 
30200 0.0230 0.0230 
30400 0.0230 0.0230 
30600 0.0230 0.0230 
30800 0.0230 0.0230 
31000 0.0230 0.0230 
31200 0.0230 0.0230 
31400 0.0230 0.0230 
31600 0.0230 0.0230 
31800 0.0230 0.0230 
32000 0.0230 0.0230 
32200 0.0230 0.0230 
32400 0.0149 0.0149 
32600 0.0149 0.0149 
32800 0.0149 0.0149 
33000 0.0149 0.0149 
33200 0.0149 0.0149 
33400 0.0149 0.0149 
33600 0.0149 0.0149 
33800 0.0149 0.0149 
34000 0.0149 0.0149 
34200 0.0149 0.0149 
34400 0.0149 0.0149 
34600 0.0149 0.0149 
34800 0.0149 0.0149 
35000 0.0149 0.0149 
35200 0.0149 0.0149 
35400 0.0149 0.0149 
35600 0.0149 0.0149 
35800 0.0149 0.0149 
36000 0.0149 0.0149 
36200 0.0146 0.0146 
36400 0.0146 0.0146 
36600 0.0146 0.0146 
36800 0.0146 0.0146 
37000 0.0146 0.0146 
37200 0.0146 0.0146 
37400 0.0146 0.0146 
37600 0.0146 0.0146 
37800 0.0146 0.0146 
38000 0.0146 0.0146 
38200 0.0146 0.0146 
38400 0.0146 0.0146 
38600 0.0146 0.0146 
38800 0.0146 0.0146 
39000 0.0146 0.0146 
39200 0.0146 0.0146 
39400 0.0057 0.0057 
39600 0.0057 0.0057 
39800 0.0057 0.0057 
40000 0.0057 0.0057 
40200 0.0057 0.0057 
40400 0.0057 0.0057 
40600 0.0057 0.0057 
40800 0.0057 0.0057 
41000 0.0057 0.0057 
41200 0.0057 0.0057 
41400 0.0057 0.0057 
41600 0.0057 0.0057 
41800 0.0057 0.0057 
42000 0.0057 0.0057 
42200 0.0057 0.0057 
42400 0.0057 0.0057 
42600 0.0057 0.0057 
42800 0.0057 0.0057 
43000 0.0057 0.0057 
43200 0.0057 0.0057 
43400 0.0057 0.0057 
43600 0.0057 0.0057 
43800 0.0057 0.0057 
44000 0.0057 0.0057 
44200 0.0057 0.0057 
44400 0.0057 0.0057 
44600 0.0057 0.0057 
44800 0.0057 0.0057 
45000 0.0057 0.0057 
45200 0.0057 0.0057 
45400 0.0057 0.0057 
45600 0.0057 0.0057 
45800 0.0057 0.0057 
46000 0.0057 0.0057 
46200 0.0057 0.0057 
46400 0.0057 0.0057 
46600 0.0056 0.0056 
46800 0.0056 0.0056 
47000 0.0056 0.0056 
47200 0.0056 0.0056 
47400 0.0056 0.0056 
47600 0.0056 0.0056 
47800 0.0056 0.0056 
48000 0.0056 0.0056 
48200 0.0056 0.0056 
48400 0.0056 0.0056 
48600 0.0056 0.0056 
48800 0.0056 0.0056 
49000 0.0056 0.0056 
49200 0.0056 0.0056 
49400 0.0056 0.0056 
49600 0.0056 0.0056 
49800 0.0056 0.0056 
50000 0.0056 0.0056 
50200 0.0056 0.0056 
50400 0.0056 0.0056 
50600 0.0056 0.0056 
50800 0.0056 0.0056 
51000 0.0056 0.0056 
51200 0.0056 0.0056 
51400 0.0000 0.0000 
51600 0.0000 0.0000 
51800 0.0000 0.0000 
52000 0.0000 0.0000 
52200 0.0000 0.0000 
52400 0.0000 0.0000 
52600 0.0000 0.0000 
52800 0.0000 0.0000 
53000 0.0000 0.0000 
53200 0.0000 0.0000 
53400 0.0000 0.0000 
53600 0.0000 0.0000 
53800 0.0000 0.0000 
54000 0.0000 0.0000 
54200 0.0000 0.0000 
54400 0.0000 0.0000 
54600 0.0000 0.0000 
54800 0.0000 0.0000 
55000 0.0000 0.0000 
55200 0.0000 0.0000 
55400 0.0000 0.0000 
55600 0.0000 0.0000 
55800 0.0000 0.0000 
56000 0.0000 0.0000 
56200 0.0000 0.0000 
56400 0.0000 0.0000 
56600 0.0000 0.0000 
56800 0.0000 0.0000 
57000 0.0000 0.0000 
57200 0.0000 0.0000 
57400 0.0000 0.0000 
57600 0.0000 0.0000 
57800 0.0000 0.0000 
58000 0.0000 0.0000 
58200 0.0000 0.0000 
58400 0.0000 0.0000 
58600 0.0000 0.0000 
58800 0.0000 0.0000 
59000 0.0000 0.0000 
59200 0.0000 0.0000 
59400 0.0000 0.0000 
59600 0.0000 0.0000 
59800 0.0000 0.0000 
60000 0.0000 0.0000 
60200 0.0000 0.0000 
60400 0.0000 0.0000 
60600 0.0000 0.0000 
60800 0.0000 0.0000 
61000 0.0000 0.0000 
61200 0.0000 0.0000 
61400 0.0000 0.0000 
61600 0.0000 0.0000 
61800 0.0000 0.0000 
62000 0.0000 0.0000 
62200 0.0000 0.0000 
62400 0.0000 0.0000 
62600 0.0000 0.0000 
62800 0.0000 0.0000 
63000 0.0000 0.0000 
63200 0.0000 0.0000 
63400 0.0000 0.0000 
63600 0.0000 0.0000 
63800 0.0000 0.0000 
64000 0.0000 0.0000 
64200 0.0000 0.0000 
64400 0.0000 0.0000 
64600 0.0000 0.0000 
64800 0.0000 0.0000 
65000 0.0000 0.0000 
65200 0.0000 0.0000 
65400 0.0000 0.0000 
65600 0.0000 0.0000 
65800 0.0000 0.0000 
66000 0.0000 0.0000 
66200 0.0000 0.0000 
66400 0.0000 0.0000 
66600 0.0000 0.0000 
66800 0.0000 0.0000 
67000 0.0000 0.0000 
67200 0.0000 0.0000 
67400 0.0000 0.0000 
67600 0.0000 0.0000 
67800 0.0000 0.0000 
68000 0.0000 0.0000 
68200 0.0000 0.0000 
68400 0.0000 0.0000 
68600 0.0000 0.0000 
68800 0.0000 0.0000 
69000 0.0000 0.0000 
69200 0.0000 0.0000 
69400 0.0000 0.0000 
69600 0.0000 0.0000 
69800 0.0000 0.0000 
70000 0.0000 0.0000 
70200 0.0000 0.0000 
70400 0.0000 0.0000 
70600 0.0000 0.0000 
70800 0.0000 0.0000 
71000 0.0000 0.0000 
71200 0.0000 0.0000 
71400 0.0000 0.0000 
71600 0.0000 0.0000 
71800 0.0000 0.0000 
72000 0.0000 0.0000 
72200 0.0000 0.0000 
72400 0.0000 0.0000 
72600 0.0000 0.0000 
72800 0.0000 0.0000 
73000 0.0000 0.0000 
73200 0.0000 0.0000 
73400 0.0000 0.0000 
73600 0.0000 0.0000 
73800 0.0000 0.0000 
74000 0.0000 0.0000 
74200 0.0000 0.0000 
74400 0.0000 0.0000 
74600 0.0000 0.0000 
74800 0.0000 0.0000 
75000 0.0000 0.0000 
75200 0.0000 0.0000 
75400 0.0000 0.0000 
75600 0.0000 0.0000 
75800 0.0000 0.0000 
76000 0.0000 0.0000 
76200 0.0000 0.0000 
76400 0.0000 0.0000 
76600 0.0000 0.0000 
76800 0.0000 0.0000 
77000 0.0000 0.0000 
77200 0.0000 0.0000 
77400 0.0000 0.0000 
77600 0.0000 0.0000 
77800 0.0000 0.0000 
78000 0.0000 0.0000 
78200 0.0000 0.0000 
78400 0.0000 0.0000 
78600 0.0000 0.0000 
78800 0.0000 0.0000 
79000 0.0000 0.0000 
79200 0.0000 0.0000 
79400 0.0000 0.0000 
79600 0.0000 0.0000 
79800 0.0000 0.0000 
80000 0.0000 0.0000 
80200 0.0000 0.0000 
80400 0.0000 0.0000 
80600 0.0000 0.0000 
80800 0.0000 0.0000 
81000 0.0000 0.0000 
81200 0.0000 0.0000 
81400 0.0000 0.0000 
81600 0.0000 0.0000 
81800 0.0000 0.0000 
82000 0.0000 0.0000 
82200 0.0000 0.0000 
82400 0.0000 0.0000 
82600 0.0000 0.0000 
82800 0.0000 0.0000 
83000 0.0000 0.0000 
83200 0.0000 0.0000 
83400 0.0000 0.0000 
83600 0.0000 0.0000 
83800 0.0000 0.0000 
84000 0.0000 0.0000 
84200 0.0000 0.0000 
84400 0.0000 0.0000 
84600 0.0000 0.0000 
84800 0.0000 0.0000 
85000 0.0000 0.0000 
85200 0.0000 0.0000 
85400 0.0000 0.0000 
85600 0.0000 0.0000 
85800 0.0000 0.0000 
86000 0.0000 0.0000 
86200 0.0000 0.0000 
86400 0.0000 0.0000 
86600 0.0000 0.0000 
86800 0.0000 0.0000 
87000 0.0000 0.0000 
87200 0.0000 0.0000 
87400 0.0000 0.0000 
87600 0.0000 0.0000 
87800 0.0000 0.0000 
88000 0.0000 0.0000 
88200 0.0000 0.0000 
88400 0.0000 0.0000 
88600 0.0000 0.0000 
88800 0.0000 0.0000 
89000 0.0000 0.0000 
89200 0.0000 0.0000 
89400 0.0000 0.0000 
89600 0.0000 0.0000 
89800 0.0000 0.0000 
90000 0.0000 0.0000 
90200 0.0000 0.0000 
90400 0.0000 0.0000 
90600 0.0000 0.0000 
90800 0.0000 0.0000 
91000 0.0000 0.0000 
91200 0.0000 0.0000 
91400 0.0000 0.0000 
91600 0.0000 0.0000 
91800 0.0000 0.0000 
92000 0.0000 0.0000 
92200 0.0000 0.0000 
92400 0.0000 0.0000 
92600 0.0000 0.0000 
92800 0.0000 0.0000 
93000 0.0000 0.0000 
93200 0.0000 0.0000 
93400 0.0000 0.0000 
93600 0.0000 0.0000 
93800 0.0000 0.0000 
94000 0.0000 0.0000 
94200 0.0000 0.0000 
94400 0.0000 0.0000 
94600 0.0000 0.0000 
94800 0.0000 0.0000 
95000 0.0000 0.0000 
95200 0.0000 0.0000 
95400 0.0000 0.0000 
95600 0.0000 0.0000 
95800 0.0000 0.0000 
96000 0.0000 0.0000 
96200 0.0000 0.0000 
96400 0.0000 0.0000 
96600 0.0000 0.0000 
96800 0.0000 0.0000 
97000 0.0000 0.0000 
97200 0.0000 0.0000 
97400 0.0000 0.0000 
97600 0.0000 0.0000 
97800 0.0000 0.0000 
98000 0.0000 0.0000 
98200 0.0000 0.0000 
98400 0.0000 0.0000 
98600 0.0000 0.0000 
98800 0.0000 0.0000 
99000 0.0000 0.0000 
99200 0.0000 0.0000 
99400 0.0000 0.0000 
99600 0.0000 0.0000 
99800 0.0000 0.0000 
100000 0.0000 0.0000 
100200 0.0000 0.0000 
100400 0.0000 0.0000 
100600 0.0000 0.0000 
100800 0.0000 0.0000 
101000 0.0000 0.0000 
101200 0.0000 0.0000 
101400 0.0000 0.0000 
101600 0.0000 0.0000 
101800 0.0000 0.0000 
102000 0.0000 0.0000 
102200 0.0000 0.0000 
102400 0.0000 0.0000 
102600 0.0000 0.0000 
102800 0.0000 0.0000 
103000 0.0000 0.0000 
103200 0.0000 0.0000 
103400 0.0000 0.0000 
103600 0.0000 0.0000 
103800 0.0000 0.0000 
104000 0.0000 0.0000 
104200 0.0000 0.0000 
104400 0.0000 0.0000 
104600 0.0000 0.0000 
104800 0.0000 0.0000 
105000 0.0000 0.0000 
105200 0.0000 0.0000 
105400 0.0000 0.0000 
105600 0.0000 0.0000 
105800 0.0000 0.0000 
106000 0.0000 0.0000 
106200 0.0000 0.0000 
106400 0.0000 0.0000 
106600 0.0000 0.0000 
106800 0.0000 0.0000 
107000 0.0000 0.0000 
107200 0.0000 0.0000 
107400 0.0000 0.0000 
107600 0.0000 0.0000 
107800 0.0000 0.0000 
108000 0.0000 0.0000 
108200 0.0000 0.0000 
108400 0.0000 0.0000 
108600 0.0000 0.0000 
108800 0.0000 0.0000 
109000 0.0000 0.0000 
109200 0.0000 0.0000 
109400 0.0000 0.0000 
109600 0.0000 0.0000 
109800 0.0000 0.0000 
110000 0.0000 0.0000 
110200 0.0000 0.0000 
110400 0.0000 0.0000 
110600 0.0000 0.0000 
110800 0.0000 0.0000 
111000 0.0000 0.0000 
111200 0.0000 0.0000 
111400 0.0000 0.0000 
111600 0.0000 0.0000 
111800 0.0000 0.0000 
112000 0.0000 0.0000 
112200 0.0000 0.0000 
112400 0.0000 0.0000 
112600 0.0000 0.0000 
112800 0.0000 0.0000 
113000 0.0000 0.0000 
113200 0.0000 0.0000 
113400 0.0000 0.0000 
113600 0.0000 0.0000 
113800 0.0000 0.0000 
114000 0.0000 0.0000 
114200 0.0000 0.0000 
114400 0.0000 0.0000 
114600 0.0000 0.0000 
114800 0.0000 0.0000 
115000 0.0000 0.0000 
115200 0.0000 0.0000 
115400 0.0000 0.0000 
115600 0.0000 0.0000 
115800 0.0000 0.0000 
116000 0.0000 0.0000 
116200 0.0000 0.0000 
116400 0.0000 0.0000 
116600 0.0000 0.0000 
116800 0.0000 0.0000 
117000 0.0000 0.0000 
117200 0.0000 0.0000 
117400 0.0000 0.0000 
117600 0.0000 0.0000 
117800 0.0000 0.0000 
118000 0.0000 0.0000 
118200 0.0000 0.0000 
118400 0.0000 0.0000 
118600 0.0000 0.0000 
118800 0.0000 0.0000 
119000 0.0000 0.0000 
119200 0.0000 0.0000 
119400 0.0000 0.0000 
119600 0.0000 0.0000 
119800 0.0000 0.0000 
120000 0.0000 0.0000 
120200 0.0000 0.0000 
120400 0.0000 0.0000 
120600 0.0000 0.0000 
120800 0.0000 0.0000 
121000 0.0000 0.0000 
121200 0.0000 0.0000 
121400 0.0000 0.0000 
121600 0.0000 0.0000 
121800 0.0000 0.0000 
122000 0.0000 0.0000 
122200 0.0000 0.0000 
122400 0.0000 0.0000 
122600 0.0000 0.0000 
122800 0.0000 0.0000 
123000 0.0000 0.0000 
123200 0.0000 0.0000 
123400 0.0000 0.0000 
123600 0.0000 0.0000 
123800 0.0000 0.0000 
124000 0.0000 0.0000 
124200 0.0000 0.0000 
124400 0.0000 0.0000 
124600 0.0000 0.0000 
124800 0.0000 0.0000 
125000 0.0000 0.0000 
125200 0.0000 0.0000 
125400 0.0000 0.0000 
125600 0.0000 0.0000 
125800 0.0000 0.0000 
126000 0.0000 0.0000 
126200 0.0000 0.0000 
126400 0.0000 0.0000 
126600 0.0000 0.0000 
126800 0.0000 0.0000 
127000 0.0000 0.0000 
127200 0.0000 0.0000 
127400 0.0000 0.0000 
127600 0.0000 0.0000 
127800 0.0000 0.0000 
128000 0.0000 0.0000 
128200 0.0000 0.0000 
128400 0.0000 0.0000 
128600 0.0000 0.0000 
128800 0.0000 0.0000 
129000 0.0000 0.0000 
129200 0.0000 0.0000 
129400 0.0000 0.0000 
129600 0.0000 0.0000 
129800 0.0000 0.0000 
130000 0.0000 0.0000 
130200 0.0000 0.0000 
130400 0.0000 0.0000 
130600 0.0000 0.0000 
130800 0.0000 0.0000 
131000 0.0000 0.0000 
131200 0.0000 0.0000 
131400 0.0000 0.0000 
131600 0.0000 0.0000 
131800 0.0000 0.0000 
132000 0.0000 0.0000 
132200 0.0000 0.0000 
132400 0.0000 0.0000 
132600 0.0000 0.0000 
132800 0.0000 0.0000 
133000 0.0000 0.0000 
133200 0.0000 0.0000 
133400 0.0000 0.0000 
133600 0.0000 0.0000 
133800 0.0000 0.0000 
134000 0.0000 0.0000 
134200 0.0000 0.0000 
134400 0.0000 0.0000 
134600 0.0000 0.0000 
134800 0.0000 0.0000 
135000 0.0000 0.0000 
135200 0.0000 0.0000 
135400 0.0000 0.0000 
135600 0.0000 0.0000 
135800 0.0000 0.0000 
136000 0.0000 0.0000 
136200 0.0000 0.0000 
136400 0.0000 0.0000 
136600 0.0000 0.0000 
136800 0.0000 0.0000 
137000 0.0000 0.0000 
137200 0.0000 0.0000 
137400 0.0000 0.0000 
137600 0.0000 0.0000 
137800 0.0000 0.0000 
138000 0.0000 0.0000 
138200 0.0000 0.0000 
138400 0.0000 0.0000 
138600 0.0000 0.0000 
138800 0.0000 0.0000 
139000 0.0000 0.0000 
139200 0.0000 0.0000 
139400 0.0000 0.0000 
139600 0.0000 0.0000 
139800 0.0000 0.0000 
140000 0.0000 0.0000 
140200 0.0000 0.0000 
140400 0.0000 0.0000 
140600 0.0000 0.0000 
140800 0.0000 0.0000 
141000 0.0000 0.0000 
141200 0.0000 0.0000 
141400 0.0000 0.0000 
141600 0.0000 0.0000 
141800 0.0000 0.0000 
142000 0.0000 0.0000 
142200 0.0000 0.0000 
142400 0.0000 0.0000 
142600 0.0000 0.0000 
142800 0.0000 0.0000 
143000 0.0000 0.0000 
143200 0.0000 0.0000 
143400 0.0000 0.0000 
143600 0.0000 0.0000 
143800 0.0000 0.0000 
144000 0.0000 0.0000 
144200 0.0000 0.0000 
144400 0.0000 0.0000 
144600 0.0000 0.0000 
144800 0.0000 0.0000 
145000 0.0000 0.0000 
145200 0.0000 0.0000 
145400 0.0000 0.0000 
145600 0.0000 0.0000 
145800 0.0000 0.0000 
146000 0.0000 0.0000 
146200 0.0000 0.0000 
146400 0.0000 0.0000 
146600 0.0000 0.0000 
146800 0.0000 0.0000 
147000 0.0000 0.0000 
147200 0.0000 0.0000 
147400 0.0000 0.0000 
147600 0.0000 0.0000 
147800 0.0000 0.0000 
148000 0.0000 0.0000 
148200 0.0000 0.0000 
148400 0.0000 0.0000 
148600 0.0000 0.0000 
148800 0.0000 0.0000 
149000 0.0000 0.0000 
149200 0.0000 0.0000 
149400 0.0000 0.0000 
149600 0.0000 0.0000 
149800 0.0000 0.0000 
150000 0.0000 0.0000 
150200 0.0000 0.0000 
150400 0.0000 0.0000 
150600 0.0000 0.0000 
150800 0.0000 0.0000 
151000 0.0000 0.0000 
151200 0.0000 0.0000 
151400 0.0000 0.0000 
151600 0.0000 0.0000 
151800 0.0000 0.0000 
152000 0.0000 0.0000 
152200 0.0000 0.0000 
152400 0.0000 0.0000 
152600 0.0000 0.0000 
152800 0.0000 0.0000 
153000 0.0000 0.0000 
153200 0.0000 0.0000 
153400 0.0000 0.0000 
153600 0.0000 0.0000 
153800 0.0000 0.0000 
154000 0.0000 0.0000 
154200 0.0000 0.0000 
154400 0.0000 0.0000 
154600 0.0000 0.0000 
154800 0.0000 0.0000 
155000 0.0000 0.0000 
155200 0.0000 0.0000 
155400 0.0000 0.0000 
155600 0.0000 0.0000 
155800 0.0000 0.0000 
156000 0.0000 0.0000 
156200 0.0000 0.0000 
156400 0.0000 0.0000 
156600 0.0000 0.0000 
156800 0.0000 0.0000 
157000 0.0000 0.0000 
157200 0.0000 0.0000 
157400 0.0000 0.0000 
157600 0.0000 0.0000 
157800 0.0000 0.0000 
158000 0.0000 0.0000 
158200 0.0000 0.0000 
158400 0.0000 0.0000 
158600 0.0000 0.0000 
158800 0.0000 0.0000 
159000 0.0000 0.0000 
159200 0.0000 0.0000 
159400 0.0000 0.0000 
159600 0.0000 0.0000 
159800 0.0000 0.0000 
160000 0.0000 0.0000 
160200 0.0000 0.0000 
160400 0.0000 0.0000 
160600 0.0000 0.0000 
160800 0.0000 0.0000 
161000 0.0000 0.0000 
161200 0.0000 0.0000 
161400 0.0000 0.0000 
161600 0.0000 0.0000 
161800 0.0000 0.0000 
162000 0.0000 0.0000 
162200 0.0000 0.0000 
162400 0.0000 0.0000 
162600 0.0000 0.0000 
162800 0.0000 0.0000 
163000 0.0000 0.0000 
163200 0.0000 0.0000 
163400 0.0000 0.0000 
163600 0.0000 0.0000 
163800 0.0000 0.0000 
164000 0.0000 0.0000 
164200 0.0000 0.0000 
164400 0.0000 0.0000 
164600 0.0000 0.0000 
164800 0.0000 0.0000 
165000 0.0000 0.0000 
165200 0.0000 0.0000 
165400 0.0000 0.0000 
165600 0.0000 0.0000 
165800 0.0000 0.0000 
166000 0.0000 0.0000 
166200 0.0000 0.0000 
166400 0.0000 0.0000 
166600 0.0000 0.0000 
166800 0.0000 0.0000 
167000 0.0000 0.0000 
167200 0.0000 0.0000 
167400 0.0000 0.0000 
167600 0.0000 0.0000 
167800 0.0000 0.0000 
168000 0.0000 0.0000 
168200 0.0000 0.0000 
168400 0.0000 0.0000 
168600 0.0000 0.0000 
168800 0.0000 0.0000 
169000 0.0000 0.0000 
169200 0.0000 0.0000 
169400 0.0000 0.0000 
169600 0.0000 0.0000 
169800 0.0000 0.0000 
170000 0.0000 0.0000 
170200 0.0000 0.0000 
170400 0.0000 0.0000 
170600 0.0000 0.0000 
170800 0.0000 0.0000 
171000 0.0000 0.0000 
171200 0.0000 0.0000 
171400 0.0000 0.0000 
171600 0.0000 0.0000 
171800 0.0000 0.0000 
172000 0.0000 0.0000 
172200 0.0000 0.0000 
172400 0.0000 0.0000 
172600 0.0000 0.0000 
172800 0.0000 0.0000 
173000 0.0000 0.0000 
173200 0.0000 0.0000 
173400 0.0000 0.0000 
173600 0.0000 0.0000 
173800 0.0000 0.0000 
174000 0.0000 0.0000 
174200 0.0000 0.0000 
174400 0.0000 0.0000 
174600 0.0000 0.0000 
174800 0.0000 0.0000 
175000 0.0000 0.0000 
175200 0.0000 0.0000 
175400 0.0000 0.0000 
175600 0.0000 0.0000 
175800 0.0000 0.0000 
176000 0.0000 0.0000 
176200 0.0000 0.0000 
176400 0.0000 0.0000 
176600 0.0000 0.0000 
176800 0.0000 0.0000 
177000 0.0000 0.0000 
177200 0.0000 0.0000 
177400 0.0000 0.0000 
177600 0.0000 0.0000 
177800 0.0000 0.0000 
178000 0.0000 0.0000 
178200 0.0000 0.0000 
178400 0.0000 0.0000 
178600 0.0000 0.0000 
178800 0.0000 0.0000 
179000 0.0000 0.0000 
179200 0.0000 0.0000 
179400 0.0000 0.0000 
179600 0.0000 0.0000 
179800 0.0000 0.0000 
180000 0.0000 0.0000 
180200 0.0000 0.0000 
180400 0.0000 0.0000 
180600 0.0000 0.0000 
180800 0.0000 0.0000 
181000 0.0000 0.0000 
181200 0.0000 0.0000 
181400 0.0000 0.0000 
181600 0.0000 0.0000 
181800 0.0000 0.0000 
182000 0.0000 0.0000 
182200 0.0000 0.0000 
182400 0.0000 0.0000 
182600 0.0000 0.0000 
182800 0.0000 0.0000 
183000 0.0000 0.0000 
183200 0.0000 0.0000 
183400 0.0000 0.0000 
183600 0.0000 0.0000 
183800 0.0000 0.0000 
184000 0.0000 0.0000 
184200 0.0000 0.0000 
184400 0.0000 0.0000 
184600 0.0000 0.0000 
184800 0.0000 0.0000 
185000 0.0000 0.0000 
185200 0.0000 0.0000 
185400 0.0000 0.0000 
185600 0.0000 0.0000 
185800 0.0000 0.0000 
186000 0.0000 0.0000 
186200 0.0000 0.0000 
186400 0.0000 0.0000 
186600 0.0000 0.0000 
186800 0.0000 0.0000 
187000 0.0000 0.0000 
187200 0.0000 0.0000 
187400 0.0000 0.0000 
187600 0.0000 0.0000 
187800 0.0000 0.0000 
188000 0.0000 0.0000 
188200 0.0000 0.0000 
188400 0.0000 0.0000 
188600 0.0000 0.0000 
188800 0.0000 0.0000 
189000 0.0000 0.0000 
189200 0.0000 0.0000 
189400 0.0000 0.0000 
189600 0.0000 0.0000 
189800 0.0000 0.0000 
190000 0.0000 0.0000 
190200 0.0000 0.0000 
190400 0.0000 0.0000 
190600 0.0000 0.0000 
190800 0.0000 0.0000 
191000 0.0000 0.0000 
191200 0.0000 0.0000 
191400 0.0000 0.0000 
191600 0.0000 0.0000 
191800 0.0000 0.0000 
192000 0.0000 0.0000 
192200 0.0000 0.0000 
192400 0.0000 0.0000 
192600 0.0000 0.0000 
192800 0.0000 0.0000 
193000 0.0000 0.0000 
193200 0.0000 0.0000 
193400 0.0000 0.0000 
193600 0.0000 0.0000 
193800 0.0000 0.0000 
194000 0.0000 0.0000 
194200 0.0000 0.0000 
194400 0.0000 0.0000 
194600 0.0000 0.0000 
194800 0.0000 0.0000 
195000 0.0000 0.0000 
195200 0.0000 0.0000 
195400 0.0000 0.0000 
195600 0.0000 0.0000 
195800 0.0000 0.0000 
196000 0.0000 0.0000 
196200 0.0000 0.0000 
196400 0.0000 0.0000 
196600 0.0000 0.0000 
196800 0.0000 0.0000 
197000 0.0000 0.0000 
197200 0.0000 0.0000 
197400 0.0000 0.0000 
197600 0.0000 0.0000 
197800 0.0000 0.0000 
198000 0.0000 0.0000 
198200 0.0000 0.0000 
198400 0.0000 0.0000 
198600 0.0000 0.0000 
198800 0.0000 0.0000 
199000 0.0000 0.0000 
199200 0.0000 0.0000 
199400 0.0000 0.0000 
199600 0.0000 0.0000 
199800 0.0000 0.0000 
200000 0.0000 0.0000 
200200 0.0000 0.0000 
200400 0.0000 0.0000 
200600 0.0000 0.0000 
200800 0.0000 0.0000 
201000 0.0000 0.0000 
201200 0.0000 0.0000 
201400 0.0000 0.0000 
201600 0.0000 0.0000 
201800 0.0000 0.0000 
202000 0.0000 0.0000 
202200 0.0000 0.0000 
202400 0.0000 0.0000 
202600 0.0000 0.0000 
202800 0.0000 0.0000 
203000 0.0000 0.0000 
203200 0.0000 0.0000 
203400 0.0000 0.0000 
203600 0.0000 0.0000 
203800 0.0000 0.0000 
204000 0.0000 0.0000 
204200 0.0000 0.0000 
204400 0.0000 0.0000 
204600 0.0000 0.0000 
204800 0.0000 0.0000 
205000 0.0000 0.0000 
205200 0.0000 0.0000 
205400 0.0000 0.0000 
205600 0.0000 0.0000 
205800 0.0000 0.0000 
206000 0.0000 0.0000 
206200 0.0000 0.0000 
206400 0.0000 0.0000 
206600 0.0000 0.0000 
206800 0.0000 0.0000 
207000 0.0000 0.0000 
207200 0.0000 0.0000 
207400 0.0000 0.0000 
207600 0.0000 0.0000 
207800 0.0000 0.0000 
208000 0.0000 0.0000 
208200 0.0000 0.0000 
208400 0.0000 0.0000 
208600 0.0000 0.0000 
208800 0.0000 0.0000 
209000 0.0000 0.0000 
209200 0.0000 0.0000 
209400 0.0000 0.0000 
209600 0.0000 0.0000 
209800 0.0000 0.0000 
210000 0.0000 0.0000 
210200 0.0000 0.0000 
210400 0.0000 0.0000 
210600 0.0000 0.0000 
210800 0.0000 0.0000 
211000 0.0000 0.0000 
211200 0.0000 0.0000 
211400 0.0000 0.0000 
211600 0.0000 0.0000 
211800 0.0000 0.0000 
212000 0.0000 0.0000 
212200 0.0000 0.0000 
212400 0.0000 0.0000 
212600 0.0000 0.0000 
212800 0.0000 0.0000 
213000 0.0000 0.0000 
213200 0.0000 0.0000 
213400 0.0000 0.0000 
213600 0.0000 0.0000 
213800 0.0000 0.0000 
214000 0.0000 0.0000 
214200 0.0000 0.0000 
214400 0.0000 0.0000 
214600 0.0000 0.0000 
214800 0.0000 0.0000 
215000 0.0000 0.0000 
215200 0.0000 0.0000 
215400 0.0000 0.0000 
215600 0.0000 0.0000 
215800 0.0000 0.0000 
216000 0.0000 0.0000 
216200 0.0000 0.0000 
216400 0.0000 0.0000 
216600 0.0000 0.0000 
216800 0.0000 0.0000 
217000 0.0000 0.0000 
217200 0.0000 0.0000 
217400 0.0000 0.0000 
217600 0.0000 0.0000 
217800 0.0000 0.0000 
218000 0.0000 0.0000 
218200 0.0000 0.0000 
218400 0.0000 0.0000 
218600 0.0000 0.0000 
218800 0.0000 0.0000 
219000 0.0000 0.0000 
219200 0.0000 0.0000 
219400 0.0000 0.0000 
219600 0.0000 0.0000 
219800 0.0000 0.0000 
220000 0.0000 0.0000 
220200 0.0000 0.0000 
220400 0.0000 0.0000 
220600 0.0000 0.0000 
220800 0.0000 0.0000 
221000 0.0000 0.0000 
221200 0.0000 0.0000 
221400 0.0000 0.0000 
221600 0.0000 0.0000 
221800 0.0000 0.0000 
222000 0.0000 0.0000 
222200 0.0000 0.0000 
222400 0.0000 0.0000 
222600 0.0000 0.0000 
222800 0.0000 0.0000 
223000 0.0000 0.0000 
223200 0.0000 0.0000 
223400 0.0000 0.0000 
223600 0.0000 0.0000 
223800 0.0000 0.0000 
224000 0.0000 0.0000 
224200 0.0000 0.0000 
224400 0.0000 0.0000 
224600 0.0000 0.0000 
224800 0.0000 0.0000 
225000 0.0000 0.0000 
225200 0.0000 0.0000 
225400 0.0000 0.0000 
225600 0.0000 0.0000 
225800 0.0000 0.0000 
226000 0.0000 0.0000 
226200 0.0000 0.0000 
226400 0.0000 0.0000 
226600 0.0000 0.0000 
226800 0.0000 0.0000 
227000 0.0000 0.0000 
227200 0.0000 0.0000 
227400 0.0000 0.0000 
227600 0.0000 0.0000 
227800 0.0000 0.0000 
228000 0.0000 0.0000 
228200 0.0000 0.0000 
228400 0.0000 0.0000 
228600 0.0000 0.0000 
228800 0.0000 0.0000 
229000 0.0000 0.0000 
229200 0.0000 0.0000 
229400 0.0000 0.0000 
229600 0.0000 0.0000 
229800 0.0000 0.0000 
230000 0.0000 0.0000 
230200 0.0000 0.0000 
230400 0.0000 0.0000 
230600 0.0000 0.0000 
230800 0.0000 0.0000 
231000 0.0000 0.0000 
231200 0.0000 0.0000 
231400 0.0000 0.0000 
231600 0.0000 0.0000 
231800 0.0000 0.0000 
232000 0.0000 0.0000 
232200 0.0000 0.0000 
232400 0.0000 0.0000 
232600 0.0000 0.0000 
232800 0.0000 0.0000 
233000 0.0000 0.0000 
233200 0.0000 0.0000 
233400 0.0000 0.0000 
233600 0.0000 0.0000 
233800 0.0000 0.0000 
234000 0.0000 0.0000 
234200 0.0000 0.0000 
234400 0.0000 0.0000 
234600 0.0000 0.0000 
234800 0.0000 0.0000 
235000 0.0000 0.0000 
235200 0.0000 0.0000 
235400 0.0000 0.0000 
235600 0.0000 0.0000 
235800 0.0000 0.0000 
236000 0.0000 0.0000 
236200 0.0000 0.0000 
236400 0.0000 0.0000 
236600 0.0000 0.0000 
236800 0.0000 0.0000 
237000 0.0000 0.0000 
237200 0.0000 0.0000 
237400 0.0000 0.0000 
237600 0.0000 0.0000 
237800 0.0000 0.0000 
238000 0.0000 0.0000 
238200 0.0000 0.0000 
238400 0.0000 0.0000 
238600 0.0000 0.0000 
238800 0.0000 0.0000 
239000 0.0000 0.0000 
239200 0.0000 0.0000 
239400 0.0000 0.0000 
239600 0.0000 0.0000 
239800 0.0000 0.0000 
240000 0.0000 0.0000 
240200 0.0000 0.0000 
240400 0.0000 0.0000 
240600 0.0000 0.0000 
240800 0.0000 0.0000 
241000 0.0000 0.0000 
241200 0.0000 0.0000 
241400 0.0000 0.0000 
241600 0.0000 0.0000 
241800 0.0000 0.0000 
242000 0.0000 0.0000 
242200 0.0000 0.0000 
242400 0.0000 0.0000 
242600 0.0000 0.0000 
242800 0.0000 0.0000 
243000 0.0000 0.0000 
243200 0.0000 0.0000 
243400 0.0000 0.0000 
243600 0.0000 0.0000 
243800 0.0000 0.0000 
244000 0.0000 0.0000 
244200 0.0000 0.0000 
244400 0.0000 0.0000 
244600 0.0000 0.0000 
244800 0.0000 0.0000 
245000 0.0000 0.0000 
245200 0.0000 0.0000 
245400 0.0000 0.0000 
245600 0.0000 0.0000 
245800 0.0000 0.0000 
246000 0.0000 0.0000 
246200 0.0000 0.0000 
246400 0.0000 0.0000 
246600 0.0000 0.0000 
246800 0.0000 0.0000 
247000 0.0000 0.0000 
247200 0.0000 0.0000 
247400 0.0000 0.0000 
247600 0.0000 0.0000 
247800 0.0000 0.0000 
248000 0.0000 0.0000 
248200 0.0000 0.0000 
248400 0.0000 0.0000 
248600 0.0000 0.0000 
248800 0.0000 0.0000 
249000 0.0000 0.0000 
249200 0.0000 0.0000 
249400 0.0000 0.0000 
249600 0.0000 0.0000 
249800 0.0000 0.0000 
250000 0.0000 0.0000 
250200 0.0000 0.0000 
250400 0.0000 0.0000 
250600 0.0000 0.0000 
250800 0.0000 0.0000 
251000 0.0000 0.0000 
251200 0.0000 0.0000 
251400 0.0000 0.0000 
251600 0.0000 0.0000 
251800 0.0000 0.0000 
252000 0.0000 0.0000 
252200 0.0000 0.0000 
252400 0.0000 0.0000 
252600 0.0000 0.0000 
252800 0.0000 0.0000 
253000 0.0000 0.0000 
253200 0.0000 0.0000 
253400 0.0000 0.0000 
253600 0.0000 0.0000 
253800 0.0000 0.0000 
254000 0.0000 0.0000 
254200 0.0000 0.0000 
254400 0.0000 0.0000 
254600 0.0000 0.0000 
254800 0.0000 0.0000 
255000 0.0000 0.0000 
255200 0.0000 0.0000 
255400 0.0000 0.0000 
255600 0.0000 0.0000 
255800 0.0000 0.0000 
256000 0.0000 0.0000 
256200 0.0000 0.0000 
256400 0.0000 0.0000 
256600 0.0000 0.0000 
256800 0.0000 0.0000 
257000 0.0000 0.0000 
