100 0.2218 0.2218 
200 0.1759 0.1759 
300 0.1759 0.1759 
400 0.1759 0.1759 
500 0.1755 0.1755 
600 0.1755 0.1755 
700 0.1755 0.1755 
800 0.1755 0.1755 
900 0.1755 0.1755 
1000 0.1755 0.1755 
1100 0.1755 0.1755 
1200 0.1755 0.1755 
1300 0.1755 0.1755 
1400 0.1755 0.1755 
1500 0.1755 0.1755 
1600 0.1755 0.1755 
1700 0.1728 0.1728 
1800 0.1728 0.1728 
1900 0.1317 0.1317 
2000 0.1317 0.1317 
2100 0.1317 0.1317 
2200 0.1036 0.1036 
2300 0.1036 0.1036 
2400 0.1020 0.1020 
2500 0.1020 0.1020 
2600 0.1020 0.1020 
2700 0.1005 0.1005 
2800 0.0958 0.0958 
2900 0.0958 0.0958 
3000 0.0958 0.0958 
3100 0.0958 0.0958 
3200 0.0958 0.0958 
3300 0.0958 0.0958 
3400 0.0958 0.0958 
3500 0.0958 0.0958 
3600 0.0958 0.0958 
3700 0.0946 0.0946 
3800 0.0946 0.0946 
3900 0.0946 0.0946 
4000 0.0917 0.0917 
4100 0.0917 0.0917 
4200 0.0917 0.0917 
4300 0.0917 0.0917 
4400 0.0916 0.0916 
4500 0.0916 0.0916 
4600 0.0916 0.0916 
4700 0.0916 0.0916 
4800 0.0916 0.0916 
4900 0.0916 0.0916 
5000 0.0916 0.0916 
5100 0.0841 0.0841 
5200 0.0841 0.0841 
5300 0.0841 0.0841 
5400 0.0785 0.0785 
5500 0.0785 0.0785 
5600 0.0785 0.0785 
5700 0.0785 0.0785 
5800 0.0785 0.0785 
5900 0.0785 0.0785 
6000 0.0785 0.0785 
6100 0.0639 0.0639 
6200 0.0639 0.0639 
6300 0.0639 0.0639 
6400 0.0639 0.0639 
6500 0.0639 0.0639 
6600 0.0639 0.0639 
6700 0.0639 0.0639 
6800 0.0639 0.0639 
6900 0.0639 0.0639 
7000 0.0639 0.0639 
7100 0.0639 0.0639 
7200 0.0639 0.0639 
7300 0.0639 0.0639 
7400 0.0639 0.0639 
7500 0.0441 0.0441 
7600 0.0441 0.0441 
7700 0.0441 0.0441 
7800 0.0441 0.0441 
7900 0.0441 0.0441 
8000 0.0441 0.0441 
8100 0.0441 0.0441 
8200 0.0441 0.0441 
8300 0.0441 0.0441 
8400 0.0441 0.0441 
8500 0.0441 0.0441 
8600 0.0441 0.0441 
8700 0.0441 0.0441 
8800 0.0441 0.0441 
8900 0.0411 0.0411 
9000 0.0411 0.0411 
9100 0.0411 0.0411 
9200 0.0411 0.0411 
9300 0.0411 0.0411 
9400 0.0411 0.0411 
9500 0.0411 0.0411 
9600 0.0411 0.0411 
9700 0.0411 0.0411 
9800 0.0411 0.0411 
9900 0.0411 0.0411 
10000 0.0411 0.0411 
10100 0.0411 0.0411 
10200 0.0411 0.0411 
10300 0.0411 0.0411 
10400 0.0411 0.0411 
10500 0.0411 0.0411 
10600 0.0411 0.0411 
10700 0.0411 0.0411 
10800 0.0411 0.0411 
10900 0.0411 0.0411 
11000 0.0411 0.0411 
11100 0.0411 0.0411 
11200 0.0411 0.0411 
11300 0.0411 0.0411 
11400 0.0411 0.0411 
11500 0.0411 0.0411 
11600 0.0411 0.0411 
11700 0.0411 0.0411 
11800 0.0411 0.0411 
11900 0.0411 0.0411 
12000 0.0411 0.0411 
12100 0.0411 0.0411 
12200 0.0411 0.0411 
12300 0.0411 0.0411 
12400 0.0411 0.0411 
12500 0.0411 0.0411 
12600 0.0411 0.0411 
12700 0.0411 0.0411 
12800 0.0411 0.0411 
12900 0.0356 0.0356 
13000 0.0356 0.0356 
13100 0.0356 0.0356 
13200 0.0356 0.0356 
13300 0.0356 0.0356 
13400 0.0331 0.0331 
13500 0.0331 0.0331 
13600 0.0331 0.0331 
13700 0.0331 0.0331 
13800 0.0331 0.0331 
13900 0.0331 0.0331 
14000 0.0331 0.0331 
14100 0.0331 0.0331 
14200 0.0331 0.0331 
14300 0.0331 0.0331 
14400 0.0331 0.0331 
14500 0.0331 0.0331 
14600 0.0331 0.0331 
14700 0.0331 0.0331 
14800 0.0331 0.0331 
14900 0.0331 0.0331 
15000 0.0331 0.0331 
15100 0.0331 0.0331 
15200 0.0331 0.0331 
15300 0.0331 0.0331 
15400 0.0331 0.0331 
15500 0.0331 0.0331 
15600 0.0331 0.0331 
15700 0.0331 0.0331 
15800 0.0331 0.0331 
15900 0.0331 0.0331 
16000 0.0331 0.0331 
16100 0.0331 0.0331 
16200 0.0331 0.0331 
16300 0.0331 0.0331 
16400 0.0331 0.0331 
16500 0.0331 0.0331 
16600 0.0331 0.0331 
16700 0.0331 0.0331 
16800 0.0331 0.0331 
16900 0.0331 0.0331 
17000 0.0331 0.0331 
17100 0.0331 0.0331 
17200 0.0331 0.0331 
17300 0.0331 0.0331 
17400 0.0331 0.0331 
17500 0.0331 0.0331 
17600 0.0331 0.0331 
17700 0.0331 0.0331 
17800 0.0331 0.0331 
17900 0.0331 0.0331 
18000 0.0331 0.0331 
18100 0.0331 0.0331 
18200 0.0331 0.0331 
18300 0.0331 0.0331 
18400 0.0331 0.0331 
18500 0.0331 0.0331 
18600 0.0331 0.0331 
18700 0.0308 0.0308 
18800 0.0308 0.0308 
18900 0.0308 0.0308 
19000 0.0308 0.0308 
19100 0.0308 0.0308 
19200 0.0308 0.0308 
19300 0.0308 0.0308 
19400 0.0308 0.0308 
19500 0.0308 0.0308 
19600 0.0308 0.0308 
19700 0.0308 0.0308 
19800 0.0308 0.0308 
19900 0.0308 0.0308 
20000 0.0308 0.0308 
20100 0.0308 0.0308 
20200 0.0308 0.0308 
20300 0.0304 0.0304 
20400 0.0224 0.0224 
20500 0.0224 0.0224 
20600 0.0224 0.0224 
20700 0.0224 0.0224 
20800 0.0224 0.0224 
20900 0.0224 0.0224 
21000 0.0224 0.0224 
21100 0.0224 0.0224 
21200 0.0224 0.0224 
21300 0.0224 0.0224 
21400 0.0224 0.0224 
21500 0.0224 0.0224 
21600 0.0224 0.0224 
21700 0.0224 0.0224 
21800 0.0216 0.0216 
21900 0.0216 0.0216 
22000 0.0216 0.0216 
22100 0.0216 0.0216 
22200 0.0216 0.0216 
22300 0.0216 0.0216 
22400 0.0216 0.0216 
22500 0.0216 0.0216 
22600 0.0216 0.0216 
22700 0.0216 0.0216 
22800 0.0184 0.0184 
22900 0.0184 0.0184 
23000 0.0184 0.0184 
23100 0.0184 0.0184 
23200 0.0184 0.0184 
23300 0.0184 0.0184 
23400 0.0184 0.0184 
23500 0.0184 0.0184 
23600 0.0184 0.0184 
23700 0.0184 0.0184 
23800 0.0184 0.0184 
23900 0.0184 0.0184 
24000 0.0184 0.0184 
24100 0.0184 0.0184 
24200 0.0184 0.0184 
24300 0.0184 0.0184 
24400 0.0184 0.0184 
24500 0.0184 0.0184 
24600 0.0184 0.0184 
24700 0.0184 0.0184 
24800 0.0184 0.0184 
24900 0.0184 0.0184 
25000 0.0184 0.0184 
25100 0.0184 0.0184 
25200 0.0184 0.0184 
25300 0.0175 0.0175 
25400 0.0175 0.0175 
25500 0.0175 0.0175 
25600 0.0175 0.0175 
25700 0.0175 0.0175 
25800 0.0175 0.0175 
25900 0.0175 0.0175 
26000 0.0175 0.0175 
26100 0.0175 0.0175 
26200 0.0175 0.0175 
26300 0.0175 0.0175 
26400 0.0175 0.0175 
26500 0.0175 0.0175 
26600 0.0175 0.0175 
26700 0.0175 0.0175 
26800 0.0175 0.0175 
26900 0.0175 0.0175 
27000 0.0175 0.0175 
27100 0.0175 0.0175 
27200 0.0175 0.0175 
27300 0.0175 0.0175 
27400 0.0175 0.0175 
27500 0.0175 0.0175 
27600 0.0175 0.0175 
27700 0.0175 0.0175 
27800 0.0175 0.0175 
27900 0.0175 0.0175 
28000 0.0175 0.0175 
28100 0.0175 0.0175 
28200 0.0175 0.0175 
28300 0.0175 0.0175 
28400 0.0175 0.0175 
28500 0.0175 0.0175 
28600 0.0175 0.0175 
28700 0.0175 0.0175 
28800 0.0175 0.0175 
28900 0.0175 0.0175 
29000 0.0175 0.0175 
29100 0.0175 0.0175 
29200 0.0175 0.0175 
29300 0.0175 0.0175 
29400 0.0160 0.0160 
29500 0.0160 0.0160 
29600 0.0160 0.0160 
29700 0.0160 0.0160 
29800 0.0160 0.0160 
29900 0.0160 0.0160 
30000 0.0160 0.0160 
30100 0.0160 0.0160 
30200 0.0160 0.0160 
30300 0.0160 0.0160 
30400 0.0160 0.0160 
30500 0.0160 0.0160 
30600 0.0160 0.0160 
30700 0.0160 0.0160 
30800 0.0160 0.0160 
30900 0.0160 0.0160 
31000 0.0160 0.0160 
31100 0.0160 0.0160 
31200 0.0160 0.0160 
31300 0.0160 0.0160 
31400 0.0160 0.0160 
31500 0.0160 0.0160 
31600 0.0160 0.0160 
31700 0.0160 0.0160 
31800 0.0160 0.0160 
31900 0.0160 0.0160 
32000 0.0160 0.0160 
32100 0.0160 0.0160 
32200 0.0160 0.0160 
32300 0.0160 0.0160 
32400 0.0160 0.0160 
32500 0.0160 0.0160 
32600 0.0160 0.0160 
32700 0.0160 0.0160 
32800 0.0160 0.0160 
32900 0.0160 0.0160 
33000 0.0160 0.0160 
33100 0.0160 0.0160 
33200 0.0160 0.0160 
33300 0.0160 0.0160 
33400 0.0160 0.0160 
33500 0.0160 0.0160 
33600 0.0160 0.0160 
33700 0.0160 0.0160 
33800 0.0160 0.0160 
33900 0.0160 0.0160 
34000 0.0160 0.0160 
34100 0.0160 0.0160 
34200 0.0160 0.0160 
34300 0.0160 0.0160 
34400 0.0160 0.0160 
34500 0.0160 0.0160 
34600 0.0160 0.0160 
34700 0.0160 0.0160 
34800 0.0160 0.0160 
34900 0.0160 0.0160 
35000 0.0160 0.0160 
35100 0.0160 0.0160 
35200 0.0160 0.0160 
35300 0.0160 0.0160 
35400 0.0160 0.0160 
35500 0.0160 0.0160 
35600 0.0160 0.0160 
35700 0.0160 0.0160 
35800 0.0160 0.0160 
35900 0.0160 0.0160 
36000 0.0160 0.0160 
36100 0.0160 0.0160 
36200 0.0160 0.0160 
36300 0.0160 0.0160 
36400 0.0160 0.0160 
36500 0.0160 0.0160 
36600 0.0160 0.0160 
36700 0.0160 0.0160 
36800 0.0160 0.0160 
36900 0.0160 0.0160 
37000 0.0160 0.0160 
37100 0.0160 0.0160 
37200 0.0160 0.0160 
37300 0.0160 0.0160 
37400 0.0160 0.0160 
37500 0.0160 0.0160 
37600 0.0160 0.0160 
37700 0.0160 0.0160 
37800 0.0160 0.0160 
37900 0.0160 0.0160 
38000 0.0160 0.0160 
38100 0.0160 0.0160 
38200 0.0160 0.0160 
38300 0.0160 0.0160 
38400 0.0160 0.0160 
38500 0.0160 0.0160 
38600 0.0160 0.0160 
38700 0.0160 0.0160 
38800 0.0160 0.0160 
38900 0.0160 0.0160 
39000 0.0160 0.0160 
39100 0.0160 0.0160 
39200 0.0160 0.0160 
39300 0.0160 0.0160 
39400 0.0160 0.0160 
39500 0.0160 0.0160 
39600 0.0160 0.0160 
39700 0.0160 0.0160 
39800 0.0160 0.0160 
39900 0.0160 0.0160 
40000 0.0160 0.0160 
40100 0.0160 0.0160 
40200 0.0160 0.0160 
40300 0.0160 0.0160 
40400 0.0160 0.0160 
40500 0.0160 0.0160 
40600 0.0160 0.0160 
40700 0.0160 0.0160 
40800 0.0160 0.0160 
40900 0.0160 0.0160 
41000 0.0160 0.0160 
41100 0.0160 0.0160 
41200 0.0160 0.0160 
41300 0.0160 0.0160 
41400 0.0160 0.0160 
41500 0.0160 0.0160 
41600 0.0160 0.0160 
41700 0.0160 0.0160 
41800 0.0160 0.0160 
41900 0.0160 0.0160 
42000 0.0160 0.0160 
42100 0.0160 0.0160 
42200 0.0160 0.0160 
42300 0.0160 0.0160 
42400 0.0160 0.0160 
42500 0.0160 0.0160 
42600 0.0160 0.0160 
42700 0.0160 0.0160 
42800 0.0160 0.0160 
42900 0.0160 0.0160 
43000 0.0160 0.0160 
43100 0.0160 0.0160 
43200 0.0160 0.0160 
43300 0.0160 0.0160 
43400 0.0160 0.0160 
43500 0.0160 0.0160 
43600 0.0160 0.0160 
43700 0.0160 0.0160 
43800 0.0160 0.0160 
43900 0.0160 0.0160 
44000 0.0160 0.0160 
44100 0.0160 0.0160 
44200 0.0160 0.0160 
44300 0.0160 0.0160 
44400 0.0160 0.0160 
44500 0.0160 0.0160 
44600 0.0160 0.0160 
44700 0.0160 0.0160 
44800 0.0160 0.0160 
44900 0.0160 0.0160 
45000 0.0160 0.0160 
45100 0.0160 0.0160 
45200 0.0160 0.0160 
45300 0.0160 0.0160 
45400 0.0160 0.0160 
45500 0.0160 0.0160 
45600 0.0160 0.0160 
45700 0.0160 0.0160 
45800 0.0160 0.0160 
45900 0.0160 0.0160 
46000 0.0160 0.0160 
46100 0.0160 0.0160 
46200 0.0160 0.0160 
46300 0.0160 0.0160 
46400 0.0160 0.0160 
46500 0.0160 0.0160 
46600 0.0160 0.0160 
46700 0.0160 0.0160 
46800 0.0160 0.0160 
46900 0.0160 0.0160 
47000 0.0160 0.0160 
47100 0.0160 0.0160 
47200 0.0160 0.0160 
47300 0.0160 0.0160 
47400 0.0160 0.0160 
47500 0.0160 0.0160 
47600 0.0160 0.0160 
47700 0.0160 0.0160 
47800 0.0160 0.0160 
47900 0.0160 0.0160 
48000 0.0160 0.0160 
48100 0.0160 0.0160 
48200 0.0160 0.0160 
48300 0.0160 0.0160 
48400 0.0160 0.0160 
48500 0.0160 0.0160 
48600 0.0160 0.0160 
48700 0.0160 0.0160 
48800 0.0160 0.0160 
48900 0.0160 0.0160 
49000 0.0160 0.0160 
49100 0.0160 0.0160 
49200 0.0160 0.0160 
49300 0.0160 0.0160 
49400 0.0160 0.0160 
49500 0.0160 0.0160 
49600 0.0160 0.0160 
49700 0.0160 0.0160 
49800 0.0160 0.0160 
49900 0.0160 0.0160 
50000 0.0160 0.0160 
50100 0.0160 0.0160 
50200 0.0160 0.0160 
50300 0.0160 0.0160 
50400 0.0160 0.0160 
50500 0.0160 0.0160 
50600 0.0160 0.0160 
50700 0.0160 0.0160 
50800 0.0160 0.0160 
50900 0.0160 0.0160 
51000 0.0160 0.0160 
51100 0.0160 0.0160 
51200 0.0160 0.0160 
51300 0.0160 0.0160 
51400 0.0157 0.0157 
51500 0.0157 0.0157 
51600 0.0157 0.0157 
51700 0.0157 0.0157 
51800 0.0157 0.0157 
51900 0.0157 0.0157 
52000 0.0157 0.0157 
52100 0.0157 0.0157 
52200 0.0157 0.0157 
52300 0.0157 0.0157 
52400 0.0157 0.0157 
52500 0.0157 0.0157 
52600 0.0157 0.0157 
52700 0.0157 0.0157 
52800 0.0157 0.0157 
52900 0.0157 0.0157 
53000 0.0157 0.0157 
53100 0.0157 0.0157 
53200 0.0157 0.0157 
53300 0.0157 0.0157 
53400 0.0157 0.0157 
53500 0.0157 0.0157 
53600 0.0157 0.0157 
53700 0.0157 0.0157 
53800 0.0157 0.0157 
53900 0.0157 0.0157 
54000 0.0157 0.0157 
54100 0.0157 0.0157 
54200 0.0157 0.0157 
54300 0.0157 0.0157 
54400 0.0157 0.0157 
54500 0.0067 0.0067 
54600 0.0067 0.0067 
54700 0.0067 0.0067 
54800 0.0067 0.0067 
54900 0.0067 0.0067 
55000 0.0067 0.0067 
55100 0.0067 0.0067 
55200 0.0067 0.0067 
55300 0.0067 0.0067 
55400 0.0067 0.0067 
55500 0.0067 0.0067 
55600 0.0067 0.0067 
55700 0.0067 0.0067 
55800 0.0067 0.0067 
55900 0.0067 0.0067 
56000 0.0067 0.0067 
56100 0.0067 0.0067 
56200 0.0067 0.0067 
56300 0.0067 0.0067 
56400 0.0067 0.0067 
56500 0.0067 0.0067 
56600 0.0067 0.0067 
56700 0.0067 0.0067 
56800 0.0067 0.0067 
56900 0.0067 0.0067 
57000 0.0067 0.0067 
57100 0.0067 0.0067 
57200 0.0067 0.0067 
57300 0.0067 0.0067 
57400 0.0067 0.0067 
57500 0.0067 0.0067 
57600 0.0067 0.0067 
57700 0.0067 0.0067 
57800 0.0067 0.0067 
57900 0.0067 0.0067 
58000 0.0067 0.0067 
58100 0.0067 0.0067 
58200 0.0067 0.0067 
58300 0.0067 0.0067 
58400 0.0067 0.0067 
58500 0.0067 0.0067 
58600 0.0067 0.0067 
58700 0.0067 0.0067 
58800 0.0067 0.0067 
58900 0.0067 0.0067 
59000 0.0067 0.0067 
59100 0.0067 0.0067 
59200 0.0067 0.0067 
59300 0.0067 0.0067 
59400 0.0067 0.0067 
59500 0.0067 0.0067 
59600 0.0067 0.0067 
59700 0.0067 0.0067 
59800 0.0067 0.0067 
59900 0.0067 0.0067 
60000 0.0067 0.0067 
60100 0.0067 0.0067 
60200 0.0067 0.0067 
60300 0.0067 0.0067 
60400 0.0067 0.0067 
60500 0.0067 0.0067 
60600 0.0067 0.0067 
60700 0.0067 0.0067 
60800 0.0067 0.0067 
60900 0.0067 0.0067 
61000 0.0067 0.0067 
61100 0.0066 0.0066 
61200 0.0066 0.0066 
61300 0.0066 0.0066 
61400 0.0066 0.0066 
61500 0.0066 0.0066 
61600 0.0066 0.0066 
61700 0.0064 0.0064 
61800 0.0064 0.0064 
61900 0.0036 0.0036 
62000 0.0036 0.0036 
62100 0.0036 0.0036 
62200 0.0036 0.0036 
62300 0.0036 0.0036 
62400 0.0036 0.0036 
62500 0.0036 0.0036 
62600 0.0036 0.0036 
62700 0.0036 0.0036 
62800 0.0036 0.0036 
62900 0.0016 0.0016 
63000 0.0016 0.0016 
63100 0.0016 0.0016 
63200 0.0016 0.0016 
63300 0.0016 0.0016 
63400 0.0016 0.0016 
63500 0.0016 0.0016 
63600 0.0016 0.0016 
63700 0.0016 0.0016 
63800 0.0016 0.0016 
63900 0.0016 0.0016 
64000 0.0016 0.0016 
64100 0.0016 0.0016 
64200 0.0016 0.0016 
64300 0.0016 0.0016 
64400 0.0016 0.0016 
64500 0.0016 0.0016 
64600 0.0016 0.0016 
64700 0.0016 0.0016 
64800 0.0016 0.0016 
64900 0.0016 0.0016 
65000 0.0016 0.0016 
65100 0.0016 0.0016 
65200 0.0016 0.0016 
65300 0.0016 0.0016 
65400 0.0016 0.0016 
65500 0.0016 0.0016 
65600 0.0016 0.0016 
65700 0.0016 0.0016 
65800 0.0016 0.0016 
65900 0.0016 0.0016 
66000 0.0016 0.0016 
66100 0.0016 0.0016 
66200 0.0016 0.0016 
66300 0.0016 0.0016 
66400 0.0016 0.0016 
66500 0.0016 0.0016 
66600 0.0016 0.0016 
66700 0.0016 0.0016 
66800 0.0016 0.0016 
66900 0.0016 0.0016 
67000 0.0016 0.0016 
67100 0.0016 0.0016 
67200 0.0016 0.0016 
67300 0.0016 0.0016 
67400 0.0016 0.0016 
67500 0.0016 0.0016 
67600 0.0016 0.0016 
67700 0.0016 0.0016 
67800 0.0016 0.0016 
67900 0.0016 0.0016 
68000 0.0016 0.0016 
68100 0.0016 0.0016 
68200 0.0016 0.0016 
68300 0.0016 0.0016 
68400 0.0016 0.0016 
68500 0.0016 0.0016 
68600 0.0016 0.0016 
68700 0.0016 0.0016 
68800 0.0016 0.0016 
68900 0.0016 0.0016 
69000 0.0016 0.0016 
69100 0.0016 0.0016 
69200 0.0016 0.0016 
69300 0.0016 0.0016 
69400 0.0016 0.0016 
69500 0.0016 0.0016 
69600 0.0016 0.0016 
69700 0.0016 0.0016 
69800 0.0016 0.0016 
69900 0.0016 0.0016 
70000 0.0016 0.0016 
70100 0.0016 0.0016 
70200 0.0016 0.0016 
70300 0.0016 0.0016 
70400 0.0016 0.0016 
70500 0.0016 0.0016 
70600 0.0016 0.0016 
70700 0.0016 0.0016 
70800 0.0016 0.0016 
70900 0.0016 0.0016 
71000 0.0016 0.0016 
71100 0.0016 0.0016 
71200 0.0016 0.0016 
71300 0.0016 0.0016 
71400 0.0016 0.0016 
71500 0.0016 0.0016 
71600 0.0016 0.0016 
71700 0.0016 0.0016 
71800 0.0016 0.0016 
71900 0.0016 0.0016 
72000 0.0016 0.0016 
72100 0.0016 0.0016 
72200 0.0016 0.0016 
72300 0.0016 0.0016 
72400 0.0016 0.0016 
72500 0.0016 0.0016 
72600 0.0016 0.0016 
72700 0.0016 0.0016 
72800 0.0016 0.0016 
72900 0.0016 0.0016 
73000 0.0016 0.0016 
73100 0.0016 0.0016 
73200 0.0016 0.0016 
73300 0.0016 0.0016 
73400 0.0016 0.0016 
73500 0.0016 0.0016 
73600 0.0016 0.0016 
73700 0.0016 0.0016 
73800 0.0016 0.0016 
73900 0.0016 0.0016 
74000 0.0016 0.0016 
74100 0.0016 0.0016 
74200 0.0016 0.0016 
74300 0.0016 0.0016 
74400 0.0016 0.0016 
74500 0.0016 0.0016 
74600 0.0016 0.0016 
74700 0.0016 0.0016 
74800 0.0016 0.0016 
74900 0.0016 0.0016 
75000 0.0016 0.0016 
75100 0.0016 0.0016 
75200 0.0016 0.0016 
75300 0.0016 0.0016 
75400 0.0016 0.0016 
75500 0.0016 0.0016 
75600 0.0016 0.0016 
75700 0.0016 0.0016 
75800 0.0016 0.0016 
75900 0.0016 0.0016 
76000 0.0016 0.0016 
76100 0.0016 0.0016 
76200 0.0016 0.0016 
76300 0.0016 0.0016 
76400 0.0016 0.0016 
76500 0.0016 0.0016 
76600 0.0016 0.0016 
76700 0.0016 0.0016 
76800 0.0016 0.0016 
76900 0.0016 0.0016 
77000 0.0016 0.0016 
77100 0.0016 0.0016 
77200 0.0016 0.0016 
77300 0.0016 0.0016 
77400 0.0016 0.0016 
77500 0.0016 0.0016 
77600 0.0016 0.0016 
77700 0.0016 0.0016 
77800 0.0016 0.0016 
77900 0.0016 0.0016 
78000 0.0016 0.0016 
78100 0.0016 0.0016 
78200 0.0016 0.0016 
78300 0.0016 0.0016 
78400 0.0016 0.0016 
78500 0.0016 0.0016 
78600 0.0016 0.0016 
78700 0.0016 0.0016 
78800 0.0016 0.0016 
78900 0.0016 0.0016 
79000 0.0016 0.0016 
79100 0.0016 0.0016 
79200 0.0016 0.0016 
79300 0.0016 0.0016 
79400 0.0016 0.0016 
79500 0.0016 0.0016 
79600 0.0016 0.0016 
79700 0.0016 0.0016 
79800 0.0016 0.0016 
79900 0.0016 0.0016 
80000 0.0016 0.0016 
80100 0.0016 0.0016 
80200 0.0016 0.0016 
80300 0.0016 0.0016 
80400 0.0016 0.0016 
80500 0.0016 0.0016 
80600 0.0016 0.0016 
80700 0.0016 0.0016 
80800 0.0016 0.0016 
80900 0.0016 0.0016 
81000 0.0016 0.0016 
81100 0.0016 0.0016 
81200 0.0016 0.0016 
81300 0.0016 0.0016 
81400 0.0016 0.0016 
81500 0.0016 0.0016 
81600 0.0016 0.0016 
81700 0.0016 0.0016 
81800 0.0016 0.0016 
81900 0.0016 0.0016 
82000 0.0016 0.0016 
82100 0.0016 0.0016 
82200 0.0016 0.0016 
82300 0.0016 0.0016 
82400 0.0016 0.0016 
82500 0.0016 0.0016 
82600 0.0016 0.0016 
82700 0.0016 0.0016 
82800 0.0016 0.0016 
82900 0.0016 0.0016 
83000 0.0016 0.0016 
83100 0.0016 0.0016 
83200 0.0016 0.0016 
83300 0.0016 0.0016 
83400 0.0016 0.0016 
83500 0.0016 0.0016 
83600 0.0016 0.0016 
83700 0.0016 0.0016 
83800 0.0016 0.0016 
83900 0.0016 0.0016 
84000 0.0016 0.0016 
84100 0.0016 0.0016 
84200 0.0016 0.0016 
84300 0.0016 0.0016 
84400 0.0016 0.0016 
84500 0.0016 0.0016 
84600 0.0016 0.0016 
84700 0.0016 0.0016 
84800 0.0016 0.0016 
84900 0.0016 0.0016 
85000 0.0016 0.0016 
85100 0.0016 0.0016 
85200 0.0016 0.0016 
85300 0.0016 0.0016 
85400 0.0016 0.0016 
85500 0.0016 0.0016 
85600 0.0016 0.0016 
85700 0.0016 0.0016 
85800 0.0016 0.0016 
85900 0.0016 0.0016 
86000 0.0016 0.0016 
86100 0.0016 0.0016 
86200 0.0016 0.0016 
86300 0.0016 0.0016 
86400 0.0016 0.0016 
86500 0.0016 0.0016 
86600 0.0016 0.0016 
86700 0.0016 0.0016 
86800 0.0016 0.0016 
86900 0.0016 0.0016 
87000 0.0016 0.0016 
87100 0.0016 0.0016 
87200 0.0016 0.0016 
87300 0.0016 0.0016 
87400 0.0016 0.0016 
87500 0.0016 0.0016 
87600 0.0016 0.0016 
87700 0.0016 0.0016 
87800 0.0016 0.0016 
87900 0.0016 0.0016 
88000 0.0016 0.0016 
88100 0.0016 0.0016 
88200 0.0016 0.0016 
88300 0.0016 0.0016 
88400 0.0016 0.0016 
88500 0.0016 0.0016 
88600 0.0016 0.0016 
88700 0.0016 0.0016 
88800 0.0016 0.0016 
88900 0.0016 0.0016 
89000 0.0016 0.0016 
89100 0.0016 0.0016 
89200 0.0016 0.0016 
89300 0.0016 0.0016 
89400 0.0016 0.0016 
89500 0.0016 0.0016 
89600 0.0016 0.0016 
89700 0.0016 0.0016 
89800 0.0016 0.0016 
89900 0.0016 0.0016 
90000 0.0016 0.0016 
90100 0.0016 0.0016 
90200 0.0016 0.0016 
90300 0.0016 0.0016 
90400 0.0016 0.0016 
90500 0.0016 0.0016 
90600 0.0016 0.0016 
90700 0.0016 0.0016 
90800 0.0016 0.0016 
90900 0.0016 0.0016 
91000 0.0016 0.0016 
91100 0.0016 0.0016 
91200 0.0016 0.0016 
91300 0.0016 0.0016 
91400 0.0016 0.0016 
91500 0.0016 0.0016 
91600 0.0016 0.0016 
91700 0.0016 0.0016 
91800 0.0016 0.0016 
91900 0.0016 0.0016 
92000 0.0016 0.0016 
92100 0.0016 0.0016 
92200 0.0016 0.0016 
92300 0.0016 0.0016 
92400 0.0016 0.0016 
92500 0.0016 0.0016 
92600 0.0016 0.0016 
92700 0.0016 0.0016 
92800 0.0016 0.0016 
92900 0.0016 0.0016 
93000 0.0016 0.0016 
93100 0.0016 0.0016 
93200 0.0016 0.0016 
93300 0.0016 0.0016 
93400 0.0016 0.0016 
93500 0.0016 0.0016 
93600 0.0016 0.0016 
93700 0.0016 0.0016 
93800 0.0016 0.0016 
93900 0.0016 0.0016 
94000 0.0016 0.0016 
94100 0.0016 0.0016 
94200 0.0016 0.0016 
94300 0.0016 0.0016 
94400 0.0016 0.0016 
94500 0.0016 0.0016 
94600 0.0016 0.0016 
94700 0.0016 0.0016 
94800 0.0016 0.0016 
94900 0.0016 0.0016 
95000 0.0016 0.0016 
95100 0.0016 0.0016 
95200 0.0016 0.0016 
95300 0.0016 0.0016 
95400 0.0016 0.0016 
95500 0.0016 0.0016 
95600 0.0016 0.0016 
95700 0.0016 0.0016 
95800 0.0016 0.0016 
95900 0.0016 0.0016 
96000 0.0016 0.0016 
96100 0.0016 0.0016 
96200 0.0016 0.0016 
96300 0.0016 0.0016 
96400 0.0016 0.0016 
96500 0.0016 0.0016 
96600 0.0016 0.0016 
96700 0.0016 0.0016 
96800 0.0016 0.0016 
96900 0.0016 0.0016 
97000 0.0016 0.0016 
97100 0.0016 0.0016 
97200 0.0016 0.0016 
97300 0.0016 0.0016 
97400 0.0016 0.0016 
97500 0.0016 0.0016 
97600 0.0016 0.0016 
97700 0.0016 0.0016 
97800 0.0016 0.0016 
97900 0.0016 0.0016 
98000 0.0016 0.0016 
98100 0.0016 0.0016 
98200 0.0016 0.0016 
98300 0.0016 0.0016 
98400 0.0016 0.0016 
98500 0.0016 0.0016 
98600 0.0016 0.0016 
98700 0.0016 0.0016 
98800 0.0016 0.0016 
98900 0.0016 0.0016 
99000 0.0016 0.0016 
99100 0.0016 0.0016 
99200 0.0016 0.0016 
99300 0.0016 0.0016 
99400 0.0016 0.0016 
99500 0.0016 0.0016 
99600 0.0016 0.0016 
99700 0.0016 0.0016 
99800 0.0016 0.0016 
99900 0.0016 0.0016 
100000 0.0016 0.0016 
100100 0.0016 0.0016 
100200 0.0016 0.0016 
100300 0.0016 0.0016 
100400 0.0016 0.0016 
100500 0.0016 0.0016 
100600 0.0016 0.0016 
100700 0.0016 0.0016 
100800 0.0016 0.0016 
100900 0.0016 0.0016 
101000 0.0016 0.0016 
101100 0.0016 0.0016 
101200 0.0016 0.0016 
101300 0.0016 0.0016 
101400 0.0016 0.0016 
101500 0.0016 0.0016 
101600 0.0016 0.0016 
101700 0.0016 0.0016 
101800 0.0016 0.0016 
101900 0.0016 0.0016 
102000 0.0016 0.0016 
102100 0.0016 0.0016 
102200 0.0016 0.0016 
102300 0.0016 0.0016 
102400 0.0016 0.0016 
102500 0.0016 0.0016 
102600 0.0016 0.0016 
102700 0.0016 0.0016 
102800 0.0016 0.0016 
102900 0.0016 0.0016 
103000 0.0016 0.0016 
103100 0.0016 0.0016 
103200 0.0016 0.0016 
103300 0.0016 0.0016 
103400 0.0016 0.0016 
103500 0.0016 0.0016 
103600 0.0016 0.0016 
103700 0.0016 0.0016 
103800 0.0016 0.0016 
103900 0.0016 0.0016 
104000 0.0016 0.0016 
104100 0.0016 0.0016 
104200 0.0016 0.0016 
104300 0.0016 0.0016 
104400 0.0016 0.0016 
104500 0.0016 0.0016 
104600 0.0016 0.0016 
104700 0.0016 0.0016 
104800 0.0016 0.0016 
104900 0.0016 0.0016 
105000 0.0016 0.0016 
105100 0.0016 0.0016 
105200 0.0016 0.0016 
105300 0.0016 0.0016 
105400 0.0016 0.0016 
105500 0.0016 0.0016 
105600 0.0016 0.0016 
105700 0.0016 0.0016 
105800 0.0016 0.0016 
105900 0.0016 0.0016 
106000 0.0016 0.0016 
106100 0.0016 0.0016 
106200 0.0016 0.0016 
106300 0.0016 0.0016 
106400 0.0016 0.0016 
106500 0.0016 0.0016 
106600 0.0016 0.0016 
106700 0.0016 0.0016 
106800 0.0016 0.0016 
106900 0.0016 0.0016 
107000 0.0016 0.0016 
107100 0.0016 0.0016 
107200 0.0016 0.0016 
107300 0.0016 0.0016 
107400 0.0016 0.0016 
107500 0.0016 0.0016 
107600 0.0016 0.0016 
107700 0.0016 0.0016 
107800 0.0016 0.0016 
107900 0.0016 0.0016 
108000 0.0016 0.0016 
108100 0.0016 0.0016 
108200 0.0016 0.0016 
108300 0.0016 0.0016 
108400 0.0016 0.0016 
108500 0.0016 0.0016 
108600 0.0016 0.0016 
108700 0.0016 0.0016 
108800 0.0016 0.0016 
108900 0.0016 0.0016 
109000 0.0016 0.0016 
109100 0.0016 0.0016 
109200 0.0016 0.0016 
109300 0.0016 0.0016 
109400 0.0016 0.0016 
109500 0.0016 0.0016 
109600 0.0016 0.0016 
109700 0.0016 0.0016 
109800 0.0016 0.0016 
109900 0.0016 0.0016 
110000 0.0016 0.0016 
110100 0.0016 0.0016 
110200 0.0016 0.0016 
110300 0.0016 0.0016 
110400 0.0016 0.0016 
110500 0.0016 0.0016 
110600 0.0016 0.0016 
110700 0.0016 0.0016 
110800 0.0016 0.0016 
110900 0.0016 0.0016 
111000 0.0016 0.0016 
111100 0.0016 0.0016 
111200 0.0016 0.0016 
111300 0.0016 0.0016 
111400 0.0016 0.0016 
111500 0.0016 0.0016 
111600 0.0016 0.0016 
111700 0.0016 0.0016 
111800 0.0016 0.0016 
111900 0.0016 0.0016 
112000 0.0016 0.0016 
112100 0.0016 0.0016 
112200 0.0016 0.0016 
112300 0.0016 0.0016 
112400 0.0016 0.0016 
112500 0.0016 0.0016 
112600 0.0016 0.0016 
112700 0.0016 0.0016 
112800 0.0016 0.0016 
112900 0.0016 0.0016 
113000 0.0016 0.0016 
113100 0.0016 0.0016 
113200 0.0016 0.0016 
113300 0.0016 0.0016 
113400 0.0016 0.0016 
113500 0.0016 0.0016 
113600 0.0016 0.0016 
113700 0.0016 0.0016 
113800 0.0016 0.0016 
113900 0.0016 0.0016 
114000 0.0016 0.0016 
114100 0.0016 0.0016 
114200 0.0016 0.0016 
114300 0.0016 0.0016 
114400 0.0016 0.0016 
114500 0.0016 0.0016 
114600 0.0016 0.0016 
114700 0.0016 0.0016 
114800 0.0016 0.0016 
114900 0.0016 0.0016 
115000 0.0016 0.0016 
115100 0.0016 0.0016 
115200 0.0016 0.0016 
115300 0.0016 0.0016 
115400 0.0016 0.0016 
115500 0.0016 0.0016 
115600 0.0016 0.0016 
115700 0.0016 0.0016 
115800 0.0016 0.0016 
115900 0.0016 0.0016 
116000 0.0016 0.0016 
116100 0.0016 0.0016 
116200 0.0016 0.0016 
116300 0.0016 0.0016 
116400 0.0016 0.0016 
116500 0.0016 0.0016 
116600 0.0016 0.0016 
116700 0.0016 0.0016 
116800 0.0016 0.0016 
116900 0.0016 0.0016 
117000 0.0016 0.0016 
117100 0.0016 0.0016 
117200 0.0016 0.0016 
117300 0.0016 0.0016 
117400 0.0016 0.0016 
117500 0.0016 0.0016 
117600 0.0016 0.0016 
117700 0.0016 0.0016 
117800 0.0016 0.0016 
117900 0.0016 0.0016 
118000 0.0016 0.0016 
118100 0.0016 0.0016 
118200 0.0016 0.0016 
118300 0.0016 0.0016 
118400 0.0016 0.0016 
118500 0.0016 0.0016 
118600 0.0016 0.0016 
118700 0.0016 0.0016 
118800 0.0016 0.0016 
118900 0.0016 0.0016 
119000 0.0016 0.0016 
119100 0.0016 0.0016 
119200 0.0016 0.0016 
119300 0.0016 0.0016 
119400 0.0016 0.0016 
119500 0.0016 0.0016 
119600 0.0016 0.0016 
119700 0.0016 0.0016 
119800 0.0016 0.0016 
119900 0.0016 0.0016 
120000 0.0016 0.0016 
120100 0.0016 0.0016 
120200 0.0016 0.0016 
120300 0.0016 0.0016 
120400 0.0016 0.0016 
120500 0.0016 0.0016 
120600 0.0016 0.0016 
120700 0.0016 0.0016 
120800 0.0016 0.0016 
120900 0.0016 0.0016 
121000 0.0016 0.0016 
121100 0.0016 0.0016 
121200 0.0016 0.0016 
121300 0.0016 0.0016 
121400 0.0016 0.0016 
121500 0.0016 0.0016 
121600 0.0016 0.0016 
121700 0.0016 0.0016 
121800 0.0016 0.0016 
121900 0.0016 0.0016 
122000 0.0016 0.0016 
122100 0.0016 0.0016 
122200 0.0016 0.0016 
122300 0.0016 0.0016 
122400 0.0016 0.0016 
122500 0.0016 0.0016 
122600 0.0016 0.0016 
122700 0.0016 0.0016 
122800 0.0016 0.0016 
122900 0.0016 0.0016 
123000 0.0016 0.0016 
123100 0.0016 0.0016 
123200 0.0016 0.0016 
123300 0.0016 0.0016 
123400 0.0016 0.0016 
123500 0.0016 0.0016 
123600 0.0016 0.0016 
123700 0.0016 0.0016 
123800 0.0016 0.0016 
123900 0.0016 0.0016 
124000 0.0016 0.0016 
124100 0.0016 0.0016 
124200 0.0016 0.0016 
124300 0.0016 0.0016 
124400 0.0016 0.0016 
124500 0.0016 0.0016 
124600 0.0016 0.0016 
124700 0.0016 0.0016 
124800 0.0016 0.0016 
124900 0.0016 0.0016 
125000 0.0016 0.0016 
125100 0.0016 0.0016 
125200 0.0016 0.0016 
125300 0.0016 0.0016 
125400 0.0016 0.0016 
125500 0.0016 0.0016 
125600 0.0016 0.0016 
125700 0.0016 0.0016 
125800 0.0016 0.0016 
125900 0.0016 0.0016 
126000 0.0016 0.0016 
126100 0.0016 0.0016 
126200 0.0016 0.0016 
126300 0.0016 0.0016 
126400 0.0016 0.0016 
126500 0.0016 0.0016 
126600 0.0016 0.0016 
126700 0.0016 0.0016 
126800 0.0016 0.0016 
126900 0.0016 0.0016 
127000 0.0016 0.0016 
127100 0.0016 0.0016 
127200 0.0016 0.0016 
127300 0.0016 0.0016 
127400 0.0016 0.0016 
127500 0.0016 0.0016 
127600 0.0016 0.0016 
127700 0.0016 0.0016 
127800 0.0016 0.0016 
127900 0.0016 0.0016 
128000 0.0016 0.0016 
128100 0.0016 0.0016 
128200 0.0016 0.0016 
128300 0.0016 0.0016 
128400 0.0016 0.0016 
128500 0.0016 0.0016 
128600 0.0016 0.0016 
128700 0.0016 0.0016 
128800 0.0016 0.0016 
128900 0.0016 0.0016 
129000 0.0016 0.0016 
129100 0.0016 0.0016 
129200 0.0016 0.0016 
129300 0.0016 0.0016 
129400 0.0016 0.0016 
129500 0.0016 0.0016 
129600 0.0016 0.0016 
129700 0.0016 0.0016 
129800 0.0016 0.0016 
129900 0.0016 0.0016 
130000 0.0016 0.0016 
130100 0.0016 0.0016 
130200 0.0016 0.0016 
130300 0.0016 0.0016 
130400 0.0016 0.0016 
130500 0.0016 0.0016 
130600 0.0016 0.0016 
130700 0.0016 0.0016 
130800 0.0016 0.0016 
130900 0.0016 0.0016 
131000 0.0016 0.0016 
131100 0.0016 0.0016 
131200 0.0016 0.0016 
131300 0.0016 0.0016 
131400 0.0016 0.0016 
131500 0.0016 0.0016 
131600 0.0016 0.0016 
131700 0.0016 0.0016 
131800 0.0016 0.0016 
131900 0.0016 0.0016 
132000 0.0016 0.0016 
132100 0.0016 0.0016 
132200 0.0016 0.0016 
132300 0.0016 0.0016 
132400 0.0016 0.0016 
132500 0.0016 0.0016 
132600 0.0016 0.0016 
132700 0.0016 0.0016 
132800 0.0016 0.0016 
132900 0.0016 0.0016 
133000 0.0016 0.0016 
133100 0.0016 0.0016 
133200 0.0016 0.0016 
133300 0.0016 0.0016 
133400 0.0016 0.0016 
133500 0.0016 0.0016 
133600 0.0016 0.0016 
133700 0.0016 0.0016 
133800 0.0016 0.0016 
133900 0.0016 0.0016 
134000 0.0016 0.0016 
134100 0.0016 0.0016 
134200 0.0016 0.0016 
134300 0.0016 0.0016 
134400 0.0016 0.0016 
134500 0.0016 0.0016 
134600 0.0016 0.0016 
134700 0.0016 0.0016 
134800 0.0016 0.0016 
134900 0.0016 0.0016 
135000 0.0016 0.0016 
135100 0.0016 0.0016 
135200 0.0016 0.0016 
135300 0.0016 0.0016 
135400 0.0016 0.0016 
135500 0.0016 0.0016 
135600 0.0016 0.0016 
135700 0.0016 0.0016 
135800 0.0016 0.0016 
135900 0.0016 0.0016 
136000 0.0016 0.0016 
136100 0.0016 0.0016 
136200 0.0016 0.0016 
136300 0.0016 0.0016 
136400 0.0016 0.0016 
136500 0.0016 0.0016 
136600 0.0016 0.0016 
136700 0.0016 0.0016 
136800 0.0016 0.0016 
136900 0.0016 0.0016 
137000 0.0016 0.0016 
137100 0.0016 0.0016 
137200 0.0016 0.0016 
137300 0.0016 0.0016 
137400 0.0016 0.0016 
137500 0.0016 0.0016 
137600 0.0016 0.0016 
137700 0.0016 0.0016 
137800 0.0016 0.0016 
137900 0.0016 0.0016 
138000 0.0016 0.0016 
138100 0.0016 0.0016 
138200 0.0016 0.0016 
138300 0.0016 0.0016 
138400 0.0016 0.0016 
138500 0.0016 0.0016 
138600 0.0016 0.0016 
138700 0.0016 0.0016 
138800 0.0016 0.0016 
138900 0.0016 0.0016 
139000 0.0016 0.0016 
139100 0.0016 0.0016 
139200 0.0016 0.0016 
139300 0.0016 0.0016 
139400 0.0016 0.0016 
139500 0.0016 0.0016 
139600 0.0016 0.0016 
139700 0.0016 0.0016 
139800 0.0016 0.0016 
139900 0.0016 0.0016 
140000 0.0016 0.0016 
140100 0.0016 0.0016 
140200 0.0016 0.0016 
140300 0.0016 0.0016 
140400 0.0016 0.0016 
140500 0.0016 0.0016 
140600 0.0016 0.0016 
140700 0.0016 0.0016 
140800 0.0016 0.0016 
140900 0.0016 0.0016 
141000 0.0016 0.0016 
141100 0.0016 0.0016 
141200 0.0016 0.0016 
141300 0.0016 0.0016 
141400 0.0016 0.0016 
141500 0.0016 0.0016 
141600 0.0016 0.0016 
141700 0.0016 0.0016 
141800 0.0016 0.0016 
141900 0.0016 0.0016 
142000 0.0016 0.0016 
142100 0.0016 0.0016 
142200 0.0016 0.0016 
142300 0.0016 0.0016 
142400 0.0016 0.0016 
142500 0.0016 0.0016 
142600 0.0016 0.0016 
142700 0.0016 0.0016 
142800 0.0016 0.0016 
142900 0.0016 0.0016 
143000 0.0016 0.0016 
143100 0.0016 0.0016 
143200 0.0016 0.0016 
143300 0.0016 0.0016 
143400 0.0016 0.0016 
143500 0.0016 0.0016 
143600 0.0016 0.0016 
143700 0.0016 0.0016 
143800 0.0016 0.0016 
143900 0.0016 0.0016 
144000 0.0016 0.0016 
144100 0.0016 0.0016 
144200 0.0016 0.0016 
144300 0.0016 0.0016 
144400 0.0016 0.0016 
144500 0.0016 0.0016 
144600 0.0016 0.0016 
144700 0.0016 0.0016 
144800 0.0016 0.0016 
144900 0.0016 0.0016 
145000 0.0016 0.0016 
145100 0.0016 0.0016 
145200 0.0016 0.0016 
145300 0.0016 0.0016 
145400 0.0016 0.0016 
145500 0.0016 0.0016 
145600 0.0016 0.0016 
145700 0.0016 0.0016 
145800 0.0016 0.0016 
145900 0.0016 0.0016 
146000 0.0016 0.0016 
146100 0.0016 0.0016 
146200 0.0016 0.0016 
146300 0.0016 0.0016 
146400 0.0016 0.0016 
146500 0.0016 0.0016 
146600 0.0016 0.0016 
146700 0.0016 0.0016 
146800 0.0016 0.0016 
146900 0.0016 0.0016 
147000 0.0016 0.0016 
147100 0.0016 0.0016 
147200 0.0016 0.0016 
147300 0.0016 0.0016 
147400 0.0016 0.0016 
147500 0.0016 0.0016 
147600 0.0016 0.0016 
147700 0.0016 0.0016 
147800 0.0016 0.0016 
147900 0.0016 0.0016 
148000 0.0016 0.0016 
148100 0.0016 0.0016 
148200 0.0016 0.0016 
148300 0.0016 0.0016 
148400 0.0016 0.0016 
148500 0.0016 0.0016 
148600 0.0016 0.0016 
148700 0.0016 0.0016 
148800 0.0016 0.0016 
148900 0.0016 0.0016 
149000 0.0016 0.0016 
149100 0.0016 0.0016 
149200 0.0016 0.0016 
149300 0.0016 0.0016 
149400 0.0016 0.0016 
149500 0.0016 0.0016 
149600 0.0016 0.0016 
149700 0.0016 0.0016 
149800 0.0016 0.0016 
149900 0.0016 0.0016 
150000 0.0016 0.0016 
150100 0.0016 0.0016 
150200 0.0016 0.0016 
150300 0.0016 0.0016 
150400 0.0016 0.0016 
150500 0.0016 0.0016 
150600 0.0016 0.0016 
150700 0.0016 0.0016 
150800 0.0016 0.0016 
150900 0.0016 0.0016 
151000 0.0016 0.0016 
151100 0.0016 0.0016 
151200 0.0016 0.0016 
151300 0.0016 0.0016 
151400 0.0016 0.0016 
151500 0.0016 0.0016 
151600 0.0016 0.0016 
151700 0.0016 0.0016 
151800 0.0016 0.0016 
151900 0.0016 0.0016 
152000 0.0016 0.0016 
152100 0.0016 0.0016 
152200 0.0016 0.0016 
152300 0.0016 0.0016 
152400 0.0016 0.0016 
152500 0.0016 0.0016 
152600 0.0016 0.0016 
152700 0.0016 0.0016 
152800 0.0016 0.0016 
152900 0.0016 0.0016 
153000 0.0016 0.0016 
153100 0.0016 0.0016 
153200 0.0016 0.0016 
153300 0.0016 0.0016 
153400 0.0016 0.0016 
153500 0.0016 0.0016 
153600 0.0016 0.0016 
153700 0.0016 0.0016 
153800 0.0016 0.0016 
153900 0.0016 0.0016 
154000 0.0016 0.0016 
154100 0.0016 0.0016 
154200 0.0016 0.0016 
154300 0.0016 0.0016 
154400 0.0016 0.0016 
154500 0.0016 0.0016 
154600 0.0016 0.0016 
154700 0.0016 0.0016 
154800 0.0016 0.0016 
154900 0.0016 0.0016 
155000 0.0016 0.0016 
155100 0.0016 0.0016 
155200 0.0016 0.0016 
155300 0.0016 0.0016 
155400 0.0016 0.0016 
155500 0.0016 0.0016 
155600 0.0016 0.0016 
155700 0.0016 0.0016 
155800 0.0016 0.0016 
155900 0.0016 0.0016 
156000 0.0016 0.0016 
156100 0.0016 0.0016 
156200 0.0016 0.0016 
156300 0.0016 0.0016 
156400 0.0016 0.0016 
156500 0.0016 0.0016 
156600 0.0016 0.0016 
156700 0.0016 0.0016 
156800 0.0016 0.0016 
156900 0.0016 0.0016 
157000 0.0016 0.0016 
157100 0.0016 0.0016 
157200 0.0016 0.0016 
157300 0.0016 0.0016 
157400 0.0016 0.0016 
157500 0.0016 0.0016 
157600 0.0016 0.0016 
157700 0.0016 0.0016 
157800 0.0016 0.0016 
157900 0.0016 0.0016 
158000 0.0016 0.0016 
158100 0.0016 0.0016 
158200 0.0016 0.0016 
158300 0.0016 0.0016 
158400 0.0016 0.0016 
158500 0.0016 0.0016 
158600 0.0016 0.0016 
158700 0.0016 0.0016 
158800 0.0016 0.0016 
158900 0.0016 0.0016 
159000 0.0016 0.0016 
159100 0.0016 0.0016 
159200 0.0016 0.0016 
159300 0.0016 0.0016 
159400 0.0016 0.0016 
159500 0.0016 0.0016 
159600 0.0016 0.0016 
159700 0.0016 0.0016 
159800 0.0016 0.0016 
159900 0.0016 0.0016 
160000 0.0016 0.0016 
160100 0.0016 0.0016 
160200 0.0016 0.0016 
160300 0.0016 0.0016 
160400 0.0016 0.0016 
160500 0.0016 0.0016 
160600 0.0016 0.0016 
160700 0.0016 0.0016 
160800 0.0016 0.0016 
160900 0.0016 0.0016 
161000 0.0016 0.0016 
161100 0.0016 0.0016 
161200 0.0016 0.0016 
161300 0.0016 0.0016 
161400 0.0016 0.0016 
161500 0.0016 0.0016 
161600 0.0016 0.0016 
161700 0.0016 0.0016 
161800 0.0016 0.0016 
161900 0.0016 0.0016 
162000 0.0016 0.0016 
162100 0.0016 0.0016 
162200 0.0016 0.0016 
162300 0.0016 0.0016 
162400 0.0016 0.0016 
162500 0.0016 0.0016 
162600 0.0016 0.0016 
162700 0.0016 0.0016 
162800 0.0016 0.0016 
162900 0.0016 0.0016 
163000 0.0016 0.0016 
163100 0.0016 0.0016 
163200 0.0016 0.0016 
163300 0.0016 0.0016 
163400 0.0016 0.0016 
163500 0.0016 0.0016 
163600 0.0016 0.0016 
163700 0.0016 0.0016 
163800 0.0016 0.0016 
163900 0.0016 0.0016 
164000 0.0016 0.0016 
164100 0.0016 0.0016 
164200 0.0016 0.0016 
164300 0.0016 0.0016 
164400 0.0016 0.0016 
164500 0.0016 0.0016 
164600 0.0016 0.0016 
164700 0.0016 0.0016 
164800 0.0016 0.0016 
164900 0.0016 0.0016 
165000 0.0016 0.0016 
165100 0.0016 0.0016 
165200 0.0016 0.0016 
165300 0.0016 0.0016 
165400 0.0016 0.0016 
165500 0.0016 0.0016 
165600 0.0016 0.0016 
165700 0.0016 0.0016 
165800 0.0016 0.0016 
165900 0.0016 0.0016 
166000 0.0016 0.0016 
166100 0.0016 0.0016 
166200 0.0016 0.0016 
166300 0.0016 0.0016 
166400 0.0016 0.0016 
166500 0.0016 0.0016 
166600 0.0016 0.0016 
166700 0.0016 0.0016 
166800 0.0016 0.0016 
166900 0.0016 0.0016 
167000 0.0016 0.0016 
167100 0.0016 0.0016 
167200 0.0016 0.0016 
167300 0.0016 0.0016 
167400 0.0016 0.0016 
167500 0.0016 0.0016 
167600 0.0016 0.0016 
167700 0.0016 0.0016 
167800 0.0016 0.0016 
167900 0.0016 0.0016 
168000 0.0016 0.0016 
168100 0.0016 0.0016 
168200 0.0016 0.0016 
168300 0.0016 0.0016 
168400 0.0016 0.0016 
168500 0.0016 0.0016 
168600 0.0016 0.0016 
168700 0.0016 0.0016 
168800 0.0016 0.0016 
168900 0.0016 0.0016 
169000 0.0016 0.0016 
169100 0.0016 0.0016 
169200 0.0016 0.0016 
169300 0.0016 0.0016 
169400 0.0016 0.0016 
169500 0.0016 0.0016 
169600 0.0016 0.0016 
169700 0.0016 0.0016 
169800 0.0016 0.0016 
169900 0.0016 0.0016 
170000 0.0016 0.0016 
170100 0.0016 0.0016 
170200 0.0016 0.0016 
170300 0.0016 0.0016 
170400 0.0016 0.0016 
170500 0.0016 0.0016 
170600 0.0016 0.0016 
170700 0.0016 0.0016 
170800 0.0016 0.0016 
170900 0.0016 0.0016 
171000 0.0016 0.0016 
171100 0.0016 0.0016 
171200 0.0016 0.0016 
171300 0.0016 0.0016 
171400 0.0016 0.0016 
171500 0.0016 0.0016 
171600 0.0016 0.0016 
171700 0.0016 0.0016 
171800 0.0016 0.0016 
171900 0.0016 0.0016 
172000 0.0016 0.0016 
172100 0.0016 0.0016 
172200 0.0016 0.0016 
172300 0.0016 0.0016 
172400 0.0016 0.0016 
172500 0.0016 0.0016 
172600 0.0016 0.0016 
172700 0.0016 0.0016 
172800 0.0016 0.0016 
172900 0.0016 0.0016 
173000 0.0016 0.0016 
173100 0.0016 0.0016 
173200 0.0016 0.0016 
173300 0.0016 0.0016 
173400 0.0016 0.0016 
173500 0.0016 0.0016 
173600 0.0016 0.0016 
173700 0.0016 0.0016 
173800 0.0016 0.0016 
173900 0.0016 0.0016 
174000 0.0016 0.0016 
174100 0.0016 0.0016 
174200 0.0016 0.0016 
174300 0.0016 0.0016 
174400 0.0016 0.0016 
174500 0.0016 0.0016 
174600 0.0016 0.0016 
174700 0.0016 0.0016 
174800 0.0016 0.0016 
174900 0.0016 0.0016 
175000 0.0016 0.0016 
175100 0.0016 0.0016 
175200 0.0016 0.0016 
175300 0.0016 0.0016 
175400 0.0016 0.0016 
175500 0.0016 0.0016 
175600 0.0016 0.0016 
175700 0.0016 0.0016 
175800 0.0016 0.0016 
175900 0.0016 0.0016 
176000 0.0016 0.0016 
176100 0.0000 0.0000 
176200 0.0000 0.0000 
176300 0.0000 0.0000 
176400 0.0000 0.0000 
176500 0.0000 0.0000 
176600 0.0000 0.0000 
176700 0.0000 0.0000 
176800 0.0000 0.0000 
176900 0.0000 0.0000 
177000 0.0000 0.0000 
177100 0.0000 0.0000 
177200 0.0000 0.0000 
177300 0.0000 0.0000 
177400 0.0000 0.0000 
177500 0.0000 0.0000 
177600 0.0000 0.0000 
177700 0.0000 0.0000 
177800 0.0000 0.0000 
177900 0.0000 0.0000 
178000 0.0000 0.0000 
178100 0.0000 0.0000 
178200 0.0000 0.0000 
178300 0.0000 0.0000 
178400 0.0000 0.0000 
178500 0.0000 0.0000 
178600 0.0000 0.0000 
178700 0.0000 0.0000 
178800 0.0000 0.0000 
178900 0.0000 0.0000 
179000 0.0000 0.0000 
179100 0.0000 0.0000 
179200 0.0000 0.0000 
179300 0.0000 0.0000 
179400 0.0000 0.0000 
179500 0.0000 0.0000 
179600 0.0000 0.0000 
179700 0.0000 0.0000 
179800 0.0000 0.0000 
179900 0.0000 0.0000 
180000 0.0000 0.0000 
180100 0.0000 0.0000 
180200 0.0000 0.0000 
180300 0.0000 0.0000 
180400 0.0000 0.0000 
180500 0.0000 0.0000 
180600 0.0000 0.0000 
180700 0.0000 0.0000 
180800 0.0000 0.0000 
180900 0.0000 0.0000 
181000 0.0000 0.0000 
181100 0.0000 0.0000 
181200 0.0000 0.0000 
181300 0.0000 0.0000 
181400 0.0000 0.0000 
181500 0.0000 0.0000 
181600 0.0000 0.0000 
181700 0.0000 0.0000 
181800 0.0000 0.0000 
181900 0.0000 0.0000 
182000 0.0000 0.0000 
182100 0.0000 0.0000 
182200 0.0000 0.0000 
182300 0.0000 0.0000 
182400 0.0000 0.0000 
182500 0.0000 0.0000 
182600 0.0000 0.0000 
182700 0.0000 0.0000 
182800 0.0000 0.0000 
182900 0.0000 0.0000 
183000 0.0000 0.0000 
183100 0.0000 0.0000 
183200 0.0000 0.0000 
183300 0.0000 0.0000 
183400 0.0000 0.0000 
183500 0.0000 0.0000 
183600 0.0000 0.0000 
183700 0.0000 0.0000 
183800 0.0000 0.0000 
183900 0.0000 0.0000 
184000 0.0000 0.0000 
184100 0.0000 0.0000 
184200 0.0000 0.0000 
184300 0.0000 0.0000 
184400 0.0000 0.0000 
184500 0.0000 0.0000 
184600 0.0000 0.0000 
184700 0.0000 0.0000 
184800 0.0000 0.0000 
184900 0.0000 0.0000 
185000 0.0000 0.0000 
185100 0.0000 0.0000 
185200 0.0000 0.0000 
185300 0.0000 0.0000 
185400 0.0000 0.0000 
185500 0.0000 0.0000 
185600 0.0000 0.0000 
185700 0.0000 0.0000 
185800 0.0000 0.0000 
185900 0.0000 0.0000 
186000 0.0000 0.0000 
186100 0.0000 0.0000 
186200 0.0000 0.0000 
186300 0.0000 0.0000 
186400 0.0000 0.0000 
186500 0.0000 0.0000 
186600 0.0000 0.0000 
186700 0.0000 0.0000 
186800 0.0000 0.0000 
186900 0.0000 0.0000 
187000 0.0000 0.0000 
187100 0.0000 0.0000 
187200 0.0000 0.0000 
187300 0.0000 0.0000 
187400 0.0000 0.0000 
187500 0.0000 0.0000 
187600 0.0000 0.0000 
187700 0.0000 0.0000 
187800 0.0000 0.0000 
187900 0.0000 0.0000 
188000 0.0000 0.0000 
188100 0.0000 0.0000 
188200 0.0000 0.0000 
188300 0.0000 0.0000 
188400 0.0000 0.0000 
188500 0.0000 0.0000 
188600 0.0000 0.0000 
188700 0.0000 0.0000 
188800 0.0000 0.0000 
188900 0.0000 0.0000 
189000 0.0000 0.0000 
189100 0.0000 0.0000 
189200 0.0000 0.0000 
189300 0.0000 0.0000 
189400 0.0000 0.0000 
189500 0.0000 0.0000 
189600 0.0000 0.0000 
189700 0.0000 0.0000 
189800 0.0000 0.0000 
189900 0.0000 0.0000 
190000 0.0000 0.0000 
190100 0.0000 0.0000 
190200 0.0000 0.0000 
190300 0.0000 0.0000 
190400 0.0000 0.0000 
190500 0.0000 0.0000 
190600 0.0000 0.0000 
190700 0.0000 0.0000 
190800 0.0000 0.0000 
190900 0.0000 0.0000 
191000 0.0000 0.0000 
191100 0.0000 0.0000 
191200 0.0000 0.0000 
191300 0.0000 0.0000 
191400 0.0000 0.0000 
191500 0.0000 0.0000 
191600 0.0000 0.0000 
191700 0.0000 0.0000 
191800 0.0000 0.0000 
191900 0.0000 0.0000 
192000 0.0000 0.0000 
192100 0.0000 0.0000 
192200 0.0000 0.0000 
192300 0.0000 0.0000 
192400 0.0000 0.0000 
192500 0.0000 0.0000 
192600 0.0000 0.0000 
192700 0.0000 0.0000 
192800 0.0000 0.0000 
192900 0.0000 0.0000 
193000 0.0000 0.0000 
193100 0.0000 0.0000 
193200 0.0000 0.0000 
193300 0.0000 0.0000 
193400 0.0000 0.0000 
193500 0.0000 0.0000 
193600 0.0000 0.0000 
193700 0.0000 0.0000 
193800 0.0000 0.0000 
193900 0.0000 0.0000 
194000 0.0000 0.0000 
194100 0.0000 0.0000 
194200 0.0000 0.0000 
194300 0.0000 0.0000 
194400 0.0000 0.0000 
194500 0.0000 0.0000 
194600 0.0000 0.0000 
194700 0.0000 0.0000 
194800 0.0000 0.0000 
194900 0.0000 0.0000 
195000 0.0000 0.0000 
195100 0.0000 0.0000 
195200 0.0000 0.0000 
195300 0.0000 0.0000 
195400 0.0000 0.0000 
195500 0.0000 0.0000 
195600 0.0000 0.0000 
195700 0.0000 0.0000 
195800 0.0000 0.0000 
195900 0.0000 0.0000 
196000 0.0000 0.0000 
196100 0.0000 0.0000 
196200 0.0000 0.0000 
196300 0.0000 0.0000 
196400 0.0000 0.0000 
196500 0.0000 0.0000 
196600 0.0000 0.0000 
196700 0.0000 0.0000 
196800 0.0000 0.0000 
196900 0.0000 0.0000 
197000 0.0000 0.0000 
197100 0.0000 0.0000 
197200 0.0000 0.0000 
197300 0.0000 0.0000 
197400 0.0000 0.0000 
197500 0.0000 0.0000 
197600 0.0000 0.0000 
197700 0.0000 0.0000 
197800 0.0000 0.0000 
197900 0.0000 0.0000 
198000 0.0000 0.0000 
198100 0.0000 0.0000 
198200 0.0000 0.0000 
198300 0.0000 0.0000 
198400 0.0000 0.0000 
198500 0.0000 0.0000 
198600 0.0000 0.0000 
198700 0.0000 0.0000 
198800 0.0000 0.0000 
198900 0.0000 0.0000 
199000 0.0000 0.0000 
199100 0.0000 0.0000 
199200 0.0000 0.0000 
199300 0.0000 0.0000 
199400 0.0000 0.0000 
199500 0.0000 0.0000 
199600 0.0000 0.0000 
199700 0.0000 0.0000 
199800 0.0000 0.0000 
199900 0.0000 0.0000 
200000 0.0000 0.0000 
200100 0.0000 0.0000 
200200 0.0000 0.0000 
200300 0.0000 0.0000 
200400 0.0000 0.0000 
200500 0.0000 0.0000 
200600 0.0000 0.0000 
200700 0.0000 0.0000 
200800 0.0000 0.0000 
200900 0.0000 0.0000 
201000 0.0000 0.0000 
201100 0.0000 0.0000 
201200 0.0000 0.0000 
201300 0.0000 0.0000 
201400 0.0000 0.0000 
201500 0.0000 0.0000 
201600 0.0000 0.0000 
201700 0.0000 0.0000 
201800 0.0000 0.0000 
201900 0.0000 0.0000 
202000 0.0000 0.0000 
202100 0.0000 0.0000 
202200 0.0000 0.0000 
202300 0.0000 0.0000 
202400 0.0000 0.0000 
202500 0.0000 0.0000 
202600 0.0000 0.0000 
202700 0.0000 0.0000 
202800 0.0000 0.0000 
202900 0.0000 0.0000 
203000 0.0000 0.0000 
203100 0.0000 0.0000 
203200 0.0000 0.0000 
203300 0.0000 0.0000 
203400 0.0000 0.0000 
203500 0.0000 0.0000 
203600 0.0000 0.0000 
203700 0.0000 0.0000 
203800 0.0000 0.0000 
203900 0.0000 0.0000 
204000 0.0000 0.0000 
204100 0.0000 0.0000 
204200 0.0000 0.0000 
204300 0.0000 0.0000 
204400 0.0000 0.0000 
204500 0.0000 0.0000 
204600 0.0000 0.0000 
204700 0.0000 0.0000 
204800 0.0000 0.0000 
204900 0.0000 0.0000 
205000 0.0000 0.0000 
205100 0.0000 0.0000 
205200 0.0000 0.0000 
205300 0.0000 0.0000 
205400 0.0000 0.0000 
205500 0.0000 0.0000 
205600 0.0000 0.0000 
205700 0.0000 0.0000 
205800 0.0000 0.0000 
205900 0.0000 0.0000 
206000 0.0000 0.0000 
206100 0.0000 0.0000 
206200 0.0000 0.0000 
206300 0.0000 0.0000 
206400 0.0000 0.0000 
206500 0.0000 0.0000 
206600 0.0000 0.0000 
206700 0.0000 0.0000 
206800 0.0000 0.0000 
206900 0.0000 0.0000 
207000 0.0000 0.0000 
207100 0.0000 0.0000 
207200 0.0000 0.0000 
207300 0.0000 0.0000 
207400 0.0000 0.0000 
207500 0.0000 0.0000 
207600 0.0000 0.0000 
207700 0.0000 0.0000 
207800 0.0000 0.0000 
207900 0.0000 0.0000 
208000 0.0000 0.0000 
208100 0.0000 0.0000 
208200 0.0000 0.0000 
208300 0.0000 0.0000 
208400 0.0000 0.0000 
208500 0.0000 0.0000 
208600 0.0000 0.0000 
208700 0.0000 0.0000 
208800 0.0000 0.0000 
208900 0.0000 0.0000 
209000 0.0000 0.0000 
209100 0.0000 0.0000 
209200 0.0000 0.0000 
209300 0.0000 0.0000 
209400 0.0000 0.0000 
209500 0.0000 0.0000 
209600 0.0000 0.0000 
209700 0.0000 0.0000 
209800 0.0000 0.0000 
209900 0.0000 0.0000 
210000 0.0000 0.0000 
210100 0.0000 0.0000 
210200 0.0000 0.0000 
210300 0.0000 0.0000 
210400 0.0000 0.0000 
210500 0.0000 0.0000 
210600 0.0000 0.0000 
210700 0.0000 0.0000 
210800 0.0000 0.0000 
210900 0.0000 0.0000 
211000 0.0000 0.0000 
211100 0.0000 0.0000 
211200 0.0000 0.0000 
211300 0.0000 0.0000 
211400 0.0000 0.0000 
211500 0.0000 0.0000 
211600 0.0000 0.0000 
211700 0.0000 0.0000 
211800 0.0000 0.0000 
211900 0.0000 0.0000 
212000 0.0000 0.0000 
212100 0.0000 0.0000 
212200 0.0000 0.0000 
212300 0.0000 0.0000 
212400 0.0000 0.0000 
212500 0.0000 0.0000 
212600 0.0000 0.0000 
212700 0.0000 0.0000 
212800 0.0000 0.0000 
212900 0.0000 0.0000 
213000 0.0000 0.0000 
213100 0.0000 0.0000 
213200 0.0000 0.0000 
213300 0.0000 0.0000 
213400 0.0000 0.0000 
213500 0.0000 0.0000 
213600 0.0000 0.0000 
213700 0.0000 0.0000 
213800 0.0000 0.0000 
213900 0.0000 0.0000 
214000 0.0000 0.0000 
214100 0.0000 0.0000 
214200 0.0000 0.0000 
214300 0.0000 0.0000 
214400 0.0000 0.0000 
214500 0.0000 0.0000 
214600 0.0000 0.0000 
214700 0.0000 0.0000 
214800 0.0000 0.0000 
214900 0.0000 0.0000 
215000 0.0000 0.0000 
215100 0.0000 0.0000 
215200 0.0000 0.0000 
215300 0.0000 0.0000 
215400 0.0000 0.0000 
215500 0.0000 0.0000 
215600 0.0000 0.0000 
215700 0.0000 0.0000 
215800 0.0000 0.0000 
215900 0.0000 0.0000 
216000 0.0000 0.0000 
216100 0.0000 0.0000 
216200 0.0000 0.0000 
216300 0.0000 0.0000 
216400 0.0000 0.0000 
216500 0.0000 0.0000 
216600 0.0000 0.0000 
216700 0.0000 0.0000 
216800 0.0000 0.0000 
216900 0.0000 0.0000 
217000 0.0000 0.0000 
217100 0.0000 0.0000 
217200 0.0000 0.0000 
217300 0.0000 0.0000 
217400 0.0000 0.0000 
217500 0.0000 0.0000 
217600 0.0000 0.0000 
217700 0.0000 0.0000 
217800 0.0000 0.0000 
217900 0.0000 0.0000 
218000 0.0000 0.0000 
218100 0.0000 0.0000 
218200 0.0000 0.0000 
218300 0.0000 0.0000 
218400 0.0000 0.0000 
218500 0.0000 0.0000 
218600 0.0000 0.0000 
218700 0.0000 0.0000 
218800 0.0000 0.0000 
218900 0.0000 0.0000 
219000 0.0000 0.0000 
219100 0.0000 0.0000 
219200 0.0000 0.0000 
219300 0.0000 0.0000 
219400 0.0000 0.0000 
219500 0.0000 0.0000 
219600 0.0000 0.0000 
219700 0.0000 0.0000 
219800 0.0000 0.0000 
219900 0.0000 0.0000 
220000 0.0000 0.0000 
220100 0.0000 0.0000 
220200 0.0000 0.0000 
220300 0.0000 0.0000 
220400 0.0000 0.0000 
220500 0.0000 0.0000 
220600 0.0000 0.0000 
220700 0.0000 0.0000 
220800 0.0000 0.0000 
220900 0.0000 0.0000 
221000 0.0000 0.0000 
221100 0.0000 0.0000 
221200 0.0000 0.0000 
221300 0.0000 0.0000 
221400 0.0000 0.0000 
221500 0.0000 0.0000 
221600 0.0000 0.0000 
221700 0.0000 0.0000 
221800 0.0000 0.0000 
221900 0.0000 0.0000 
222000 0.0000 0.0000 
222100 0.0000 0.0000 
222200 0.0000 0.0000 
222300 0.0000 0.0000 
222400 0.0000 0.0000 
222500 0.0000 0.0000 
222600 0.0000 0.0000 
222700 0.0000 0.0000 
222800 0.0000 0.0000 
222900 0.0000 0.0000 
223000 0.0000 0.0000 
223100 0.0000 0.0000 
223200 0.0000 0.0000 
223300 0.0000 0.0000 
223400 0.0000 0.0000 
223500 0.0000 0.0000 
223600 0.0000 0.0000 
223700 0.0000 0.0000 
223800 0.0000 0.0000 
223900 0.0000 0.0000 
224000 0.0000 0.0000 
224100 0.0000 0.0000 
224200 0.0000 0.0000 
224300 0.0000 0.0000 
224400 0.0000 0.0000 
224500 0.0000 0.0000 
224600 0.0000 0.0000 
224700 0.0000 0.0000 
224800 0.0000 0.0000 
224900 0.0000 0.0000 
225000 0.0000 0.0000 
225100 0.0000 0.0000 
225200 0.0000 0.0000 
225300 0.0000 0.0000 
225400 0.0000 0.0000 
225500 0.0000 0.0000 
225600 0.0000 0.0000 
225700 0.0000 0.0000 
225800 0.0000 0.0000 
225900 0.0000 0.0000 
226000 0.0000 0.0000 
226100 0.0000 0.0000 
226200 0.0000 0.0000 
226300 0.0000 0.0000 
226400 0.0000 0.0000 
226500 0.0000 0.0000 
226600 0.0000 0.0000 
226700 0.0000 0.0000 
226800 0.0000 0.0000 
226900 0.0000 0.0000 
227000 0.0000 0.0000 
227100 0.0000 0.0000 
227200 0.0000 0.0000 
227300 0.0000 0.0000 
227400 0.0000 0.0000 
227500 0.0000 0.0000 
227600 0.0000 0.0000 
227700 0.0000 0.0000 
227800 0.0000 0.0000 
227900 0.0000 0.0000 
228000 0.0000 0.0000 
228100 0.0000 0.0000 
228200 0.0000 0.0000 
228300 0.0000 0.0000 
228400 0.0000 0.0000 
228500 0.0000 0.0000 
228600 0.0000 0.0000 
228700 0.0000 0.0000 
228800 0.0000 0.0000 
228900 0.0000 0.0000 
229000 0.0000 0.0000 
229100 0.0000 0.0000 
229200 0.0000 0.0000 
229300 0.0000 0.0000 
229400 0.0000 0.0000 
229500 0.0000 0.0000 
229600 0.0000 0.0000 
229700 0.0000 0.0000 
229800 0.0000 0.0000 
229900 0.0000 0.0000 
230000 0.0000 0.0000 
230100 0.0000 0.0000 
230200 0.0000 0.0000 
230300 0.0000 0.0000 
230400 0.0000 0.0000 
230500 0.0000 0.0000 
230600 0.0000 0.0000 
230700 0.0000 0.0000 
230800 0.0000 0.0000 
230900 0.0000 0.0000 
231000 0.0000 0.0000 
231100 0.0000 0.0000 
231200 0.0000 0.0000 
231300 0.0000 0.0000 
231400 0.0000 0.0000 
231500 0.0000 0.0000 
231600 0.0000 0.0000 
231700 0.0000 0.0000 
231800 0.0000 0.0000 
231900 0.0000 0.0000 
232000 0.0000 0.0000 
232100 0.0000 0.0000 
232200 0.0000 0.0000 
232300 0.0000 0.0000 
232400 0.0000 0.0000 
232500 0.0000 0.0000 
232600 0.0000 0.0000 
232700 0.0000 0.0000 
232800 0.0000 0.0000 
232900 0.0000 0.0000 
233000 0.0000 0.0000 
233100 0.0000 0.0000 
233200 0.0000 0.0000 
233300 0.0000 0.0000 
233400 0.0000 0.0000 
233500 0.0000 0.0000 
233600 0.0000 0.0000 
233700 0.0000 0.0000 
233800 0.0000 0.0000 
233900 0.0000 0.0000 
234000 0.0000 0.0000 
234100 0.0000 0.0000 
234200 0.0000 0.0000 
234300 0.0000 0.0000 
234400 0.0000 0.0000 
234500 0.0000 0.0000 
234600 0.0000 0.0000 
234700 0.0000 0.0000 
234800 0.0000 0.0000 
234900 0.0000 0.0000 
235000 0.0000 0.0000 
235100 0.0000 0.0000 
235200 0.0000 0.0000 
235300 0.0000 0.0000 
235400 0.0000 0.0000 
235500 0.0000 0.0000 
235600 0.0000 0.0000 
235700 0.0000 0.0000 
235800 0.0000 0.0000 
235900 0.0000 0.0000 
236000 0.0000 0.0000 
236100 0.0000 0.0000 
236200 0.0000 0.0000 
236300 0.0000 0.0000 
236400 0.0000 0.0000 
236500 0.0000 0.0000 
236600 0.0000 0.0000 
236700 0.0000 0.0000 
236800 0.0000 0.0000 
236900 0.0000 0.0000 
237000 0.0000 0.0000 
237100 0.0000 0.0000 
237200 0.0000 0.0000 
237300 0.0000 0.0000 
237400 0.0000 0.0000 
237500 0.0000 0.0000 
237600 0.0000 0.0000 
237700 0.0000 0.0000 
237800 0.0000 0.0000 
237900 0.0000 0.0000 
238000 0.0000 0.0000 
238100 0.0000 0.0000 
238200 0.0000 0.0000 
238300 0.0000 0.0000 
238400 0.0000 0.0000 
238500 0.0000 0.0000 
238600 0.0000 0.0000 
238700 0.0000 0.0000 
238800 0.0000 0.0000 
238900 0.0000 0.0000 
239000 0.0000 0.0000 
239100 0.0000 0.0000 
239200 0.0000 0.0000 
239300 0.0000 0.0000 
239400 0.0000 0.0000 
239500 0.0000 0.0000 
239600 0.0000 0.0000 
239700 0.0000 0.0000 
239800 0.0000 0.0000 
239900 0.0000 0.0000 
240000 0.0000 0.0000 
240100 0.0000 0.0000 
240200 0.0000 0.0000 
240300 0.0000 0.0000 
240400 0.0000 0.0000 
240500 0.0000 0.0000 
240600 0.0000 0.0000 
240700 0.0000 0.0000 
240800 0.0000 0.0000 
240900 0.0000 0.0000 
241000 0.0000 0.0000 
241100 0.0000 0.0000 
241200 0.0000 0.0000 
241300 0.0000 0.0000 
241400 0.0000 0.0000 
241500 0.0000 0.0000 
241600 0.0000 0.0000 
241700 0.0000 0.0000 
241800 0.0000 0.0000 
241900 0.0000 0.0000 
242000 0.0000 0.0000 
242100 0.0000 0.0000 
242200 0.0000 0.0000 
242300 0.0000 0.0000 
242400 0.0000 0.0000 
242500 0.0000 0.0000 
242600 0.0000 0.0000 
242700 0.0000 0.0000 
242800 0.0000 0.0000 
242900 0.0000 0.0000 
243000 0.0000 0.0000 
243100 0.0000 0.0000 
243200 0.0000 0.0000 
243300 0.0000 0.0000 
243400 0.0000 0.0000 
243500 0.0000 0.0000 
243600 0.0000 0.0000 
243700 0.0000 0.0000 
243800 0.0000 0.0000 
243900 0.0000 0.0000 
244000 0.0000 0.0000 
244100 0.0000 0.0000 
244200 0.0000 0.0000 
244300 0.0000 0.0000 
244400 0.0000 0.0000 
244500 0.0000 0.0000 
244600 0.0000 0.0000 
244700 0.0000 0.0000 
244800 0.0000 0.0000 
244900 0.0000 0.0000 
245000 0.0000 0.0000 
245100 0.0000 0.0000 
245200 0.0000 0.0000 
245300 0.0000 0.0000 
245400 0.0000 0.0000 
245500 0.0000 0.0000 
245600 0.0000 0.0000 
245700 0.0000 0.0000 
245800 0.0000 0.0000 
245900 0.0000 0.0000 
246000 0.0000 0.0000 
246100 0.0000 0.0000 
246200 0.0000 0.0000 
246300 0.0000 0.0000 
246400 0.0000 0.0000 
246500 0.0000 0.0000 
246600 0.0000 0.0000 
246700 0.0000 0.0000 
246800 0.0000 0.0000 
246900 0.0000 0.0000 
247000 0.0000 0.0000 
247100 0.0000 0.0000 
247200 0.0000 0.0000 
247300 0.0000 0.0000 
247400 0.0000 0.0000 
247500 0.0000 0.0000 
247600 0.0000 0.0000 
247700 0.0000 0.0000 
247800 0.0000 0.0000 
247900 0.0000 0.0000 
248000 0.0000 0.0000 
248100 0.0000 0.0000 
248200 0.0000 0.0000 
248300 0.0000 0.0000 
248400 0.0000 0.0000 
248500 0.0000 0.0000 
248600 0.0000 0.0000 
248700 0.0000 0.0000 
248800 0.0000 0.0000 
248900 0.0000 0.0000 
249000 0.0000 0.0000 
249100 0.0000 0.0000 
249200 0.0000 0.0000 
249300 0.0000 0.0000 
249400 0.0000 0.0000 
249500 0.0000 0.0000 
249600 0.0000 0.0000 
249700 0.0000 0.0000 
249800 0.0000 0.0000 
249900 0.0000 0.0000 
250000 0.0000 0.0000 
250100 0.0000 0.0000 
250200 0.0000 0.0000 
250300 0.0000 0.0000 
250400 0.0000 0.0000 
250500 0.0000 0.0000 
250600 0.0000 0.0000 
250700 0.0000 0.0000 
250800 0.0000 0.0000 
250900 0.0000 0.0000 
251000 0.0000 0.0000 
251100 0.0000 0.0000 
251200 0.0000 0.0000 
251300 0.0000 0.0000 
251400 0.0000 0.0000 
251500 0.0000 0.0000 
251600 0.0000 0.0000 
251700 0.0000 0.0000 
251800 0.0000 0.0000 
251900 0.0000 0.0000 
252000 0.0000 0.0000 
252100 0.0000 0.0000 
252200 0.0000 0.0000 
252300 0.0000 0.0000 
252400 0.0000 0.0000 
252500 0.0000 0.0000 
252600 0.0000 0.0000 
252700 0.0000 0.0000 
252800 0.0000 0.0000 
252900 0.0000 0.0000 
253000 0.0000 0.0000 
253100 0.0000 0.0000 
253200 0.0000 0.0000 
253300 0.0000 0.0000 
253400 0.0000 0.0000 
253500 0.0000 0.0000 
253600 0.0000 0.0000 
253700 0.0000 0.0000 
253800 0.0000 0.0000 
253900 0.0000 0.0000 
254000 0.0000 0.0000 
254100 0.0000 0.0000 
254200 0.0000 0.0000 
254300 0.0000 0.0000 
254400 0.0000 0.0000 
254500 0.0000 0.0000 
254600 0.0000 0.0000 
254700 0.0000 0.0000 
254800 0.0000 0.0000 
254900 0.0000 0.0000 
255000 0.0000 0.0000 
255100 0.0000 0.0000 
255200 0.0000 0.0000 
255300 0.0000 0.0000 
255400 0.0000 0.0000 
255500 0.0000 0.0000 
255600 0.0000 0.0000 
255700 0.0000 0.0000 
255800 0.0000 0.0000 
255900 0.0000 0.0000 
256000 0.0000 0.0000 
256100 0.0000 0.0000 
256200 0.0000 0.0000 
256300 0.0000 0.0000 
256400 0.0000 0.0000 
256500 0.0000 0.0000 
256600 0.0000 0.0000 
256700 0.0000 0.0000 
256800 0.0000 0.0000 
256900 0.0000 0.0000 
257000 0.0000 0.0000 
257100 0.0000 0.0000 
257200 0.0000 0.0000 
257300 0.0000 0.0000 
257400 0.0000 0.0000 
257500 0.0000 0.0000 
257600 0.0000 0.0000 
257700 0.0000 0.0000 
257800 0.0000 0.0000 
257900 0.0000 0.0000 
258000 0.0000 0.0000 
258100 0.0000 0.0000 
258200 0.0000 0.0000 
258300 0.0000 0.0000 
258400 0.0000 0.0000 
258500 0.0000 0.0000 
258600 0.0000 0.0000 
258700 0.0000 0.0000 
258800 0.0000 0.0000 
258900 0.0000 0.0000 
259000 0.0000 0.0000 
259100 0.0000 0.0000 
259200 0.0000 0.0000 
259300 0.0000 0.0000 
259400 0.0000 0.0000 
259500 0.0000 0.0000 
259600 0.0000 0.0000 
259700 0.0000 0.0000 
259800 0.0000 0.0000 
259900 0.0000 0.0000 
260000 0.0000 0.0000 
260100 0.0000 0.0000 
260200 0.0000 0.0000 
260300 0.0000 0.0000 
260400 0.0000 0.0000 
260500 0.0000 0.0000 
260600 0.0000 0.0000 
260700 0.0000 0.0000 
260800 0.0000 0.0000 
260900 0.0000 0.0000 
261000 0.0000 0.0000 
261100 0.0000 0.0000 
261200 0.0000 0.0000 
261300 0.0000 0.0000 
261400 0.0000 0.0000 
261500 0.0000 0.0000 
261600 0.0000 0.0000 
261700 0.0000 0.0000 
261800 0.0000 0.0000 
261900 0.0000 0.0000 
262000 0.0000 0.0000 
262100 0.0000 0.0000 
262200 0.0000 0.0000 
262300 0.0000 0.0000 
262400 0.0000 0.0000 
262500 0.0000 0.0000 
262600 0.0000 0.0000 
262700 0.0000 0.0000 
262800 0.0000 0.0000 
262900 0.0000 0.0000 
263000 0.0000 0.0000 
263100 0.0000 0.0000 
263200 0.0000 0.0000 
263300 0.0000 0.0000 
263400 0.0000 0.0000 
263500 0.0000 0.0000 
263600 0.0000 0.0000 
263700 0.0000 0.0000 
263800 0.0000 0.0000 
263900 0.0000 0.0000 
264000 0.0000 0.0000 
264100 0.0000 0.0000 
264200 0.0000 0.0000 
264300 0.0000 0.0000 
264400 0.0000 0.0000 
264500 0.0000 0.0000 
264600 0.0000 0.0000 
264700 0.0000 0.0000 
264800 0.0000 0.0000 
264900 0.0000 0.0000 
265000 0.0000 0.0000 
265100 0.0000 0.0000 
265200 0.0000 0.0000 
265300 0.0000 0.0000 
265400 0.0000 0.0000 
265500 0.0000 0.0000 
265600 0.0000 0.0000 
265700 0.0000 0.0000 
265800 0.0000 0.0000 
265900 0.0000 0.0000 
266000 0.0000 0.0000 
266100 0.0000 0.0000 
266200 0.0000 0.0000 
266300 0.0000 0.0000 
266400 0.0000 0.0000 
266500 0.0000 0.0000 
266600 0.0000 0.0000 
266700 0.0000 0.0000 
266800 0.0000 0.0000 
266900 0.0000 0.0000 
267000 0.0000 0.0000 
267100 0.0000 0.0000 
267200 0.0000 0.0000 
267300 0.0000 0.0000 
267400 0.0000 0.0000 
267500 0.0000 0.0000 
267600 0.0000 0.0000 
267700 0.0000 0.0000 
267800 0.0000 0.0000 
267900 0.0000 0.0000 
268000 0.0000 0.0000 
268100 0.0000 0.0000 
268200 0.0000 0.0000 
268300 0.0000 0.0000 
268400 0.0000 0.0000 
268500 0.0000 0.0000 
268600 0.0000 0.0000 
268700 0.0000 0.0000 
268800 0.0000 0.0000 
268900 0.0000 0.0000 
269000 0.0000 0.0000 
269100 0.0000 0.0000 
269200 0.0000 0.0000 
269300 0.0000 0.0000 
269400 0.0000 0.0000 
269500 0.0000 0.0000 
269600 0.0000 0.0000 
269700 0.0000 0.0000 
269800 0.0000 0.0000 
269900 0.0000 0.0000 
270000 0.0000 0.0000 
270100 0.0000 0.0000 
270200 0.0000 0.0000 
270300 0.0000 0.0000 
270400 0.0000 0.0000 
270500 0.0000 0.0000 
270600 0.0000 0.0000 
270700 0.0000 0.0000 
270800 0.0000 0.0000 
270900 0.0000 0.0000 
271000 0.0000 0.0000 
271100 0.0000 0.0000 
271200 0.0000 0.0000 
271300 0.0000 0.0000 
271400 0.0000 0.0000 
271500 0.0000 0.0000 
271600 0.0000 0.0000 
271700 0.0000 0.0000 
271800 0.0000 0.0000 
271900 0.0000 0.0000 
272000 0.0000 0.0000 
272100 0.0000 0.0000 
272200 0.0000 0.0000 
272300 0.0000 0.0000 
272400 0.0000 0.0000 
272500 0.0000 0.0000 
272600 0.0000 0.0000 
272700 0.0000 0.0000 
272800 0.0000 0.0000 
272900 0.0000 0.0000 
273000 0.0000 0.0000 
273100 0.0000 0.0000 
273200 0.0000 0.0000 
273300 0.0000 0.0000 
273400 0.0000 0.0000 
273500 0.0000 0.0000 
273600 0.0000 0.0000 
273700 0.0000 0.0000 
273800 0.0000 0.0000 
273900 0.0000 0.0000 
274000 0.0000 0.0000 
274100 0.0000 0.0000 
274200 0.0000 0.0000 
274300 0.0000 0.0000 
274400 0.0000 0.0000 
274500 0.0000 0.0000 
274600 0.0000 0.0000 
274700 0.0000 0.0000 
274800 0.0000 0.0000 
274900 0.0000 0.0000 
275000 0.0000 0.0000 
275100 0.0000 0.0000 
275200 0.0000 0.0000 
275300 0.0000 0.0000 
275400 0.0000 0.0000 
275500 0.0000 0.0000 
275600 0.0000 0.0000 
275700 0.0000 0.0000 
275800 0.0000 0.0000 
275900 0.0000 0.0000 
276000 0.0000 0.0000 
276100 0.0000 0.0000 
276200 0.0000 0.0000 
276300 0.0000 0.0000 
276400 0.0000 0.0000 
276500 0.0000 0.0000 
276600 0.0000 0.0000 
276700 0.0000 0.0000 
276800 0.0000 0.0000 
276900 0.0000 0.0000 
277000 0.0000 0.0000 
277100 0.0000 0.0000 
277200 0.0000 0.0000 
277300 0.0000 0.0000 
277400 0.0000 0.0000 
277500 0.0000 0.0000 
277600 0.0000 0.0000 
277700 0.0000 0.0000 
277800 0.0000 0.0000 
277900 0.0000 0.0000 
278000 0.0000 0.0000 
278100 0.0000 0.0000 
278200 0.0000 0.0000 
278300 0.0000 0.0000 
278400 0.0000 0.0000 
278500 0.0000 0.0000 
278600 0.0000 0.0000 
278700 0.0000 0.0000 
278800 0.0000 0.0000 
278900 0.0000 0.0000 
279000 0.0000 0.0000 
279100 0.0000 0.0000 
279200 0.0000 0.0000 
279300 0.0000 0.0000 
279400 0.0000 0.0000 
279500 0.0000 0.0000 
279600 0.0000 0.0000 
279700 0.0000 0.0000 
279800 0.0000 0.0000 
279900 0.0000 0.0000 
280000 0.0000 0.0000 
280100 0.0000 0.0000 
280200 0.0000 0.0000 
280300 0.0000 0.0000 
280400 0.0000 0.0000 
280500 0.0000 0.0000 
280600 0.0000 0.0000 
280700 0.0000 0.0000 
280800 0.0000 0.0000 
280900 0.0000 0.0000 
281000 0.0000 0.0000 
281100 0.0000 0.0000 
281200 0.0000 0.0000 
281300 0.0000 0.0000 
281400 0.0000 0.0000 
281500 0.0000 0.0000 
281600 0.0000 0.0000 
281700 0.0000 0.0000 
281800 0.0000 0.0000 
281900 0.0000 0.0000 
282000 0.0000 0.0000 
282100 0.0000 0.0000 
282200 0.0000 0.0000 
282300 0.0000 0.0000 
282400 0.0000 0.0000 
282500 0.0000 0.0000 
282600 0.0000 0.0000 
282700 0.0000 0.0000 
282800 0.0000 0.0000 
282900 0.0000 0.0000 
283000 0.0000 0.0000 
283100 0.0000 0.0000 
283200 0.0000 0.0000 
283300 0.0000 0.0000 
283400 0.0000 0.0000 
283500 0.0000 0.0000 
283600 0.0000 0.0000 
283700 0.0000 0.0000 
283800 0.0000 0.0000 
283900 0.0000 0.0000 
284000 0.0000 0.0000 
284100 0.0000 0.0000 
284200 0.0000 0.0000 
284300 0.0000 0.0000 
284400 0.0000 0.0000 
284500 0.0000 0.0000 
284600 0.0000 0.0000 
284700 0.0000 0.0000 
284800 0.0000 0.0000 
284900 0.0000 0.0000 
285000 0.0000 0.0000 
285100 0.0000 0.0000 
285200 0.0000 0.0000 
285300 0.0000 0.0000 
285400 0.0000 0.0000 
285500 0.0000 0.0000 
285600 0.0000 0.0000 
285700 0.0000 0.0000 
285800 0.0000 0.0000 
285900 0.0000 0.0000 
286000 0.0000 0.0000 
286100 0.0000 0.0000 
286200 0.0000 0.0000 
286300 0.0000 0.0000 
286400 0.0000 0.0000 
286500 0.0000 0.0000 
286600 0.0000 0.0000 
286700 0.0000 0.0000 
286800 0.0000 0.0000 
286900 0.0000 0.0000 
287000 0.0000 0.0000 
287100 0.0000 0.0000 
287200 0.0000 0.0000 
287300 0.0000 0.0000 
287400 0.0000 0.0000 
287500 0.0000 0.0000 
287600 0.0000 0.0000 
287700 0.0000 0.0000 
287800 0.0000 0.0000 
287900 0.0000 0.0000 
288000 0.0000 0.0000 
288100 0.0000 0.0000 
288200 0.0000 0.0000 
288300 0.0000 0.0000 
288400 0.0000 0.0000 
288500 0.0000 0.0000 
288600 0.0000 0.0000 
288700 0.0000 0.0000 
288800 0.0000 0.0000 
288900 0.0000 0.0000 
289000 0.0000 0.0000 
289100 0.0000 0.0000 
289200 0.0000 0.0000 
289300 0.0000 0.0000 
289400 0.0000 0.0000 
289500 0.0000 0.0000 
289600 0.0000 0.0000 
289700 0.0000 0.0000 
289800 0.0000 0.0000 
289900 0.0000 0.0000 
290000 0.0000 0.0000 
290100 0.0000 0.0000 
290200 0.0000 0.0000 
290300 0.0000 0.0000 
290400 0.0000 0.0000 
290500 0.0000 0.0000 
290600 0.0000 0.0000 
290700 0.0000 0.0000 
290800 0.0000 0.0000 
290900 0.0000 0.0000 
291000 0.0000 0.0000 
291100 0.0000 0.0000 
291200 0.0000 0.0000 
291300 0.0000 0.0000 
291400 0.0000 0.0000 
291500 0.0000 0.0000 
291600 0.0000 0.0000 
291700 0.0000 0.0000 
291800 0.0000 0.0000 
291900 0.0000 0.0000 
292000 0.0000 0.0000 
292100 0.0000 0.0000 
292200 0.0000 0.0000 
292300 0.0000 0.0000 
292400 0.0000 0.0000 
292500 0.0000 0.0000 
292600 0.0000 0.0000 
292700 0.0000 0.0000 
292800 0.0000 0.0000 
292900 0.0000 0.0000 
293000 0.0000 0.0000 
293100 0.0000 0.0000 
293200 0.0000 0.0000 
293300 0.0000 0.0000 
293400 0.0000 0.0000 
293500 0.0000 0.0000 
293600 0.0000 0.0000 
293700 0.0000 0.0000 
293800 0.0000 0.0000 
293900 0.0000 0.0000 
294000 0.0000 0.0000 
294100 0.0000 0.0000 
294200 0.0000 0.0000 
294300 0.0000 0.0000 
294400 0.0000 0.0000 
294500 0.0000 0.0000 
294600 0.0000 0.0000 
294700 0.0000 0.0000 
294800 0.0000 0.0000 
294900 0.0000 0.0000 
295000 0.0000 0.0000 
295100 0.0000 0.0000 
295200 0.0000 0.0000 
295300 0.0000 0.0000 
295400 0.0000 0.0000 
295500 0.0000 0.0000 
295600 0.0000 0.0000 
295700 0.0000 0.0000 
295800 0.0000 0.0000 
295900 0.0000 0.0000 
296000 0.0000 0.0000 
296100 0.0000 0.0000 
296200 0.0000 0.0000 
296300 0.0000 0.0000 
296400 0.0000 0.0000 
296500 0.0000 0.0000 
296600 0.0000 0.0000 
296700 0.0000 0.0000 
296800 0.0000 0.0000 
296900 0.0000 0.0000 
297000 0.0000 0.0000 
297100 0.0000 0.0000 
297200 0.0000 0.0000 
297300 0.0000 0.0000 
297400 0.0000 0.0000 
297500 0.0000 0.0000 
297600 0.0000 0.0000 
297700 0.0000 0.0000 
297800 0.0000 0.0000 
297900 0.0000 0.0000 
298000 0.0000 0.0000 
298100 0.0000 0.0000 
298200 0.0000 0.0000 
298300 0.0000 0.0000 
298400 0.0000 0.0000 
298500 0.0000 0.0000 
298600 0.0000 0.0000 
298700 0.0000 0.0000 
298800 0.0000 0.0000 
298900 0.0000 0.0000 
299000 0.0000 0.0000 
299100 0.0000 0.0000 
299200 0.0000 0.0000 
299300 0.0000 0.0000 
299400 0.0000 0.0000 
299500 0.0000 0.0000 
299600 0.0000 0.0000 
299700 0.0000 0.0000 
299800 0.0000 0.0000 
299900 0.0000 0.0000 
300000 0.0000 0.0000 
