200 0.2203 0.2203 
400 0.2103 0.2103 
600 0.1816 0.1816 
800 0.1456 0.1456 
1000 0.1456 0.1456 
1200 0.1456 0.1456 
1400 0.1456 0.1456 
1600 0.1456 0.1456 
1800 0.1456 0.1456 
2000 0.1456 0.1456 
2200 0.1456 0.1456 
2400 0.1456 0.1456 
2600 0.1456 0.1456 
2800 0.1456 0.1456 
3000 0.1456 0.1456 
3200 0.1456 0.1456 
3400 0.1456 0.1456 
3600 0.1415 0.1415 
3800 0.1415 0.1415 
4000 0.1415 0.1415 
4200 0.1415 0.1415 
4400 0.1415 0.1415 
4600 0.1415 0.1415 
4800 0.1415 0.1415 
5000 0.1415 0.1415 
5200 0.1390 0.1390 
5400 0.1390 0.1390 
5600 0.1390 0.1390 
5800 0.1390 0.1390 
6000 0.1390 0.1390 
6200 0.1390 0.1390 
6400 0.1371 0.1371 
6600 0.1371 0.1371 
6800 0.1371 0.1371 
7000 0.1130 0.1130 
7200 0.1125 0.1125 
7400 0.1125 0.1125 
7600 0.1125 0.1125 
7800 0.0841 0.0841 
8000 0.0841 0.0841 
8200 0.0841 0.0841 
8400 0.0841 0.0841 
8600 0.0841 0.0841 
8800 0.0841 0.0841 
9000 0.0841 0.0841 
9200 0.0841 0.0841 
9400 0.0841 0.0841 
9600 0.0841 0.0841 
9800 0.0841 0.0841 
10000 0.0841 0.0841 
10200 0.0841 0.0841 
10400 0.0841 0.0841 
10600 0.0841 0.0841 
10800 0.0841 0.0841 
11000 0.0841 0.0841 
11200 0.0841 0.0841 
11400 0.0841 0.0841 
11600 0.0841 0.0841 
11800 0.0841 0.0841 
12000 0.0841 0.0841 
12200 0.0841 0.0841 
12400 0.0841 0.0841 
12600 0.0841 0.0841 
12800 0.0841 0.0841 
13000 0.0841 0.0841 
13200 0.0841 0.0841 
13400 0.0841 0.0841 
13600 0.0841 0.0841 
13800 0.0841 0.0841 
14000 0.0681 0.0681 
14200 0.0681 0.0681 
14400 0.0681 0.0681 
14600 0.0645 0.0645 
14800 0.0645 0.0645 
15000 0.0645 0.0645 
15200 0.0645 0.0645 
15400 0.0645 0.0645 
15600 0.0645 0.0645 
15800 0.0645 0.0645 
16000 0.0645 0.0645 
16200 0.0645 0.0645 
16400 0.0645 0.0645 
16600 0.0599 0.0599 
16800 0.0599 0.0599 
17000 0.0249 0.0249 
17200 0.0249 0.0249 
17400 0.0249 0.0249 
17600 0.0247 0.0247 
17800 0.0247 0.0247 
18000 0.0247 0.0247 
18200 0.0247 0.0247 
18400 0.0247 0.0247 
18600 0.0247 0.0247 
18800 0.0247 0.0247 
19000 0.0247 0.0247 
19200 0.0247 0.0247 
19400 0.0114 0.0114 
19600 0.0114 0.0114 
19800 0.0114 0.0114 
20000 0.0114 0.0114 
20200 0.0114 0.0114 
20400 0.0042 0.0042 
20600 0.0042 0.0042 
20800 0.0042 0.0042 
21000 0.0042 0.0042 
21200 0.0042 0.0042 
21400 0.0042 0.0042 
21600 0.0042 0.0042 
21800 0.0042 0.0042 
22000 0.0042 0.0042 
22200 0.0042 0.0042 
22400 0.0042 0.0042 
22600 0.0042 0.0042 
22800 0.0042 0.0042 
23000 0.0042 0.0042 
23200 0.0042 0.0042 
23400 0.0042 0.0042 
23600 0.0042 0.0042 
23800 0.0042 0.0042 
24000 0.0042 0.0042 
24200 0.0042 0.0042 
24400 0.0042 0.0042 
24600 0.0042 0.0042 
24800 0.0042 0.0042 
25000 0.0042 0.0042 
25200 0.0042 0.0042 
25400 0.0042 0.0042 
25600 0.0042 0.0042 
25800 0.0042 0.0042 
26000 0.0042 0.0042 
26200 0.0042 0.0042 
26400 0.0042 0.0042 
26600 0.0042 0.0042 
26800 0.0042 0.0042 
27000 0.0042 0.0042 
27200 0.0042 0.0042 
27400 0.0042 0.0042 
27600 0.0042 0.0042 
27800 0.0042 0.0042 
28000 0.0042 0.0042 
28200 0.0042 0.0042 
28400 0.0042 0.0042 
28600 0.0042 0.0042 
28800 0.0042 0.0042 
29000 0.0042 0.0042 
29200 0.0042 0.0042 
29400 0.0042 0.0042 
29600 0.0042 0.0042 
29800 0.0042 0.0042 
30000 0.0042 0.0042 
30200 0.0042 0.0042 
30400 0.0042 0.0042 
30600 0.0042 0.0042 
30800 0.0042 0.0042 
31000 0.0042 0.0042 
31200 0.0042 0.0042 
31400 0.0042 0.0042 
31600 0.0042 0.0042 
31800 0.0042 0.0042 
32000 0.0042 0.0042 
32200 0.0040 0.0040 
32400 0.0040 0.0040 
32600 0.0040 0.0040 
32800 0.0040 0.0040 
33000 0.0040 0.0040 
33200 0.0040 0.0040 
33400 0.0040 0.0040 
33600 0.0040 0.0040 
33800 0.0040 0.0040 
34000 0.0040 0.0040 
34200 0.0040 0.0040 
34400 0.0040 0.0040 
34600 0.0040 0.0040 
34800 0.0040 0.0040 
35000 0.0040 0.0040 
35200 0.0040 0.0040 
35400 0.0040 0.0040 
35600 0.0039 0.0039 
35800 0.0039 0.0039 
36000 0.0039 0.0039 
36200 0.0039 0.0039 
36400 0.0039 0.0039 
36600 0.0039 0.0039 
36800 0.0037 0.0037 
37000 0.0037 0.0037 
37200 0.0037 0.0037 
37400 0.0037 0.0037 
37600 0.0037 0.0037 
37800 0.0037 0.0037 
38000 0.0037 0.0037 
38200 0.0037 0.0037 
38400 0.0037 0.0037 
38600 0.0037 0.0037 
38800 0.0037 0.0037 
39000 0.0037 0.0037 
39200 0.0037 0.0037 
39400 0.0037 0.0037 
39600 0.0037 0.0037 
39800 0.0037 0.0037 
40000 0.0037 0.0037 
40200 0.0037 0.0037 
40400 0.0037 0.0037 
40600 0.0037 0.0037 
40800 0.0037 0.0037 
41000 0.0037 0.0037 
41200 0.0037 0.0037 
41400 0.0037 0.0037 
41600 0.0037 0.0037 
41800 0.0037 0.0037 
42000 0.0037 0.0037 
42200 0.0037 0.0037 
42400 0.0037 0.0037 
42600 0.0037 0.0037 
42800 0.0037 0.0037 
43000 0.0037 0.0037 
43200 0.0037 0.0037 
43400 0.0037 0.0037 
43600 0.0037 0.0037 
43800 0.0037 0.0037 
44000 0.0037 0.0037 
44200 0.0037 0.0037 
44400 0.0037 0.0037 
44600 0.0037 0.0037 
44800 0.0037 0.0037 
45000 0.0037 0.0037 
45200 0.0037 0.0037 
45400 0.0037 0.0037 
45600 0.0037 0.0037 
45800 0.0037 0.0037 
46000 0.0037 0.0037 
46200 0.0037 0.0037 
46400 0.0037 0.0037 
46600 0.0037 0.0037 
46800 0.0037 0.0037 
47000 0.0037 0.0037 
47200 0.0037 0.0037 
47400 0.0037 0.0037 
47600 0.0037 0.0037 
47800 0.0037 0.0037 
48000 0.0037 0.0037 
48200 0.0037 0.0037 
48400 0.0037 0.0037 
48600 0.0037 0.0037 
48800 0.0037 0.0037 
49000 0.0037 0.0037 
49200 0.0037 0.0037 
49400 0.0037 0.0037 
49600 0.0037 0.0037 
49800 0.0037 0.0037 
50000 0.0037 0.0037 
50200 0.0037 0.0037 
50400 0.0037 0.0037 
50600 0.0037 0.0037 
50800 0.0037 0.0037 
51000 0.0037 0.0037 
51200 0.0037 0.0037 
51400 0.0037 0.0037 
51600 0.0037 0.0037 
51800 0.0037 0.0037 
52000 0.0037 0.0037 
52200 0.0037 0.0037 
52400 0.0037 0.0037 
52600 0.0037 0.0037 
52800 0.0037 0.0037 
53000 0.0037 0.0037 
53200 0.0037 0.0037 
53400 0.0037 0.0037 
53600 0.0037 0.0037 
53800 0.0037 0.0037 
54000 0.0037 0.0037 
54200 0.0037 0.0037 
54400 0.0037 0.0037 
54600 0.0037 0.0037 
54800 0.0037 0.0037 
55000 0.0033 0.0033 
55200 0.0033 0.0033 
55400 0.0033 0.0033 
55600 0.0033 0.0033 
55800 0.0033 0.0033 
56000 0.0033 0.0033 
56200 0.0033 0.0033 
56400 0.0033 0.0033 
56600 0.0033 0.0033 
56800 0.0033 0.0033 
57000 0.0033 0.0033 
57200 0.0033 0.0033 
57400 0.0033 0.0033 
57600 0.0033 0.0033 
57800 0.0033 0.0033 
58000 0.0033 0.0033 
58200 0.0033 0.0033 
58400 0.0033 0.0033 
58600 0.0033 0.0033 
58800 0.0033 0.0033 
59000 0.0033 0.0033 
59200 0.0033 0.0033 
59400 0.0033 0.0033 
59600 0.0033 0.0033 
59800 0.0033 0.0033 
60000 0.0033 0.0033 
60200 0.0033 0.0033 
60400 0.0033 0.0033 
60600 0.0033 0.0033 
60800 0.0033 0.0033 
61000 0.0033 0.0033 
61200 0.0033 0.0033 
61400 0.0033 0.0033 
61600 0.0033 0.0033 
61800 0.0033 0.0033 
62000 0.0033 0.0033 
62200 0.0033 0.0033 
62400 0.0033 0.0033 
62600 0.0033 0.0033 
62800 0.0033 0.0033 
63000 0.0033 0.0033 
63200 0.0033 0.0033 
63400 0.0033 0.0033 
63600 0.0033 0.0033 
63800 0.0033 0.0033 
64000 0.0033 0.0033 
64200 0.0031 0.0031 
64400 0.0031 0.0031 
64600 0.0031 0.0031 
64800 0.0031 0.0031 
65000 0.0031 0.0031 
65200 0.0031 0.0031 
65400 0.0031 0.0031 
65600 0.0031 0.0031 
65800 0.0031 0.0031 
66000 0.0031 0.0031 
66200 0.0031 0.0031 
66400 0.0031 0.0031 
66600 0.0031 0.0031 
66800 0.0031 0.0031 
67000 0.0031 0.0031 
67200 0.0031 0.0031 
67400 0.0031 0.0031 
67600 0.0031 0.0031 
67800 0.0031 0.0031 
68000 0.0031 0.0031 
68200 0.0031 0.0031 
68400 0.0031 0.0031 
68600 0.0031 0.0031 
68800 0.0031 0.0031 
69000 0.0024 0.0024 
69200 0.0024 0.0024 
69400 0.0024 0.0024 
69600 0.0024 0.0024 
69800 0.0024 0.0024 
70000 0.0024 0.0024 
70200 0.0024 0.0024 
70400 0.0024 0.0024 
70600 0.0024 0.0024 
70800 0.0024 0.0024 
71000 0.0024 0.0024 
71200 0.0024 0.0024 
71400 0.0024 0.0024 
71600 0.0024 0.0024 
71800 0.0024 0.0024 
72000 0.0024 0.0024 
72200 0.0024 0.0024 
72400 0.0024 0.0024 
72600 0.0024 0.0024 
72800 0.0024 0.0024 
73000 0.0024 0.0024 
73200 0.0024 0.0024 
73400 0.0024 0.0024 
73600 0.0024 0.0024 
73800 0.0024 0.0024 
74000 0.0024 0.0024 
74200 0.0024 0.0024 
74400 0.0024 0.0024 
74600 0.0024 0.0024 
74800 0.0024 0.0024 
75000 0.0019 0.0019 
75200 0.0019 0.0019 
75400 0.0019 0.0019 
75600 0.0019 0.0019 
75800 0.0019 0.0019 
76000 0.0019 0.0019 
76200 0.0019 0.0019 
76400 0.0019 0.0019 
76600 0.0019 0.0019 
76800 0.0019 0.0019 
77000 0.0019 0.0019 
77200 0.0019 0.0019 
77400 0.0019 0.0019 
77600 0.0019 0.0019 
77800 0.0019 0.0019 
78000 0.0019 0.0019 
78200 0.0019 0.0019 
78400 0.0019 0.0019 
78600 0.0019 0.0019 
78800 0.0019 0.0019 
79000 0.0019 0.0019 
79200 0.0019 0.0019 
79400 0.0019 0.0019 
79600 0.0019 0.0019 
79800 0.0019 0.0019 
80000 0.0019 0.0019 
80200 0.0019 0.0019 
80400 0.0019 0.0019 
80600 0.0019 0.0019 
80800 0.0019 0.0019 
81000 0.0019 0.0019 
81200 0.0019 0.0019 
81400 0.0019 0.0019 
81600 0.0019 0.0019 
81800 0.0019 0.0019 
82000 0.0019 0.0019 
82200 0.0019 0.0019 
82400 0.0019 0.0019 
82600 0.0019 0.0019 
82800 0.0019 0.0019 
83000 0.0019 0.0019 
83200 0.0019 0.0019 
83400 0.0019 0.0019 
83600 0.0019 0.0019 
83800 0.0019 0.0019 
84000 0.0019 0.0019 
84200 0.0019 0.0019 
84400 0.0019 0.0019 
84600 0.0019 0.0019 
84800 0.0019 0.0019 
85000 0.0019 0.0019 
85200 0.0019 0.0019 
85400 0.0019 0.0019 
85600 0.0019 0.0019 
85800 0.0019 0.0019 
86000 0.0019 0.0019 
86200 0.0019 0.0019 
86400 0.0019 0.0019 
86600 0.0019 0.0019 
86800 0.0019 0.0019 
87000 0.0019 0.0019 
87200 0.0019 0.0019 
87400 0.0019 0.0019 
87600 0.0019 0.0019 
87800 0.0019 0.0019 
88000 0.0019 0.0019 
88200 0.0019 0.0019 
88400 0.0019 0.0019 
88600 0.0019 0.0019 
88800 0.0019 0.0019 
89000 0.0019 0.0019 
89200 0.0019 0.0019 
89400 0.0019 0.0019 
89600 0.0019 0.0019 
89800 0.0019 0.0019 
90000 0.0019 0.0019 
90200 0.0019 0.0019 
90400 0.0019 0.0019 
90600 0.0019 0.0019 
90800 0.0019 0.0019 
91000 0.0019 0.0019 
91200 0.0019 0.0019 
91400 0.0019 0.0019 
91600 0.0019 0.0019 
91800 0.0019 0.0019 
92000 0.0019 0.0019 
92200 0.0019 0.0019 
92400 0.0019 0.0019 
92600 0.0019 0.0019 
92800 0.0019 0.0019 
93000 0.0019 0.0019 
93200 0.0019 0.0019 
93400 0.0019 0.0019 
93600 0.0019 0.0019 
93800 0.0019 0.0019 
94000 0.0019 0.0019 
94200 0.0019 0.0019 
94400 0.0019 0.0019 
94600 0.0019 0.0019 
94800 0.0019 0.0019 
95000 0.0019 0.0019 
95200 0.0019 0.0019 
95400 0.0019 0.0019 
95600 0.0019 0.0019 
95800 0.0019 0.0019 
96000 0.0019 0.0019 
96200 0.0019 0.0019 
96400 0.0019 0.0019 
96600 0.0019 0.0019 
96800 0.0019 0.0019 
97000 0.0019 0.0019 
97200 0.0019 0.0019 
97400 0.0019 0.0019 
97600 0.0019 0.0019 
97800 0.0019 0.0019 
98000 0.0019 0.0019 
98200 0.0019 0.0019 
98400 0.0019 0.0019 
98600 0.0019 0.0019 
98800 0.0019 0.0019 
99000 0.0019 0.0019 
99200 0.0019 0.0019 
99400 0.0019 0.0019 
99600 0.0019 0.0019 
99800 0.0019 0.0019 
100000 0.0019 0.0019 
100200 0.0019 0.0019 
100400 0.0019 0.0019 
100600 0.0019 0.0019 
100800 0.0019 0.0019 
101000 0.0019 0.0019 
101200 0.0019 0.0019 
101400 0.0019 0.0019 
101600 0.0019 0.0019 
101800 0.0019 0.0019 
102000 0.0019 0.0019 
102200 0.0019 0.0019 
102400 0.0019 0.0019 
102600 0.0019 0.0019 
102800 0.0019 0.0019 
103000 0.0019 0.0019 
103200 0.0019 0.0019 
103400 0.0019 0.0019 
103600 0.0019 0.0019 
103800 0.0019 0.0019 
104000 0.0019 0.0019 
104200 0.0019 0.0019 
104400 0.0019 0.0019 
104600 0.0019 0.0019 
104800 0.0019 0.0019 
105000 0.0019 0.0019 
105200 0.0019 0.0019 
105400 0.0019 0.0019 
105600 0.0019 0.0019 
105800 0.0019 0.0019 
106000 0.0019 0.0019 
106200 0.0019 0.0019 
106400 0.0019 0.0019 
106600 0.0019 0.0019 
106800 0.0019 0.0019 
107000 0.0019 0.0019 
107200 0.0019 0.0019 
107400 0.0019 0.0019 
107600 0.0019 0.0019 
107800 0.0019 0.0019 
108000 0.0019 0.0019 
108200 0.0019 0.0019 
108400 0.0019 0.0019 
108600 0.0019 0.0019 
108800 0.0019 0.0019 
109000 0.0019 0.0019 
109200 0.0019 0.0019 
109400 0.0019 0.0019 
109600 0.0019 0.0019 
109800 0.0019 0.0019 
110000 0.0019 0.0019 
110200 0.0019 0.0019 
110400 0.0019 0.0019 
110600 0.0019 0.0019 
110800 0.0019 0.0019 
111000 0.0019 0.0019 
111200 0.0019 0.0019 
111400 0.0019 0.0019 
111600 0.0019 0.0019 
111800 0.0019 0.0019 
112000 0.0019 0.0019 
112200 0.0019 0.0019 
112400 0.0019 0.0019 
112600 0.0019 0.0019 
112800 0.0019 0.0019 
113000 0.0019 0.0019 
113200 0.0019 0.0019 
113400 0.0019 0.0019 
113600 0.0019 0.0019 
113800 0.0019 0.0019 
114000 0.0019 0.0019 
114200 0.0019 0.0019 
114400 0.0019 0.0019 
114600 0.0019 0.0019 
114800 0.0019 0.0019 
115000 0.0019 0.0019 
115200 0.0019 0.0019 
115400 0.0019 0.0019 
115600 0.0019 0.0019 
115800 0.0019 0.0019 
116000 0.0019 0.0019 
116200 0.0019 0.0019 
116400 0.0019 0.0019 
116600 0.0019 0.0019 
116800 0.0019 0.0019 
117000 0.0019 0.0019 
117200 0.0019 0.0019 
117400 0.0019 0.0019 
117600 0.0019 0.0019 
117800 0.0019 0.0019 
118000 0.0019 0.0019 
118200 0.0019 0.0019 
118400 0.0019 0.0019 
118600 0.0019 0.0019 
118800 0.0019 0.0019 
119000 0.0019 0.0019 
119200 0.0019 0.0019 
119400 0.0019 0.0019 
119600 0.0019 0.0019 
119800 0.0019 0.0019 
120000 0.0019 0.0019 
120200 0.0019 0.0019 
120400 0.0019 0.0019 
120600 0.0019 0.0019 
120800 0.0019 0.0019 
121000 0.0019 0.0019 
121200 0.0019 0.0019 
121400 0.0019 0.0019 
121600 0.0019 0.0019 
121800 0.0019 0.0019 
122000 0.0019 0.0019 
122200 0.0019 0.0019 
122400 0.0019 0.0019 
122600 0.0019 0.0019 
122800 0.0019 0.0019 
123000 0.0019 0.0019 
123200 0.0019 0.0019 
123400 0.0019 0.0019 
123600 0.0019 0.0019 
123800 0.0019 0.0019 
124000 0.0019 0.0019 
124200 0.0019 0.0019 
124400 0.0019 0.0019 
124600 0.0019 0.0019 
124800 0.0019 0.0019 
125000 0.0019 0.0019 
125200 0.0019 0.0019 
125400 0.0019 0.0019 
125600 0.0019 0.0019 
125800 0.0019 0.0019 
126000 0.0019 0.0019 
126200 0.0019 0.0019 
126400 0.0019 0.0019 
126600 0.0019 0.0019 
126800 0.0019 0.0019 
127000 0.0019 0.0019 
127200 0.0019 0.0019 
127400 0.0019 0.0019 
127600 0.0019 0.0019 
127800 0.0019 0.0019 
128000 0.0019 0.0019 
128200 0.0019 0.0019 
128400 0.0019 0.0019 
128600 0.0019 0.0019 
128800 0.0019 0.0019 
129000 0.0019 0.0019 
129200 0.0019 0.0019 
129400 0.0019 0.0019 
129600 0.0019 0.0019 
129800 0.0019 0.0019 
130000 0.0019 0.0019 
130200 0.0019 0.0019 
130400 0.0019 0.0019 
130600 0.0019 0.0019 
130800 0.0019 0.0019 
131000 0.0019 0.0019 
131200 0.0019 0.0019 
131400 0.0019 0.0019 
131600 0.0019 0.0019 
131800 0.0019 0.0019 
132000 0.0019 0.0019 
132200 0.0019 0.0019 
132400 0.0019 0.0019 
132600 0.0019 0.0019 
132800 0.0019 0.0019 
133000 0.0019 0.0019 
133200 0.0019 0.0019 
133400 0.0019 0.0019 
133600 0.0019 0.0019 
133800 0.0019 0.0019 
134000 0.0019 0.0019 
134200 0.0019 0.0019 
134400 0.0019 0.0019 
134600 0.0019 0.0019 
134800 0.0019 0.0019 
135000 0.0019 0.0019 
135200 0.0019 0.0019 
135400 0.0019 0.0019 
135600 0.0019 0.0019 
135800 0.0019 0.0019 
136000 0.0019 0.0019 
136200 0.0019 0.0019 
136400 0.0019 0.0019 
136600 0.0019 0.0019 
136800 0.0019 0.0019 
137000 0.0019 0.0019 
137200 0.0019 0.0019 
137400 0.0019 0.0019 
137600 0.0019 0.0019 
137800 0.0019 0.0019 
138000 0.0019 0.0019 
138200 0.0019 0.0019 
138400 0.0019 0.0019 
138600 0.0019 0.0019 
138800 0.0019 0.0019 
139000 0.0019 0.0019 
139200 0.0019 0.0019 
139400 0.0019 0.0019 
139600 0.0019 0.0019 
139800 0.0019 0.0019 
140000 0.0019 0.0019 
140200 0.0019 0.0019 
140400 0.0019 0.0019 
140600 0.0019 0.0019 
140800 0.0019 0.0019 
141000 0.0019 0.0019 
141200 0.0019 0.0019 
141400 0.0019 0.0019 
141600 0.0019 0.0019 
141800 0.0019 0.0019 
142000 0.0019 0.0019 
142200 0.0019 0.0019 
142400 0.0019 0.0019 
142600 0.0019 0.0019 
142800 0.0019 0.0019 
143000 0.0019 0.0019 
143200 0.0019 0.0019 
143400 0.0019 0.0019 
143600 0.0019 0.0019 
143800 0.0019 0.0019 
144000 0.0019 0.0019 
144200 0.0019 0.0019 
144400 0.0019 0.0019 
144600 0.0019 0.0019 
144800 0.0019 0.0019 
145000 0.0019 0.0019 
145200 0.0019 0.0019 
145400 0.0019 0.0019 
145600 0.0019 0.0019 
145800 0.0019 0.0019 
146000 0.0019 0.0019 
146200 0.0019 0.0019 
146400 0.0019 0.0019 
146600 0.0019 0.0019 
146800 0.0019 0.0019 
147000 0.0019 0.0019 
147200 0.0019 0.0019 
147400 0.0019 0.0019 
147600 0.0019 0.0019 
147800 0.0019 0.0019 
148000 0.0019 0.0019 
148200 0.0019 0.0019 
148400 0.0019 0.0019 
148600 0.0019 0.0019 
148800 0.0019 0.0019 
149000 0.0019 0.0019 
149200 0.0019 0.0019 
149400 0.0019 0.0019 
149600 0.0019 0.0019 
149800 0.0019 0.0019 
150000 0.0019 0.0019 
150200 0.0019 0.0019 
150400 0.0019 0.0019 
150600 0.0019 0.0019 
150800 0.0019 0.0019 
151000 0.0019 0.0019 
151200 0.0019 0.0019 
151400 0.0019 0.0019 
151600 0.0019 0.0019 
151800 0.0019 0.0019 
152000 0.0019 0.0019 
152200 0.0019 0.0019 
152400 0.0019 0.0019 
152600 0.0019 0.0019 
152800 0.0019 0.0019 
153000 0.0019 0.0019 
153200 0.0019 0.0019 
153400 0.0019 0.0019 
153600 0.0019 0.0019 
153800 0.0019 0.0019 
154000 0.0019 0.0019 
154200 0.0019 0.0019 
154400 0.0019 0.0019 
154600 0.0019 0.0019 
154800 0.0019 0.0019 
155000 0.0019 0.0019 
155200 0.0019 0.0019 
155400 0.0019 0.0019 
155600 0.0019 0.0019 
155800 0.0019 0.0019 
156000 0.0019 0.0019 
156200 0.0019 0.0019 
156400 0.0019 0.0019 
156600 0.0019 0.0019 
156800 0.0019 0.0019 
157000 0.0019 0.0019 
157200 0.0019 0.0019 
157400 0.0019 0.0019 
157600 0.0019 0.0019 
157800 0.0019 0.0019 
158000 0.0019 0.0019 
158200 0.0019 0.0019 
158400 0.0019 0.0019 
158600 0.0019 0.0019 
158800 0.0019 0.0019 
159000 0.0019 0.0019 
159200 0.0019 0.0019 
159400 0.0019 0.0019 
159600 0.0019 0.0019 
159800 0.0019 0.0019 
160000 0.0019 0.0019 
160200 0.0019 0.0019 
160400 0.0019 0.0019 
160600 0.0019 0.0019 
160800 0.0019 0.0019 
161000 0.0019 0.0019 
161200 0.0019 0.0019 
161400 0.0019 0.0019 
161600 0.0019 0.0019 
161800 0.0019 0.0019 
162000 0.0019 0.0019 
162200 0.0019 0.0019 
162400 0.0019 0.0019 
162600 0.0019 0.0019 
162800 0.0019 0.0019 
163000 0.0019 0.0019 
163200 0.0019 0.0019 
163400 0.0019 0.0019 
163600 0.0019 0.0019 
163800 0.0019 0.0019 
164000 0.0019 0.0019 
164200 0.0019 0.0019 
164400 0.0019 0.0019 
164600 0.0019 0.0019 
164800 0.0019 0.0019 
165000 0.0019 0.0019 
165200 0.0019 0.0019 
165400 0.0019 0.0019 
165600 0.0019 0.0019 
165800 0.0019 0.0019 
166000 0.0019 0.0019 
166200 0.0019 0.0019 
166400 0.0019 0.0019 
166600 0.0019 0.0019 
166800 0.0019 0.0019 
167000 0.0019 0.0019 
167200 0.0019 0.0019 
167400 0.0019 0.0019 
167600 0.0019 0.0019 
167800 0.0019 0.0019 
168000 0.0019 0.0019 
168200 0.0019 0.0019 
168400 0.0019 0.0019 
168600 0.0019 0.0019 
168800 0.0019 0.0019 
169000 0.0019 0.0019 
169200 0.0019 0.0019 
169400 0.0019 0.0019 
169600 0.0019 0.0019 
169800 0.0019 0.0019 
170000 0.0019 0.0019 
170200 0.0019 0.0019 
170400 0.0019 0.0019 
170600 0.0019 0.0019 
170800 0.0019 0.0019 
171000 0.0019 0.0019 
171200 0.0019 0.0019 
171400 0.0019 0.0019 
171600 0.0019 0.0019 
171800 0.0019 0.0019 
172000 0.0019 0.0019 
172200 0.0019 0.0019 
172400 0.0019 0.0019 
172600 0.0019 0.0019 
172800 0.0019 0.0019 
173000 0.0019 0.0019 
173200 0.0019 0.0019 
173400 0.0019 0.0019 
173600 0.0019 0.0019 
173800 0.0019 0.0019 
174000 0.0019 0.0019 
174200 0.0019 0.0019 
174400 0.0019 0.0019 
174600 0.0019 0.0019 
174800 0.0019 0.0019 
175000 0.0019 0.0019 
175200 0.0019 0.0019 
175400 0.0019 0.0019 
175600 0.0019 0.0019 
175800 0.0019 0.0019 
176000 0.0019 0.0019 
176200 0.0019 0.0019 
176400 0.0019 0.0019 
176600 0.0019 0.0019 
176800 0.0019 0.0019 
177000 0.0019 0.0019 
177200 0.0019 0.0019 
177400 0.0019 0.0019 
177600 0.0019 0.0019 
177800 0.0019 0.0019 
178000 0.0019 0.0019 
178200 0.0019 0.0019 
178400 0.0019 0.0019 
178600 0.0019 0.0019 
178800 0.0019 0.0019 
179000 0.0019 0.0019 
179200 0.0019 0.0019 
179400 0.0019 0.0019 
179600 0.0019 0.0019 
179800 0.0019 0.0019 
180000 0.0019 0.0019 
180200 0.0019 0.0019 
180400 0.0019 0.0019 
180600 0.0019 0.0019 
180800 0.0019 0.0019 
181000 0.0019 0.0019 
181200 0.0019 0.0019 
181400 0.0019 0.0019 
181600 0.0019 0.0019 
181800 0.0019 0.0019 
182000 0.0019 0.0019 
182200 0.0019 0.0019 
182400 0.0019 0.0019 
182600 0.0019 0.0019 
182800 0.0019 0.0019 
183000 0.0019 0.0019 
183200 0.0019 0.0019 
183400 0.0019 0.0019 
183600 0.0019 0.0019 
183800 0.0019 0.0019 
184000 0.0019 0.0019 
184200 0.0019 0.0019 
184400 0.0019 0.0019 
184600 0.0019 0.0019 
184800 0.0019 0.0019 
185000 0.0019 0.0019 
185200 0.0019 0.0019 
185400 0.0019 0.0019 
185600 0.0019 0.0019 
185800 0.0019 0.0019 
186000 0.0019 0.0019 
186200 0.0019 0.0019 
186400 0.0019 0.0019 
186600 0.0019 0.0019 
186800 0.0019 0.0019 
187000 0.0019 0.0019 
187200 0.0019 0.0019 
187400 0.0019 0.0019 
187600 0.0019 0.0019 
187800 0.0019 0.0019 
188000 0.0019 0.0019 
188200 0.0019 0.0019 
188400 0.0019 0.0019 
188600 0.0019 0.0019 
188800 0.0019 0.0019 
189000 0.0019 0.0019 
189200 0.0019 0.0019 
189400 0.0019 0.0019 
189600 0.0019 0.0019 
189800 0.0019 0.0019 
190000 0.0019 0.0019 
190200 0.0019 0.0019 
190400 0.0019 0.0019 
190600 0.0019 0.0019 
190800 0.0019 0.0019 
191000 0.0019 0.0019 
191200 0.0019 0.0019 
191400 0.0019 0.0019 
191600 0.0019 0.0019 
191800 0.0019 0.0019 
192000 0.0019 0.0019 
192200 0.0019 0.0019 
192400 0.0019 0.0019 
192600 0.0019 0.0019 
192800 0.0019 0.0019 
193000 0.0019 0.0019 
193200 0.0019 0.0019 
193400 0.0019 0.0019 
193600 0.0019 0.0019 
193800 0.0019 0.0019 
194000 0.0019 0.0019 
194200 0.0019 0.0019 
194400 0.0019 0.0019 
194600 0.0019 0.0019 
194800 0.0019 0.0019 
195000 0.0019 0.0019 
195200 0.0019 0.0019 
195400 0.0019 0.0019 
195600 0.0019 0.0019 
195800 0.0019 0.0019 
196000 0.0019 0.0019 
196200 0.0019 0.0019 
196400 0.0019 0.0019 
196600 0.0019 0.0019 
196800 0.0019 0.0019 
197000 0.0019 0.0019 
197200 0.0019 0.0019 
197400 0.0019 0.0019 
197600 0.0019 0.0019 
197800 0.0019 0.0019 
198000 0.0019 0.0019 
198200 0.0019 0.0019 
198400 0.0019 0.0019 
198600 0.0019 0.0019 
198800 0.0019 0.0019 
199000 0.0019 0.0019 
199200 0.0019 0.0019 
199400 0.0019 0.0019 
199600 0.0019 0.0019 
199800 0.0019 0.0019 
200000 0.0019 0.0019 
200200 0.0019 0.0019 
200400 0.0019 0.0019 
200600 0.0019 0.0019 
200800 0.0019 0.0019 
201000 0.0019 0.0019 
201200 0.0019 0.0019 
201400 0.0019 0.0019 
201600 0.0019 0.0019 
201800 0.0019 0.0019 
202000 0.0019 0.0019 
202200 0.0019 0.0019 
202400 0.0019 0.0019 
202600 0.0019 0.0019 
202800 0.0019 0.0019 
203000 0.0019 0.0019 
203200 0.0019 0.0019 
203400 0.0019 0.0019 
203600 0.0019 0.0019 
203800 0.0019 0.0019 
204000 0.0019 0.0019 
204200 0.0019 0.0019 
204400 0.0019 0.0019 
204600 0.0019 0.0019 
204800 0.0019 0.0019 
205000 0.0019 0.0019 
205200 0.0019 0.0019 
205400 0.0019 0.0019 
205600 0.0019 0.0019 
205800 0.0019 0.0019 
206000 0.0019 0.0019 
206200 0.0019 0.0019 
206400 0.0019 0.0019 
206600 0.0019 0.0019 
206800 0.0019 0.0019 
207000 0.0019 0.0019 
207200 0.0019 0.0019 
207400 0.0019 0.0019 
207600 0.0019 0.0019 
207800 0.0019 0.0019 
208000 0.0019 0.0019 
208200 0.0019 0.0019 
208400 0.0019 0.0019 
208600 0.0019 0.0019 
208800 0.0019 0.0019 
209000 0.0019 0.0019 
209200 0.0019 0.0019 
209400 0.0019 0.0019 
209600 0.0019 0.0019 
209800 0.0019 0.0019 
210000 0.0019 0.0019 
210200 0.0019 0.0019 
210400 0.0019 0.0019 
210600 0.0019 0.0019 
210800 0.0019 0.0019 
211000 0.0019 0.0019 
211200 0.0019 0.0019 
211400 0.0019 0.0019 
211600 0.0019 0.0019 
211800 0.0019 0.0019 
212000 0.0019 0.0019 
212200 0.0019 0.0019 
212400 0.0019 0.0019 
212600 0.0019 0.0019 
212800 0.0019 0.0019 
213000 0.0019 0.0019 
213200 0.0019 0.0019 
213400 0.0019 0.0019 
213600 0.0019 0.0019 
213800 0.0019 0.0019 
214000 0.0019 0.0019 
214200 0.0019 0.0019 
214400 0.0019 0.0019 
214600 0.0019 0.0019 
214800 0.0019 0.0019 
215000 0.0019 0.0019 
215200 0.0019 0.0019 
215400 0.0019 0.0019 
215600 0.0019 0.0019 
215800 0.0019 0.0019 
216000 0.0019 0.0019 
216200 0.0019 0.0019 
216400 0.0019 0.0019 
216600 0.0019 0.0019 
216800 0.0019 0.0019 
217000 0.0019 0.0019 
217200 0.0019 0.0019 
217400 0.0019 0.0019 
217600 0.0019 0.0019 
217800 0.0019 0.0019 
218000 0.0019 0.0019 
218200 0.0019 0.0019 
218400 0.0019 0.0019 
218600 0.0019 0.0019 
218800 0.0019 0.0019 
219000 0.0019 0.0019 
219200 0.0019 0.0019 
219400 0.0019 0.0019 
219600 0.0019 0.0019 
219800 0.0019 0.0019 
220000 0.0019 0.0019 
220200 0.0019 0.0019 
220400 0.0019 0.0019 
220600 0.0019 0.0019 
220800 0.0019 0.0019 
221000 0.0019 0.0019 
221200 0.0019 0.0019 
221400 0.0019 0.0019 
221600 0.0019 0.0019 
221800 0.0019 0.0019 
222000 0.0019 0.0019 
